<  File:  NWLgMamm.txt   Species:  126 Sites:   49 MatFill: 0.10 Occ:    597 5.000% Confidence limit  Index: c Model: fixed - fixed                      
 
#    No             Sp1                Sp2     S1  S2 Com  Obs.Score  Exp.Score  Exp.StDev   Skewness    LowerCL    UpperCL SigZ-Score      Alpha >MeanScore   >CLScore   >BJScore      Alpha
#     1 "Dasypus_novemcin" "Leopardus_pardal"  31  26  21      0.062      0.162      0.051      0.303      0.082      0.253      -1.95 0.05042523       0.00       0.00       0.00 1.00000000
#     2 "Dasypus_novemcin" "Pecari_tajacu"     31  22  18      0.076      0.190      0.059      0.457      0.103      0.323      -1.93 0.05291742       0.00       0.00       0.00 1.00000000
#     5 "Dasypus_novemcin" "Cuniculus_paca"    31  19  17      0.048      0.219      0.068      0.551      0.109      0.374      -2.53 0.01132429       0.00       0.00       0.00 1.00000000
#     6 "Dasypus_novemcin" "Cerdocyon_thous"   31  17  15      0.061      0.222      0.078      0.402      0.097      0.393      -2.08 0.03744066       0.00       0.00       0.00 1.00000000
#     8 "Dasypus_novemcin" "Canis_latrans"     31  16   6      0.504      0.235      0.082      0.329      0.109      0.435       3.29 0.00094861       0.00       0.00       2.60 0.00905793
#    10 "Dasypus_novemcin" "Procyon_cancrivo"  31  14  13      0.041      0.262      0.098      0.178      0.088      0.461      -2.25 0.02415514      -2.25      -2.25       0.00 1.00000000
#    19 "Dasypus_novemcin" "Lynx_rufus"        31  10   1      0.871      0.273      0.117      0.606      0.071      0.523       5.12 0.00000030       0.00       0.00       4.67 0.00000285
#    21 "Dasypus_novemcin" "Tamandua_tetrada"  31   9   9      0.000      0.273      0.132      0.410      0.082      0.484      -2.07 0.03826922       0.00       0.00       0.00 1.00000000
#    37 "Dasypus_novemcin" "Sciurus_caroline"  31   5   0      1.000      0.321      0.215      0.518      0.000      0.774       3.16 0.00151789       3.16       3.16       2.44 0.01449383
#    39 "Dasypus_novemcin" "Tamias_striatus"   31   4   0      1.000      0.323      0.210      0.354      0.000      0.726       3.22 0.00122589       3.22       3.22       2.51 0.01170559
#    43 "Dasypus_novemcin" "Ursus_americanus"  31   4   0      1.000      0.300      0.204      0.555      0.000      0.726       3.43 0.00058597       3.43       3.43       2.76 0.00559526
#   126 "Leopardus_pardal" "Pecari_tajacu"     26  22  19      0.037      0.234      0.067      0.470      0.135      0.386      -2.95 0.00311905      -2.95       0.00      -2.17 0.02978276
#   127 "Leopardus_pardal" "Puma_concolor"     26  22  16      0.105      0.243      0.065      0.223      0.135      0.386      -2.11 0.03448129       0.00       0.00       0.00 1.00000000
#   128 "Leopardus_pardal" "Eira_barbara"      26  20  17      0.052      0.259      0.078      0.436      0.106      0.415      -2.67 0.00750774       0.00       0.00       0.00 1.00000000
#   129 "Leopardus_pardal" "Cuniculus_paca"    26  19  14      0.121      0.265      0.075      0.800      0.158      0.462      -1.91 0.05585539       0.00       0.00       0.00 1.00000000
#   138 "Leopardus_pardal" "Tapirus_terrestr"  26  12  10      0.103      0.328      0.115      0.514      0.163      0.564      -1.95 0.05061847       0.00       0.00       0.00 1.00000000
#   140 "Leopardus_pardal" "Panthera_onca"     26  11  10      0.056      0.343      0.129      0.368      0.119      0.643      -2.22 0.02613080       0.00       0.00       0.00 1.00000000
#   142 "Leopardus_pardal" "Puma_yagouaround"  26  10   9      0.065      0.361      0.142      0.356      0.138      0.619      -2.08 0.03700125       0.00       0.00       0.00 1.00000000
#   143 "Leopardus_pardal" "Lynx_rufus"        26  10   1      0.865      0.357      0.144      0.453      0.138      0.619       3.54 0.00038159       0.00       0.00       2.90 0.00364366
#   149 "Leopardus_pardal" "Nasua_narica"      26   8   8      0.000      0.380      0.165      0.315      0.091      0.692      -2.30 0.02101207       0.00       0.00       0.00 1.00000000
#   150 "Leopardus_pardal" "Didelphis_marsup"  26   8   8      0.000      0.350      0.141      0.356      0.091      0.692      -2.49 0.01271325       0.00       0.00       0.00 1.00000000
#   153 "Leopardus_pardal" "Dasyprocta_punct"  26   7   7      0.000      0.372      0.164      0.512      0.110      0.659      -2.27 0.02275425       0.00       0.00       0.00 1.00000000
#   158 "Leopardus_pardal" "Mephitis_mephiti"  26   5   0      1.000      0.416      0.199      0.348      0.169      0.769       2.93 0.00330776       2.93       2.93       2.15 0.03158467
#   161 "Leopardus_pardal" "Sciurus_caroline"  26   5   0      1.000      0.419      0.221      0.107      0.000      0.769       2.63 0.00830626       2.63       2.63       0.00 1.00000000
#   250 "Pecari_tajacu"    "Puma_concolor"     22  22  14      0.132      0.290      0.084      0.991      0.167      0.465      -1.87 0.06120020       0.00       0.00       0.00 1.00000000
#   252 "Pecari_tajacu"    "Cuniculus_paca"    22  19  13      0.129      0.318      0.096      0.333      0.167      0.498      -1.98 0.04753458       0.00       0.00       0.00 1.00000000
#   259 "Pecari_tajacu"    "Canis_lupus"       22  13   2      0.769      0.376      0.116      0.515      0.182      0.664       3.39 0.00066561       0.00       0.00       2.72 0.00635564
#   261 "Pecari_tajacu"    "Tapirus_terrestr"  22  12  11      0.042      0.393      0.122      0.261      0.212      0.648      -2.88 0.00387692      -2.88      -2.88      -2.08 0.03701943
#   262 "Pecari_tajacu"    "Leopardus_wiedii"  22  11   9      0.107      0.411      0.123      0.287      0.174      0.744      -2.47 0.01311117       0.00       0.00       0.00 1.00000000
#   263 "Pecari_tajacu"    "Panthera_onca"     22  11  11      0.000      0.412      0.143      0.276      0.174      0.744      -2.88 0.00391644       0.00       0.00      -2.08 0.03739677
#   271 "Pecari_tajacu"    "Myrmecophaga_tri"  22   8   7      0.085      0.442      0.160      0.212      0.182      0.835      -2.23 0.02525097      -2.23       0.00       0.00 1.00000000
#   272 "Pecari_tajacu"    "Nasua_narica"      22   8   8      0.000      0.432      0.160      0.087      0.182      0.682      -2.70 0.00681055       0.00       0.00       0.00 1.00000000
#   274 "Pecari_tajacu"    "Mazama_americana"  22   8   8      0.000      0.457      0.164      0.186      0.182      0.835      -2.78 0.00525749       0.00       0.00       0.00 1.00000000
#   385 "Puma_concolor"    "Panthera_onca"     22  11  10      0.050      0.400      0.150      0.195      0.174      0.628      -2.34 0.01923603      -2.34      -2.34       0.00 1.00000000
#   393 "Puma_concolor"    "Myrmecophaga_tri"  22   8   8      0.000      0.413      0.166      0.233      0.085      0.835      -2.49 0.01264632       0.00       0.00       0.00 1.00000000
#   497 "Eira_barbara"     "Odocoileus_virgi"  20  17   3      0.700      0.355      0.104      0.199      0.159      0.529       3.32 0.00086719       0.00       0.00       2.63 0.00828048
#   498 "Eira_barbara"     "Canis_latrans"     20  16   1      0.891      0.386      0.119      0.386      0.188      0.600       4.23 0.00002211       0.00       0.00       3.69 0.00021115
#   499 "Eira_barbara"     "Procyon_lotor"     20  14   1      0.882      0.401      0.130      0.430      0.196      0.668       3.71 0.00019449       0.00       0.00       3.10 0.00185712
#   500 "Eira_barbara"     "Procyon_cancrivo"  20  14  11      0.096      0.388      0.117      0.478      0.196      0.668      -2.49 0.01254058       0.00       0.00       0.00 1.00000000
#   501 "Eira_barbara"     "Nasua_nasua"       20  13  11      0.069      0.419      0.134      0.500      0.231      0.762      -2.60 0.00900441       0.00       0.00       0.00 1.00000000
#   503 "Eira_barbara"     "Sylvilagus_brasi"  20  12   9      0.138      0.418      0.123      0.227      0.200      0.637      -2.28 0.02224451       0.00       0.00       0.00 1.00000000
#   507 "Eira_barbara"     "Didelphis_virgin"  20  10   0      1.000      0.454      0.151      0.267      0.195      0.720       3.62 0.00027943       3.62       3.62       2.99 0.00266815
#   509 "Eira_barbara"     "Lynx_rufus"        20  10   0      1.000      0.426      0.148      0.344      0.195      0.720       3.88 0.00009900       3.88       3.88       3.30 0.00094535
#   512 "Eira_barbara"     "Sylvilagus_flori"  20   9   0      1.000      0.453      0.164      0.161      0.144      0.844       3.33 0.00082076       3.33       3.33       2.65 0.00783712
#   513 "Eira_barbara"     "Urocyon_cinereoa"  20   9   0      1.000      0.465      0.171      0.227      0.144      0.700       3.13 0.00168115       3.13       3.13       2.40 0.01605272
#   520 "Eira_barbara"     "Didelphis_aurita"  20   7   7      0.000      0.498      0.175      0.304      0.214      0.814      -2.85 0.00419700       0.00       0.00      -2.05 0.04007573
#   618 "Cuniculus_paca"   "Canis_latrans"     19  16   2      0.783      0.388      0.112      0.480      0.230      0.592       3.52 0.00041658       0.00       0.00       2.87 0.00397775
#   619 "Cuniculus_paca"   "Procyon_lotor"     19  14   2      0.767      0.402      0.129      0.505      0.188      0.662       2.82 0.00472659       0.00       0.00       2.00 0.04513258
#   621 "Cuniculus_paca"   "Nasua_nasua"       19  13   9      0.162      0.420      0.124      0.433      0.223      0.757      -2.08 0.03728580       0.00       0.00       0.00 1.00000000
#   627 "Cuniculus_paca"   "Didelphis_virgin"  19  10   0      1.000      0.482      0.152      0.483      0.274      0.853       3.42 0.00059867       3.42       3.42       2.76 0.00571649
#   629 "Cuniculus_paca"   "Lynx_rufus"        19  10   0      1.000      0.459      0.157      0.306      0.189      0.853       3.46 0.00052524       3.46       3.46       2.80 0.00501530
#   632 "Cuniculus_paca"   "Sylvilagus_flori"  19   9   0      1.000      0.480      0.164      0.304      0.228      0.842       3.17 0.00145257       3.17       3.17       2.45 0.01387005
#   637 "Cuniculus_paca"   "Mazama_americana"  19   8   7      0.079      0.489      0.164      0.427      0.171      0.829      -2.49 0.01242119      -2.49       0.00       0.00 1.00000000
#   647 "Cuniculus_paca"   "Sciurus_caroline"  19   5   0      1.000      0.525      0.190     -0.028      0.158      0.758       2.49 0.01238537       2.49       2.49       0.00 1.00000000
#   648 "Cuniculus_paca"   "Priodontes_maxim"  19   4   4      0.000      0.541      0.230     -0.033      0.211      1.000      -2.35 0.01855034       0.00       0.00       0.00 1.00000000
#   736 "Cerdocyon_thous"  "Odocoileus_virgi"  17  17   0      1.000      0.405      0.121      0.434      0.221      0.678       4.91 0.00000089       4.91       4.91       4.44 0.00000854
#   737 "Cerdocyon_thous"  "Canis_latrans"     17  16   0      1.000      0.411      0.124      0.588      0.206      0.669       4.74 0.00000197       4.74       4.74       4.27 0.00001878
#   738 "Cerdocyon_thous"  "Procyon_lotor"     17  14   0      1.000      0.444      0.138      0.364      0.227      0.756       4.01 0.00005633       4.01       4.01       3.45 0.00053784
#   739 "Cerdocyon_thous"  "Procyon_cancrivo"  17  14   9      0.168      0.456      0.137      0.366      0.227      0.756      -2.11 0.03485930       0.00       0.00       0.00 1.00000000
#   740 "Cerdocyon_thous"  "Nasua_nasua"       17  13   9      0.145      0.456      0.132     -0.056      0.204      0.747      -2.35 0.01834643       0.00       0.00       0.00 1.00000000
#   742 "Cerdocyon_thous"  "Sylvilagus_brasi"  17  12   8      0.176      0.487      0.142     -0.001      0.245      0.735      -2.18 0.02874541       0.00       0.00       0.00 1.00000000
#   746 "Cerdocyon_thous"  "Didelphis_virgin"  17  10   0      1.000      0.496      0.152      0.089      0.176      0.847       3.31 0.00088221       3.31       3.31       2.63 0.00842391
#   747 "Cerdocyon_thous"  "Puma_yagouaround"  17  10   7      0.176      0.504      0.152      0.290      0.259      0.847      -2.15 0.03092611       0.00       0.00       0.00 1.00000000
#   748 "Cerdocyon_thous"  "Lynx_rufus"        17  10   0      1.000      0.521      0.160      0.264      0.259      0.847       2.99 0.00268775       2.99       2.99       2.23 0.02566443
#   749 "Cerdocyon_thous"  "Mazama_gouazoubi"  17  10   7      0.176      0.505      0.150      0.226      0.259      0.847      -2.19 0.02811217       0.00       0.00       0.00 1.00000000
#   751 "Cerdocyon_thous"  "Sylvilagus_flori"  17   9   0      1.000      0.527      0.159      0.337      0.216      0.837       2.97 0.00288391       2.97       2.97       2.20 0.02753748
#   752 "Cerdocyon_thous"  "Urocyon_cinereoa"  17   9   0      1.000      0.513      0.155     -0.074      0.216      0.837       3.14 0.00162804       3.14       3.14       2.41 0.01554561
#   754 "Cerdocyon_thous"  "Nasua_narica"      17   8   0      1.000      0.516      0.174      0.269      0.265      0.824       2.77 0.00538492       2.77       2.77       0.00 1.00000000
#   762 "Cerdocyon_thous"  "Euphractus_sexci"  17   5   5      0.000      0.573      0.221      0.000      0.153      1.000      -2.60 0.00921041       0.00       0.00       0.00 1.00000000
#   855 "Odocoileus_virgi" "Canis_latrans"     17  16  13      0.044      0.420      0.128      0.448      0.206      0.669      -2.93 0.00334293      -2.93      -2.93      -2.14 0.03192047
#   856 "Odocoileus_virgi" "Procyon_lotor"     17  14  13      0.017      0.448      0.131      0.409      0.227      0.756      -3.30 0.00093877      -3.30      -3.30      -2.61 0.00896402
#   857 "Odocoileus_virgi" "Procyon_cancrivo"  17  14   0      1.000      0.458      0.127      0.310      0.227      0.756       4.28 0.00001758       4.28       4.28       3.75 0.00016790
#   858 "Odocoileus_virgi" "Nasua_nasua"       17  13   0      1.000      0.461      0.125      0.176      0.271      0.747       4.30 0.00001580       4.30       4.30       3.78 0.00015082
#   861 "Odocoileus_virgi" "Tapirus_terrestr"  17  12   0      1.000      0.458      0.140      0.468      0.245      0.735       3.88 0.00009727       3.88       3.88       3.30 0.00092884
#   864 "Odocoileus_virgi" "Didelphis_virgin"  17  10  10      0.000      0.518      0.159      0.345      0.259      0.847      -3.25 0.00109595       0.00       0.00      -2.55 0.01046486
#   866 "Odocoileus_virgi" "Lynx_rufus"        17  10   7      0.176      0.504      0.153      0.278      0.259      0.847      -2.14 0.03171092       0.00       0.00       0.00 1.00000000
#   867 "Odocoileus_virgi" "Mazama_gouazoubi"  17  10   0      1.000      0.502      0.154      0.245      0.259      0.847       3.23 0.00120646       3.23       3.23       2.52 0.01152005
#   868 "Odocoileus_virgi" "Tamandua_tetrada"  17   9   0      1.000      0.510      0.162      0.068      0.216      0.837       3.02 0.00243717       3.02       3.02       2.26 0.02327175
#   869 "Odocoileus_virgi" "Sylvilagus_flori"  17   9   9      0.000      0.529      0.170      0.449      0.216      1.000      -3.12 0.00175649       0.00       0.00      -2.39 0.01677212
#   870 "Odocoileus_virgi" "Urocyon_cinereoa"  17   9   9      0.000      0.530      0.182      0.183      0.216      0.837      -2.91 0.00355226       0.00       0.00      -2.12 0.03391930
#   872 "Odocoileus_virgi" "Nasua_narica"      17   8   8      0.000      0.508      0.182      0.185      0.162      0.824      -2.78 0.00524020       0.00       0.00       0.00 1.00000000
#   875 "Odocoileus_virgi" "Hydrochoerus_hyd"  17   8   0      1.000      0.522      0.178      0.156      0.162      0.824       2.68 0.00717098       2.68       2.68       0.00 1.00000000
#   884 "Odocoileus_virgi" "Sciurus_caroline"  17   5   5      0.000      0.600      0.231      0.011      0.153      1.000      -2.59 0.00935483       0.00       0.00       0.00 1.00000000
#   973 "Canis_latrans"    "Procyon_lotor"     16  14  13      0.013      0.455      0.137      0.222      0.214      0.750      -3.23 0.00121200      -3.23      -3.23      -2.52 0.01157298
#   974 "Canis_latrans"    "Procyon_cancrivo"  16  14   0      1.000      0.475      0.136      0.393      0.214      0.750       3.85 0.00011152       3.85       3.85       3.26 0.00106487
#   975 "Canis_latrans"    "Nasua_nasua"       16  13   0      1.000      0.476      0.144      0.183      0.260      0.740       3.65 0.00025123       3.65       3.65       3.03 0.00239894
#   977 "Canis_latrans"    "Sylvilagus_brasi"  16  12   1      0.859      0.487      0.149      0.367      0.234      0.729       2.50 0.01235950       0.00       0.00       0.00 1.00000000
#   978 "Canis_latrans"    "Tapirus_terrestr"  16  12   0      1.000      0.494      0.153      0.311      0.234      0.729       3.31 0.00088245       3.31       3.31       2.63 0.00842618
#   981 "Canis_latrans"    "Didelphis_virgin"  16  10   9      0.044      0.498      0.157      0.392      0.250      0.844      -2.89 0.00373387      -2.89      -2.89      -2.10 0.03565348
#   983 "Canis_latrans"    "Lynx_rufus"        16  10  10      0.000      0.513      0.175      0.327      0.250      0.844      -2.93 0.00331235       0.00       0.00      -2.15 0.03162849
#   984 "Canis_latrans"    "Mazama_gouazoubi"  16  10   0      1.000      0.508      0.153      0.063      0.250      0.844       3.22 0.00125211       3.22       3.22       2.51 0.01195602
#   985 "Canis_latrans"    "Tamandua_tetrada"  16   9   0      1.000      0.513      0.179      0.263      0.208      0.833       2.72 0.00636047       2.72       2.72       0.00 1.00000000
#   986 "Canis_latrans"    "Sylvilagus_flori"  16   9   8      0.056      0.519      0.163      0.197      0.208      0.833      -2.84 0.00436324      -2.84      -2.84      -2.03 0.04166308
#   987 "Canis_latrans"    "Urocyon_cinereoa"  16   9   8      0.056      0.541      0.166      0.163      0.208      0.833      -2.91 0.00346255      -2.91      -2.91      -2.13 0.03306274
#   989 "Canis_latrans"    "Nasua_narica"      16   8   6      0.156      0.538      0.183      0.233      0.258      0.820      -2.08 0.03720951       0.00       0.00       0.00 1.00000000
#   998 "Canis_latrans"    "Mephitis_mephiti"  16   5   5      0.000      0.572      0.223      0.181      0.150      1.000      -2.57 0.01005578       0.00       0.00       0.00 1.00000000
#  1007 "Canis_latrans"    "Ursus_americanus"  16   4   4      0.000      0.613      0.247     -0.053      0.203      1.000      -2.48 0.01279616       0.00       0.00       0.00 1.00000000
#  1090 "Procyon_lotor"    "Procyon_cancrivo"  14  14   0      1.000      0.488      0.135      0.168      0.250      0.735       3.78 0.00014812       3.78       3.78       3.18 0.00141432
#  1091 "Procyon_lotor"    "Nasua_nasua"       14  13   0      1.000      0.513      0.143      0.276      0.308      0.725       3.40 0.00065225       3.40       3.40       2.73 0.00622815
#  1094 "Procyon_lotor"    "Tapirus_terrestr"  14  12   0      1.000      0.528      0.157      0.038      0.286      0.851       3.01 0.00256568       3.01       3.01       2.24 0.02449882
#  1097 "Procyon_lotor"    "Didelphis_virgin"  14  10  10      0.000      0.545      0.163      0.417      0.229      0.836      -3.34 0.00081134       0.00       0.00      -2.66 0.00774719
#  1099 "Procyon_lotor"    "Lynx_rufus"        14  10   8      0.086      0.549      0.168      0.153      0.229      0.836      -2.77 0.00550503      -2.77      -2.77       0.00 1.00000000
#  1100 "Procyon_lotor"    "Mazama_gouazoubi"  14  10   0      1.000      0.524      0.157      0.279      0.229      0.836       3.04 0.00230986       3.04       3.04       2.28 0.02205605
#  1101 "Procyon_lotor"    "Tamandua_tetrada"  14   9   0      1.000      0.553      0.173      0.094      0.190      0.825       2.59 0.00937420       2.59       2.59       0.00 1.00000000
#  1102 "Procyon_lotor"    "Sylvilagus_flori"  14   9   8      0.048      0.560      0.183      0.236      0.286      1.000      -2.79 0.00510114      -2.79      -2.79      -1.97 0.04870909
#  1103 "Procyon_lotor"    "Urocyon_cinereoa"  14   9   8      0.048      0.570      0.166      0.151      0.286      1.000      -3.14 0.00160980      -3.14      -3.14      -2.42 0.01537145
#  1105 "Procyon_lotor"    "Nasua_narica"      14   8   6      0.143      0.593      0.176      0.359      0.357      1.000      -2.55 0.01047277      -2.55       0.00       0.00 1.00000000
#  1117 "Procyon_lotor"    "Sciurus_caroline"  14   5   5      0.000      0.605      0.222      0.070      0.143      1.000      -2.73 0.00620282       0.00       0.00       0.00 1.00000000
#  1119 "Procyon_lotor"    "Tamias_striatus"   14   4   4      0.000      0.641      0.241      0.004      0.196      1.000      -2.66 0.00773561       0.00       0.00       0.00 1.00000000
#  1125 "Procyon_lotor"    "Conepatus_leucon"  14   3   3      0.000      0.648      0.273     -0.181      0.286      1.000      -2.38 0.01729476       0.00       0.00       0.00 1.00000000
#  1126 "Procyon_lotor"    "Tamandua_mexican"  14   3   3      0.000      0.661      0.264     -0.153      0.286      1.000      -2.50 0.01221824       0.00       0.00       0.00 1.00000000
#  1131 "Procyon_lotor"    "Mephitis_macrour"  14   3   3      0.000      0.624      0.282     -0.011      0.286      1.000      -2.21 0.02675825       0.00       0.00       0.00 1.00000000
#  1206 "Procyon_cancrivo" "Nasua_nasua"       14  13   8      0.165      0.477      0.153      0.433      0.231      0.857      -2.04 0.04132950       0.00       0.00       0.00 1.00000000
#  1212 "Procyon_cancrivo" "Didelphis_virgin"  14  10   0      1.000      0.553      0.157      0.198      0.321      0.836       2.84 0.00441724       2.84       2.84       2.03 0.04217872
#  1214 "Procyon_cancrivo" "Lynx_rufus"        14  10   0      1.000      0.557      0.160      0.305      0.229      0.836       2.78 0.00535125       2.78       2.78       0.00 1.00000000
#  1216 "Procyon_cancrivo" "Tamandua_tetrada"  14   9   7      0.111      0.572      0.160      0.069      0.286      0.825      -2.88 0.00382549      -2.88       0.00      -2.09 0.03652826
#  1217 "Procyon_cancrivo" "Sylvilagus_flori"  14   9   0      1.000      0.560      0.172      0.103      0.286      0.825       2.56 0.01035863       2.56       2.56       0.00 1.00000000
#  1218 "Procyon_cancrivo" "Urocyon_cinereoa"  14   9   0      1.000      0.574      0.175      0.039      0.286      0.825       2.44 0.01449311       2.44       2.44       0.00 1.00000000
#  1223 "Procyon_cancrivo" "Hydrochoerus_hyd"  14   8   6      0.143      0.577      0.172      0.185      0.357      0.812      -2.53 0.01127595      -2.53       0.00       0.00 1.00000000
#  1225 "Procyon_cancrivo" "Didelphis_aurita"  14   7   7      0.000      0.614      0.191      0.167      0.306      1.000      -3.22 0.00124419       0.00       0.00      -2.51 0.01188032
#  1247 "Procyon_cancrivo" "Dasyprocta_lepor"  14   3   3      0.000      0.679      0.276     -0.332      0.286      1.000      -2.46 0.01378137       0.00       0.00       0.00 1.00000000
#  1322 "Nasua_nasua"      "Sylvilagus_brasi"  13  12   8      0.128      0.544      0.148      0.280      0.269      0.846      -2.81 0.00477928       0.00       0.00      -2.00 0.04563571
#  1323 "Nasua_nasua"      "Tapirus_terrestr"  13  12   8      0.128      0.521      0.152      0.234      0.269      0.846      -2.59 0.00938582       0.00       0.00       0.00 1.00000000
#  1326 "Nasua_nasua"      "Didelphis_virgin"  13  10   0      1.000      0.552      0.163     -0.073      0.215      0.831       2.75 0.00588620       2.75       2.75       0.00 1.00000000
#  1327 "Nasua_nasua"      "Puma_yagouaround"  13  10   6      0.215      0.561      0.149      0.410      0.308      0.831      -2.31 0.02039522       0.00       0.00       0.00 1.00000000
#  1328 "Nasua_nasua"      "Lynx_rufus"        13  10   0      1.000      0.565      0.173      0.176      0.308      0.831       2.51 0.01195604       2.51       2.51       0.00 1.00000000
#  1339 "Nasua_nasua"      "Didelphis_aurita"  13   7   6      0.077      0.625      0.207      0.008      0.297      1.000      -2.65 0.00783390      -2.65      -2.65       0.00 1.00000000
#  1438 "Canis_lupus"      "Panthera_onca"     13  11   0      1.000      0.546      0.162      0.190      0.245      0.839       2.80 0.00500923       2.80       2.80       1.98 0.04783146
#  1452 "Canis_lupus"      "Didelphis_aurita"  13   7   5      0.176      0.616      0.195     -0.051      0.297      1.000      -2.25 0.02398056       0.00       0.00       0.00 1.00000000
#  1462 "Canis_lupus"      "Felis_catus"       13   4   4      0.000      0.630      0.240      0.052      0.192      1.000      -2.63 0.00842887       0.00       0.00       0.00 1.00000000
#  1552 "Sylvilagus_brasi" "Puma_yagouaround"  12  10   7      0.125      0.598      0.177      0.389      0.292      1.000      -2.67 0.00739306      -2.67      -2.67       0.00 1.00000000
#  1553 "Sylvilagus_brasi" "Lynx_rufus"        12  10   0      1.000      0.565      0.159      0.034      0.292      0.825       2.74 0.00595587       2.74       2.74       0.00 1.00000000
#  1663 "Tapirus_terrestr" "Puma_yagouaround"  12  10   6      0.200      0.580      0.168     -0.216      0.292      0.825      -2.26 0.02342784       0.00       0.00       0.00 1.00000000
#  1669 "Tapirus_terrestr" "Myrmecophaga_tri"  12   8   6      0.125      0.614      0.185      0.076      0.333      1.000      -2.65 0.00788724      -2.65      -2.65       0.00 1.00000000
#  1672 "Tapirus_terrestr" "Mazama_americana"  12   8   7      0.052      0.621      0.200      0.089      0.219      1.000      -2.84 0.00437415      -2.84      -2.84      -2.03 0.04176723
#  1686 "Tapirus_terrestr" "Tayassu_pecari"    12   4   4      0.000      0.679      0.249     -0.236      0.188      1.000      -2.73 0.00613767       0.00       0.00       0.00 1.00000000
#  1771 "Leopardus_wiedii" "Panthera_onca"     11  11   7      0.132      0.577      0.170      0.097      0.207      1.000      -2.61 0.00888199      -2.61       0.00       0.00 1.00000000
#  1773 "Leopardus_wiedii" "Puma_yagouaround"  11  10   6      0.182      0.614      0.168      0.217      0.273      1.000      -2.57 0.00985682       0.00       0.00       0.00 1.00000000
#  1889 "Panthera_onca"    "Nasua_narica"      11   8   5      0.205      0.648      0.183      0.203      0.318      1.000      -2.42 0.01516992       0.00       0.00       0.00 1.00000000
#  1909 "Panthera_onca"    "Conepatus_leucon"  11   3   3      0.000      0.702      0.292     -0.423      0.273      1.000      -2.40 0.01615959       0.00       0.00       0.00 1.00000000
#  1915 "Panthera_onca"    "Mephitis_macrour"  11   3   3      0.000      0.746      0.271     -0.530      0.273      1.000      -2.75 0.00586909       0.00       0.00       0.00 1.00000000
#  1924 "Panthera_onca"    "Sciurus_aureogas"  11   2   2      0.000      0.738      0.293     -0.412      0.455      1.000      -2.52 0.01149321       0.00       0.00       0.00 1.00000000
#  1991 "Didelphis_virgin" "Lynx_rufus"        10  10   6      0.160      0.600      0.165      0.073      0.250      1.000      -2.66 0.00765532       0.00       0.00       0.00 1.00000000
#  1994 "Didelphis_virgin" "Sylvilagus_flori"  10   9   8      0.022      0.637      0.184      0.235      0.333      1.000      -3.35 0.00077480      -3.35      -3.35      -2.67 0.00739831
#  1995 "Didelphis_virgin" "Urocyon_cinereoa"  10   9   8      0.022      0.634      0.177      0.153      0.333      1.000      -3.46 0.00051695      -3.46      -3.46      -2.80 0.00493619
#  2009 "Didelphis_virgin" "Sciurus_caroline"  10   5   5      0.000      0.671      0.249     -0.063      0.280      1.000      -2.69 0.00693840       0.00       0.00       0.00 1.00000000
#  2011 "Didelphis_virgin" "Tamias_striatus"   10   4   3      0.175      0.743      0.226     -0.326      0.400      1.000      -2.51 0.01193303       0.00       0.00       0.00 1.00000000
#  2017 "Didelphis_virgin" "Conepatus_leucon"  10   3   3      0.000      0.728      0.265     -0.515      0.267      1.000      -2.75 0.00579596       0.00       0.00       0.00 1.00000000
#  2023 "Didelphis_virgin" "Mephitis_macrour"  10   3   3      0.000      0.738      0.255     -0.386      0.267      1.000      -2.90 0.00364226       0.00       0.00      -2.11 0.03477871
#  2208 "Lynx_rufus"       "Urocyon_cinereoa"  10   9   5      0.222      0.630      0.182     -0.001      0.333      1.000      -2.24 0.02472991       0.00       0.00       0.00 1.00000000
#  2219 "Lynx_rufus"       "Mephitis_mephiti"  10   5   5      0.000      0.706      0.220     -0.166      0.280      1.000      -3.21 0.00126511       0.00       0.00      -2.50 0.01208009
#  2222 "Lynx_rufus"       "Sciurus_caroline"  10   5   4      0.120      0.688      0.215     -0.018      0.280      1.000      -2.64 0.00821906      -2.64      -2.64       0.00 1.00000000
#  2224 "Lynx_rufus"       "Tamias_striatus"   10   4   3      0.175      0.705      0.230     -0.143      0.400      1.000      -2.31 0.02064693       0.00       0.00       0.00 1.00000000
#  2228 "Lynx_rufus"       "Ursus_americanus"  10   4   4      0.000      0.729      0.238     -0.397      0.175      1.000      -3.06 0.00213587       0.00       0.00      -2.31 0.02039472
#  2234 "Lynx_rufus"       "Odocoileus_hemio"  10   3   3      0.000      0.707      0.264     -0.259      0.267      1.000      -2.68 0.00728589       0.00       0.00       0.00 1.00000000
#  2238 "Lynx_rufus"       "Vulpes_vulpes"     10   3   3      0.000      0.724      0.261     -0.385      0.267      1.000      -2.77 0.00547898       0.00       0.00       0.00 1.00000000
#  2257 "Lynx_rufus"       "Taxidea_taxus"     10   2   2      0.000      0.800      0.273     -0.740      0.450      1.000      -2.93 0.00326318       0.00       0.00      -2.15 0.03115895
#  2322 "Mazama_gouazoubi" "Sus_scrofa"        10   5   4      0.120      0.694      0.224     -0.048      0.280      1.000      -2.56 0.01013148      -2.56      -2.56       0.00 1.00000000
#  2323 "Mazama_gouazoubi" "Euphractus_sexci"  10   5   4      0.120      0.694      0.227     -0.062      0.280      1.000      -2.53 0.01124251      -2.53      -2.53       0.00 1.00000000
#  2325 "Mazama_gouazoubi" "Conepatus_chinga"  10   5   4      0.120      0.718      0.222     -0.244      0.280      1.000      -2.70 0.00682545      -2.70      -2.70       0.00 1.00000000
#  2332 "Mazama_gouazoubi" "Lepus_europaeus"   10   4   4      0.000      0.722      0.238     -0.349      0.175      1.000      -3.03 0.00236571       0.00       0.00      -2.28 0.02258934
#  2337 "Mazama_gouazoubi" "Leopardus_geoffr"  10   3   3      0.000      0.728      0.278     -0.477      0.267      1.000      -2.62 0.00873238       0.00       0.00       0.00 1.00000000
#  2338 "Mazama_gouazoubi" "Pseudalopex_gymn"  10   3   3      0.000      0.761      0.249     -0.500      0.267      1.000      -3.05 0.00221956       0.00       0.00      -2.30 0.02119380
#  2422 "Tamandua_tetrada" "Hydrochoerus_hyd"   9   8   6      0.083      0.673      0.198     -0.048      0.278      1.000      -2.97 0.00285125      -2.97      -2.97      -2.20 0.02722559
#  2425 "Tamandua_tetrada" "Dasyprocta_azara"   9   6   4      0.185      0.703      0.207     -0.137      0.333      1.000      -2.51 0.01198596       0.00       0.00       0.00 1.00000000
#  2459 "Tamandua_tetrada" "Myoprocta_acouch"   9   2   2      0.000      0.767      0.294     -0.648      0.444      1.000      -2.61 0.00887632       0.00       0.00       0.00 1.00000000
#  2520 "Sylvilagus_flori" "Urocyon_cinereoa"   9   9   7      0.049      0.647      0.202     -0.035      0.309      1.000      -2.96 0.00296396      -2.96      -2.96      -2.19 0.02830184
#  2534 "Sylvilagus_flori" "Sciurus_caroline"   9   5   4      0.111      0.728      0.222     -0.215      0.267      1.000      -2.77 0.00543588      -2.77      -2.77       0.00 1.00000000
#  2536 "Sylvilagus_flori" "Tamias_striatus"    9   4   3      0.167      0.747      0.222     -0.301      0.389      1.000      -2.61 0.00890660       0.00       0.00       0.00 1.00000000
#  2542 "Sylvilagus_flori" "Conepatus_leucon"   9   3   3      0.000      0.764      0.245     -0.414      0.259      1.000      -3.11 0.00179112       0.00       0.00      -2.38 0.01710279
#  2548 "Sylvilagus_flori" "Mephitis_macrour"   9   3   3      0.000      0.755      0.267     -0.558      0.259      1.000      -2.83 0.00452518       0.00       0.00      -2.02 0.04320944
#  2554 "Sylvilagus_flori" "Bassariscus_astu"   9   2   2      0.000      0.797      0.287     -0.908      0.444      1.000      -2.77 0.00541574       0.00       0.00       0.00 1.00000000
#  2624 "Urocyon_cinereoa" "Nasua_narica"       9   8   5      0.167      0.657      0.196      0.089      0.278      1.000      -2.50 0.01224983       0.00       0.00       0.00 1.00000000
#  2636 "Urocyon_cinereoa" "Sciurus_caroline"   9   5   4      0.111      0.710      0.234     -0.239      0.267      1.000      -2.57 0.01011336      -2.57      -2.57       0.00 1.00000000
#  2644 "Urocyon_cinereoa" "Conepatus_leucon"   9   3   3      0.000      0.778      0.256     -0.710      0.259      1.000      -3.04 0.00231868       0.00       0.00      -2.28 0.02214029
#  2650 "Urocyon_cinereoa" "Mephitis_macrour"   9   3   3      0.000      0.724      0.260     -0.324      0.259      1.000      -2.78 0.00522792       0.00       0.00      -1.96 0.04991966
#  2727 "Myrmecophaga_tri" "Mazama_americana"   8   8   5      0.141      0.696      0.195     -0.154      0.391      1.000      -2.85 0.00420326      -2.85      -2.85      -2.05 0.04013550
#  2738 "Myrmecophaga_tri" "Priodontes_maxim"   8   4   3      0.156      0.769      0.228     -0.511      0.375      1.000      -2.69 0.00707000      -2.69       0.00       0.00 1.00000000
#  2741 "Myrmecophaga_tri" "Tayassu_pecari"     8   4   3      0.156      0.766      0.238     -0.555      0.375      1.000      -2.57 0.01007247      -2.57       0.00       0.00 1.00000000
#  2756 "Myrmecophaga_tri" "Atelocynus_micro"   8   2   2      0.000      0.792      0.287     -0.811      0.438      1.000      -2.76 0.00572687       0.00       0.00       0.00 1.00000000
#  2845 "Nasua_narica"     "Conepatus_leucon"   8   3   3      0.000      0.756      0.269     -0.525      0.250      1.000      -2.81 0.00475919       0.00       0.00      -2.00 0.04544391
#  2846 "Nasua_narica"     "Tamandua_mexican"   8   3   3      0.000      0.774      0.265     -0.721      0.250      1.000      -2.92 0.00337398       0.00       0.00      -2.14 0.03221699
#  2851 "Nasua_narica"     "Mephitis_macrour"   8   3   3      0.000      0.777      0.250     -0.591      0.250      1.000      -3.11 0.00178671       0.00       0.00      -2.38 0.01706067
#  2855 "Nasua_narica"     "Conepatus_semist"   8   2   2      0.000      0.806      0.287     -0.998      0.438      1.000      -2.81 0.00484204       0.00       0.00      -1.99 0.04623502
#  2857 "Nasua_narica"     "Bassariscus_astu"   8   2   2      0.000      0.806      0.283     -0.937      0.438      1.000      -2.84 0.00435132       0.00       0.00      -2.03 0.04154925
#  2858 "Nasua_narica"     "Mazama_temama"      8   2   2      0.000      0.812      0.285     -1.051      0.438      1.000      -2.85 0.00430626       0.00       0.00      -2.04 0.04111898
#  2860 "Nasua_narica"     "Sciurus_aureogas"   8   2   2      0.000      0.812      0.285     -1.051      0.438      1.000      -2.85 0.00430626       0.00       0.00      -2.04 0.04111898
#  2870 "Nasua_narica"     "Tapirus_bairdii"    8   2   2      0.000      0.829      0.279     -1.223      0.438      1.000      -2.97 0.00290155       0.00       0.00      -2.20 0.02770595
#  2926 "Didelphis_marsup" "Mazama_americana"   8   8   4      0.250      0.693      0.201      0.051      0.391      1.000      -2.21 0.02708244       0.00       0.00       0.00 1.00000000
#  2928 "Didelphis_marsup" "Dasyprocta_punct"   8   7   5      0.107      0.712      0.196     -0.237      0.357      1.000      -3.09 0.00190628      -3.09      -3.09      -2.36 0.01820238
#  2961 "Didelphis_marsup" "Sciurus_granaten"   8   2   2      0.000      0.814      0.281     -1.017      0.438      1.000      -2.90 0.00361937       0.00       0.00      -2.11 0.03456016
#  3038 "Mazama_americana" "Tayassu_pecari"     8   4   4      0.000      0.761      0.237     -0.508      0.375      1.000      -3.21 0.00128561       0.00       0.00      -2.50 0.01227588
#  3068 "Mazama_americana" "Dasypus_kappleri"   8   2   2      0.000      0.811      0.278     -0.923      0.438      1.000      -2.92 0.00343186       0.00       0.00      -2.13 0.03276963
#  3130 "Hydrochoerus_hyd" "Didelphis_albive"   8   5   4      0.100      0.751      0.209     -0.295      0.450      1.000      -3.11 0.00181472      -3.11      -3.11      -2.37 0.01732817
#  3167 "Hydrochoerus_hyd" "Chrysocyon_brach"   8   2   2      0.000      0.842      0.266     -1.238      0.438      1.000      -3.17 0.00148135       0.00       0.00      -2.45 0.01414495
#  3245 "Dasyprocta_punct" "Conepatus_semist"   7   2   2      0.000      0.851      0.267     -1.430      0.429      1.000      -3.19 0.00138748       0.00       0.00      -2.47 0.01324854
#  3339 "Didelphis_aurita" "Callithrix_kuhli"   7   2   2      0.000      0.834      0.275     -1.233      0.429      1.000      -3.03 0.00236571       0.00       0.00      -2.28 0.02258934
#  3351 "Didelphis_aurita" "Cebus_xanthoster"   7   2   2      0.000      0.853      0.258     -1.305      0.429      1.000      -3.30 0.00092220       0.00       0.00      -2.61 0.00880580
#  3354 "Didelphis_aurita" "Leontopithecus_c"   7   2   2      0.000      0.814      0.280     -0.964      0.429      1.000      -2.91 0.00351930       0.00       0.00      -2.12 0.03360456
#  3505 "Sus_scrofa"       "Euphractus_sexci"   5   5   3      0.160      0.800      0.224     -0.573      0.360      1.000      -2.86 0.00416481      -2.86      -2.86      -2.05 0.03976840
#  3507 "Sus_scrofa"       "Conepatus_chinga"   5   5   3      0.160      0.802      0.217     -0.492      0.360      1.000      -2.95 0.00308055      -2.95      -2.95      -2.17 0.02941509
#  3520 "Sus_scrofa"       "Pseudalopex_gymn"   5   3   3      0.000      0.858      0.238     -1.309      0.200      1.000      -3.60 0.00029796       0.00       0.00      -2.97 0.00284515
#  3599 "Euphractus_sexci" "Conepatus_chinga"   5   5   3      0.160      0.818      0.219     -0.709      0.360      1.000      -3.01 0.00253987      -3.01      -3.01      -2.25 0.02425238
#  3600 "Euphractus_sexci" "Didelphis_albive"   5   5   3      0.160      0.808      0.228     -0.684      0.360      1.000      -2.83 0.00446242      -2.83      -2.83      -2.02 0.04261013
#  3611 "Euphractus_sexci" "Leopardus_geoffr"   5   3   3      0.000      0.828      0.248     -0.950      0.200      1.000      -3.34 0.00079513       0.00       0.00      -2.66 0.00759239
#  3612 "Euphractus_sexci" "Pseudalopex_gymn"   5   3   2      0.200      0.852      0.223     -0.935      0.533      1.000      -2.92 0.00339019       0.00       0.00      -2.14 0.03237180
#  3698 "Mephitis_mephiti" "Ursus_americanus"   5   4   3      0.100      0.833      0.213     -0.729      0.600      1.000      -3.45 0.00054574      -3.45      -3.45      -2.79 0.00521109
#  3704 "Mephitis_mephiti" "Odocoileus_hemio"   5   3   2      0.200      0.833      0.238     -0.883      0.533      1.000      -2.66 0.00768894       0.00       0.00       0.00 1.00000000
#  3781 "Conepatus_chinga" "Didelphis_albive"   5   5   3      0.160      0.781      0.229     -0.462      0.360      1.000      -2.71 0.00660533      -2.71      -2.71       0.00 1.00000000
#  3787 "Conepatus_chinga" "Lepus_europaeus"    5   4   3      0.100      0.813      0.222     -0.564      0.300      1.000      -3.21 0.00128186      -3.21      -3.21      -2.50 0.01224002
#  3792 "Conepatus_chinga" "Leopardus_geoffr"   5   3   3      0.000      0.849      0.239     -1.192      0.200      1.000      -3.56 0.00035894       0.00       0.00      -2.92 0.00342739
#  3793 "Conepatus_chinga" "Pseudalopex_gymn"   5   3   3      0.000      0.857      0.233     -1.209      0.200      1.000      -3.68 0.00022322       0.00       0.00      -3.06 0.00213145
#  3881 "Didelphis_albive" "Leopardus_geoffr"   5   3   3      0.000      0.839      0.233     -0.904      0.533      1.000      -3.60 0.00030851       0.00       0.00      -2.96 0.00294589
#  3961 "Sciurus_caroline" "Tamias_striatus"    5   4   3      0.100      0.830      0.225     -0.810      0.300      1.000      -3.24 0.00114799      -3.24      -3.24      -2.54 0.01096172
#  4059 "Priodontes_maxim" "Dasyprocta_fulig"   4   3   2      0.167      0.878      0.218     -1.294      0.500      1.000      -3.27 0.00104064      -3.27      -3.27      -2.57 0.00993669
#  4065 "Priodontes_maxim" "Atelocynus_micro"   4   2   2      0.000      0.886      0.246     -1.752      0.375      1.000      -3.61 0.00029474       0.00       0.00      -2.98 0.00281442
#  4138 "Tamias_striatus"  "Ursus_americanus"   4   4   2      0.250      0.843      0.223     -0.883      0.562      1.000      -2.66 0.00768954       0.00       0.00       0.00 1.00000000
#  4224 "Felis_catus"      "Bos_taurus"         4   3   2      0.167      0.848      0.239     -1.039      0.500      1.000      -2.85 0.00428593      -2.85      -2.85      -2.04 0.04092490
#  4234 "Felis_catus"      "Callithrix_kuhli"   4   2   2      0.000      0.906      0.223     -1.990      0.375      1.000      -4.06 0.00004613      -4.06       0.00      -3.50 0.00044052
#  4246 "Felis_catus"      "Cebus_xanthoster"   4   2   2      0.000      0.866      0.257     -1.409      0.375      1.000      -3.37 0.00071704       0.00       0.00      -2.70 0.00684681
#  4249 "Felis_catus"      "Leontopithecus_c"   4   2   2      0.000      0.875      0.250     -1.523      0.375      1.000      -3.50 0.00044435       0.00       0.00      -2.85 0.00424297
#  4256 "Felis_catus"      "Potos_flavus"       4   2   2      0.000      0.890      0.246     -1.901      0.375      1.000      -3.62 0.00027901       0.00       0.00      -2.99 0.00266417
#  4394 "Lepus_europaeus"  "Leopardus_geoffr"   4   3   2      0.167      0.863      0.232     -1.217      0.500      1.000      -2.99 0.00266731      -2.99      -2.99      -2.23 0.02546921
#  4395 "Lepus_europaeus"  "Pseudalopex_gymn"   4   3   2      0.167      0.877      0.225     -1.419      0.500      1.000      -3.17 0.00149018      -3.17      -3.17      -2.45 0.01422918
#  4478 "Ursus_americanus" "Odocoileus_hemio"   4   3   2      0.167      0.861      0.236     -1.250      0.500      1.000      -2.94 0.00319195      -2.94      -2.94      -2.16 0.03047882
#  4482 "Ursus_americanus" "Vulpes_vulpes"      4   3   2      0.167      0.862      0.239     -1.310      0.500      1.000      -2.91 0.00349218      -2.91      -2.91      -2.12 0.03334560
#  4641 "Conepatus_leucon" "Mephitis_macrour"   3   3   3      0.000      0.876      0.234     -1.422      0.444      1.000      -3.74 0.00017673       0.00       0.00      -3.13 0.00168751
#  4650 "Conepatus_leucon" "Sciurus_aureogas"   3   2   2      0.000      0.920      0.217     -2.374      0.333      1.000      -4.25 0.00002044      -4.25       0.00      -3.71 0.00019522
#  4795 "Leopardus_geoffr" "Pseudalopex_gymn"   3   3   2      0.111      0.915      0.204     -2.065      0.444      1.000      -3.95 0.00007474      -3.95      -3.95      -3.37 0.00071371
#  4953 "Odocoileus_hemio" "Vulpes_vulpes"      3   3   2      0.111      0.919      0.204     -2.249      0.444      1.000      -3.97 0.00006855      -3.97      -3.97      -3.40 0.00065452
#  5109 "Mephitis_macrour" "Sciurus_aureogas"   3   2   2      0.000      0.875      0.263     -1.687      0.333      1.000      -3.32 0.00085765       0.00       0.00      -2.64 0.00818942
#  5181 "Dasyprocta_lepor" "Sciurus_aestuans"   3   2   2      0.000      0.920      0.217     -2.374      0.333      1.000      -4.25 0.00002044      -4.25       0.00      -3.71 0.00019522
#  5331 "Callithrix_kuhli" "Cebus_xanthoster"   2   2   2      0.000      0.896      0.264     -2.212      0.250      1.000      -3.40 0.00064892       0.00       0.00      -2.73 0.00619628
#  5334 "Callithrix_kuhli" "Leontopithecus_c"   2   2   2      0.000      0.940      0.203     -3.143      0.250      1.000      -4.62 0.00000364      -4.62      -4.62      -4.13 0.00003472
#  5341 "Callithrix_kuhli" "Potos_flavus"       2   2   2      0.000      0.920      0.234     -2.648      0.250      1.000      -3.93 0.00008094      -3.93       0.00      -3.35 0.00077290
#  5405 "Conepatus_semist" "Tapirus_bairdii"    2   2   2      0.000      0.959      0.171     -3.963      0.250      1.000      -5.61 0.00000006      -5.61      -5.61      -4.98 0.00000057
#  5535 "Bassariscus_astu" "Spilogale_putori"   2   2   2      0.000      0.944      0.198     -3.276      0.250      1.000      -4.78 0.00000167      -4.78      -4.78      -4.30 0.00001594
#  5569 "Bassariscus_astu" "Conepatus_mesole"   2   1   1      0.000      0.975      0.156     -6.177      1.000      1.000      -6.24 0.00000000      -6.24      -6.24      -6.24 0.00000000
#  5776 "Sciurus_aureogas" "Spilogale_pygmae"   2   1   1      0.000      0.975      0.156     -6.177      1.000      1.000      -6.24 0.00000000      -6.24      -6.24      -6.24 0.00000000
#  5779 "Sciurus_aureogas" "Sylvilagus_cunic"   2   1   1      0.000      0.975      0.156     -6.177      1.000      1.000      -6.24 0.00000000      -6.24      -6.24      -6.24 0.00000000
#  5828 "Equus_ferus"      "Sciurus_aberti"     2   1   1      0.000      0.980      0.140     -6.961      1.000      1.000      -7.00 0.00000000      -7.00      -7.00      -7.00 0.00000000
#  5849 "Equus_ferus"      "Cervus_canadensi"   2   1   1      0.000      0.975      0.156     -6.177      1.000      1.000      -6.24 0.00000000      -6.24      -6.24      -6.24 0.00000000
#  5941 "Spilogale_putori" "Lepus_alleni"       2   1   1      0.000      0.975      0.156     -6.177      1.000      1.000      -6.24 0.00000000      -6.24      -6.24      -6.24 0.00000000
#  6051 "Myoprocta_acouch" "Dasypus_kappleri"   2   2   2      0.000      0.924      0.229     -2.741      0.250      1.000      -4.03 0.00005335      -4.03       0.00      -3.46 0.00050938
#  6108 "Cebus_xanthoster" "Leontopithecus_c"   2   2   2      0.000      0.924      0.229     -2.741      0.250      1.000      -4.03 0.00005335      -4.03       0.00      -3.46 0.00050938
#  6115 "Cebus_xanthoster" "Potos_flavus"       2   2   2      0.000      0.955      0.178     -3.762      0.250      1.000      -5.36 0.00000012      -5.36      -5.36      -4.85 0.00000114
#  6208 "Homo_sapiens"     "Sylvilagus_nutta"   2   1   1      0.000      0.990      0.099     -9.999      1.000      1.000      -9.95 0.00000000      -9.95      -9.95      -9.95 0.00000000
#  6212 "Homo_sapiens"     "Cervus_canadensi"   2   1   1      0.000      0.980      0.140     -6.961      1.000      1.000      -7.00 0.00000000      -7.00      -7.00      -7.00 0.00000000
#  6244 "Alces_alces"      "Rangifer_tarandu"   2   1   1      0.000      0.980      0.140     -6.961      1.000      1.000      -7.00 0.00000000      -7.00      -7.00      -7.00 0.00000000
#  6286 "Leontopithecus_c" "Potos_flavus"       2   2   2      0.000      0.951      0.185     -3.583      0.250      1.000      -5.14 0.00000024      -5.14      -5.14      -4.72 0.00000228
#  6377 "Tapirus_bairdii"  "Galictis_vittata"   2   1   1      0.000      0.975      0.156     -6.177      1.000      1.000      -6.24 0.00000000      -6.24      -6.24      -6.24 0.00000000
#  6563 "Tremarctos_ornat" "Lycalopex_culpae"   2   1   1      0.000      0.975      0.156     -6.177      1.000      1.000      -6.24 0.00000000      -6.24      -6.24      -6.24 0.00000000
#  6815 "Ateles_belzebuth" "Sciurus_ignivent"   1   1   1      0.000      0.975      0.156     -6.177      1.000      1.000      -6.24 0.00000000      -6.24      -6.24      -6.24 0.00000000
#  6832 "Ateles_belzebuth" "Myoprocta_partti"   1   1   1      0.000      0.980      0.140     -6.961      1.000      1.000      -7.00 0.00000000      -7.00      -7.00      -7.00 0.00000000
#  6845 "Castor_canadensi" "Lontra_canadensi"   1   1   1      0.000      0.990      0.099     -9.999      1.000      1.000      -9.95 0.00000000      -9.95      -9.95      -9.95 0.00000000
#  6916 "Philander_opossu" "Galictis_vittata"   1   1   1      0.000      0.985      0.122     -8.101      1.000      1.000      -8.10 0.00000000      -8.10      -8.10      -8.10 0.00000000
#  6950 "Lepus_alleni"     "Spermophilus_var"   1   1   1      0.000      0.985      0.122     -8.101      1.000      1.000      -8.10 0.00000000      -8.10      -8.10      -8.10 0.00000000
#  7038 "Equus_africanus"  "Euryoryzomys_leg"   1   1   1      0.000      0.990      0.099     -9.999      1.000      1.000      -9.95 0.00000000      -9.95      -9.95      -9.95 0.00000000
#  7323 "Saimiri_bolivien" "Sciurus_spadiceu"   1   1   1      0.000      0.975      0.156     -6.177      1.000      1.000      -6.24 0.00000000      -6.24      -6.24      -6.24 0.00000000
#  7400 "Sciurus_aberti"   "Cervus_canadensi"   1   1   1      0.000      0.975      0.156     -6.177      1.000      1.000      -6.24 0.00000000      -6.24      -6.24      -6.24 0.00000000
#  7421 "Dasyprocta_mexic" "Spilogale_pygmae"   1   1   1      0.000      0.985      0.122     -8.101      1.000      1.000      -8.10 0.00000000      -8.10      -8.10      -8.10 0.00000000
#  7457 "Erethizon_dorsat" "Mustela_erminea"    1   1   1      0.000      0.975      0.156     -6.177      1.000      1.000      -6.24 0.00000000      -6.24      -6.24      -6.24 0.00000000
#  7602 "Speothos_venatic" "Mazama_nemorivag"   1   1   1      0.000      0.975      0.156     -6.177      1.000      1.000      -6.24 0.00000000      -6.24      -6.24      -6.24 0.00000000
#  7659 "Sphiggurus_insid" "Chaetomys_subspi"   1   1   1      0.000      0.975      0.156     -6.177      1.000      1.000      -6.24 0.00000000      -6.24      -6.24      -6.24 0.00000000
#  7713 "Mazama_rufina"    "Tapirus_pinchaqu"   1   1   1      0.000      0.975      0.156     -6.177      1.000      1.000      -6.24 0.00000000      -6.24      -6.24      -6.24 0.00000000
#  7720 "Mazama_rufina"    "Nasuella_olivace"   1   1   1      0.000      0.975      0.156     -6.177      1.000      1.000      -6.24 0.00000000      -6.24      -6.24      -6.24 0.00000000
#  7767 "Dasypus_hybridus" "Leopardus_coloco"   1   1   1      0.000      0.975      0.156     -6.177      1.000      1.000      -6.24 0.00000000      -6.24      -6.24      -6.24 0.00000000
#  7774 "Sylvilagus_nutta" "Cervus_canadensi"   1   1   1      0.000      0.975      0.156     -6.177      1.000      1.000      -6.24 0.00000000      -6.24      -6.24      -6.24 0.00000000
#  7816 "Mustela_frenata"  "Cuniculus_taczan"   1   1   1      0.000      0.975      0.156     -6.177      1.000      1.000      -6.24 0.00000000      -6.24      -6.24      -6.24 0.00000000
#  7837 "Tapirus_pinchaqu" "Nasuella_olivace"   1   1   1      0.000      0.985      0.122     -8.101      1.000      1.000      -8.10 0.00000000      -8.10      -8.10      -8.10 0.00000000
 
> Name               SP   CL+   CL-   BM+   BM-   BC+   BC-   BY+   BY-       NR   CL+   CL+
> NWLgMamm.txt     7875    55   215    45    94    45    79    42   122  1575000 39375 47250
 
