<  File:  NW_scarabs.txt Species:   98 Sites:   17 MatFill: 0.14 Occ:    227 5.000% Confidence limit  Index: c Model: fixed - fixed                      
 
#    No             Sp1                Sp2     S1  S2 Com  Obs.Score  Exp.Score  Exp.StDev   Skewness    LowerCL    UpperCL SigZ-Score      Alpha >MeanScore   >CLScore   >BJScore      Alpha
#     1 "Onthophagus_heca" "Onthophagus_penn"  13  11  11      0.000      0.079      0.040      0.483      0.021      0.168      -1.97 0.04813743       0.00       0.00       0.00 1.00000000
#    32 "Onthophagus_heca" "Euoniticellus_in"  13   2   0      1.000      0.205      0.252      0.756      0.000      0.462       3.16 0.00151932       3.16       3.16       2.46 0.01374036
#   291 "Canthon_pilulari" "Aphodius_ruricol"   6   5   0      1.000      0.420      0.194      0.350      0.067      0.667       2.99 0.00271213       2.99       2.99       2.24 0.02452780
#   298 "Canthon_pilulari" "Melanocanthon_bi"   6   4   4      0.000      0.515      0.235      0.400      0.125      1.000      -2.19 0.02800518       0.00       0.00       0.00 1.00000000
#   581 "Aphodius_ruricol" "Ataenius_strigat"   5   3   3      0.000      0.631      0.297     -0.007      0.200      1.000      -2.13 0.03313780       0.00       0.00       0.00 1.00000000
#   588 "Aphodius_ruricol" "Aphodius_granari"   5   3   3      0.000      0.610      0.313      0.024      0.200      1.000      -1.95 0.05090159       0.00       0.00       0.00 1.00000000
#   664 "Onthophagus_okla" "Melanocanthon_bi"   5   4   4      0.000      0.513      0.265      0.402      0.100      1.000      -1.93 0.05290484       0.00       0.00       0.00 1.00000000
#   672 "Onthophagus_okla" "Onthophagus_medo"   5   3   3      0.000      0.661      0.288     -0.033      0.200      1.000      -2.29 0.02172691       0.00       0.00       0.00 1.00000000
#   675 "Onthophagus_okla" "Boreocanthon_ebe"   5   3   3      0.000      0.579      0.300      0.162      0.200      1.000      -1.93 0.05313438       0.00       0.00       0.00 1.00000000
#   677 "Onthophagus_okla" "Canthon_imitator"   5   3   3      0.000      0.599      0.282      0.171      0.200      1.000      -2.12 0.03353322       0.00       0.00       0.00 1.00000000
#   679 "Onthophagus_okla" "Phanaeus_difform"   5   3   3      0.000      0.584      0.301      0.179      0.200      1.000      -1.94 0.05177909       0.00       0.00       0.00 1.00000000
#   680 "Onthophagus_okla" "Canthon_vigilans"   5   3   3      0.000      0.597      0.291      0.153      0.200      1.000      -2.06 0.03949511       0.00       0.00       0.00 1.00000000
#   929 "Phanaeus_vindex"  "Aphodius_rubeolu"   5   3   3      0.000      0.529      0.293      0.371      0.200      1.000      -1.80 0.07094169       0.00       0.00       0.00 1.00000000
#  1102 "Onthophagus_tube" "Deltochilum_gibb"   4   3   3      0.000      0.636      0.292      0.078      0.167      1.000      -2.18 0.02891093       0.00       0.00       0.00 1.00000000
#  1111 "Onthophagus_tube" "Canthon_chalcite"   4   3   3      0.000      0.642      0.297      0.045      0.167      1.000      -2.16 0.03043467       0.00       0.00       0.00 1.00000000
#  1221 "Melanocanthon_bi" "Phanaeus_igneus"    4   2   2      0.000      0.722      0.325     -0.414      0.375      1.000      -2.22 0.02620751       0.00       0.00       0.00 1.00000000
#  1223 "Melanocanthon_bi" "Ateuchus_leconte"   4   2   2      0.000      0.747      0.322     -0.588      0.375      1.000      -2.32 0.01999325       0.00       0.00       0.00 1.00000000
#  1353 "Aphodius_haemorr" "Aphodius_vittatu"   3   3   3      0.000      0.634      0.317      0.044      0.111      1.000      -2.00 0.04510665       0.00       0.00       0.00 1.00000000
#  1371 "Aphodius_haemorr" "Aphodius_fossor"    3   2   2      0.000      0.705      0.343     -0.374      0.333      1.000      -2.05 0.03979421       0.00       0.00       0.00 1.00000000
#  1376 "Aphodius_haemorr" "Aphodius_colorad"   3   2   2      0.000      0.725      0.341     -0.503      0.333      1.000      -2.13 0.03300196       0.00       0.00       0.00 1.00000000
#  1377 "Aphodius_haemorr" "Aphodius_distinc"   3   2   2      0.000      0.760      0.330     -0.717      0.333      1.000      -2.30 0.02110368       0.00       0.00       0.00 1.00000000
#  1441 "Deltochilum_gibb" "Canthon_chalcite"   3   3   3      0.000      0.719      0.315     -0.420      0.111      1.000      -2.28 0.02219874       0.00       0.00       0.00 1.00000000
#  1449 "Deltochilum_gibb" "Boreocanthon_dep"   3   2   2      0.000      0.773      0.321     -0.754      0.333      1.000      -2.41 0.01576078       0.00       0.00       0.00 1.00000000
#  1467 "Deltochilum_gibb" "Phanaeus_igneus"    3   2   2      0.000      0.795      0.316     -0.954      0.333      1.000      -2.52 0.01157451       0.00       0.00       0.00 1.00000000
#  1529 "Geotrupes_egerie" "Boreocanthon_dep"   3   2   2      0.000      0.770      0.327     -0.790      0.333      1.000      -2.35 0.01837081       0.00       0.00       0.00 1.00000000
#  1546 "Geotrupes_egerie" "Aphodius_campest"   3   2   2      0.000      0.720      0.339     -0.444      0.333      1.000      -2.12 0.03337687       0.00       0.00       0.00 1.00000000
#  1547 "Geotrupes_egerie" "Phanaeus_igneus"    3   2   2      0.000      0.777      0.320     -0.778      0.333      1.000      -2.43 0.01495612       0.00       0.00       0.00 1.00000000
#  1549 "Geotrupes_egerie" "Ateuchus_leconte"   3   2   2      0.000      0.690      0.342     -0.255      0.333      1.000      -2.02 0.04355538       0.00       0.00       0.00 1.00000000
#  1617 "Aphodius_vittatu" "Aphodius_distinc"   3   2   2      0.000      0.707      0.341     -0.359      0.333      1.000      -2.07 0.03782916       0.00       0.00       0.00 1.00000000
#  1627 "Aphodius_vittatu" "Aphodius_prodrom"   3   2   2      0.000      0.718      0.342     -0.459      0.333      1.000      -2.10 0.03523046       0.00       0.00       0.00 1.00000000
#  1691 "Onthophagus_gaze" "Onthophagus_allu"   3   2   2      0.000      0.768      0.325     -0.748      0.333      1.000      -2.36 0.01789969       0.00       0.00       0.00 1.00000000
#  1770 "Ataenius_strigat" "Aphodius_rubripe"   3   2   2      0.000      0.780      0.324     -0.866      0.333      1.000      -2.41 0.01580161       0.00       0.00       0.00 1.00000000
#  1830 "Onthophagus_medo" "Boreocanthon_ebe"   3   3   3      0.000      0.699      0.295     -0.085      0.111      1.000      -2.37 0.01747876       0.00       0.00       0.00 1.00000000
#  1832 "Onthophagus_medo" "Canthon_imitator"   3   3   3      0.000      0.689      0.313     -0.207      0.111      1.000      -2.20 0.02768570       0.00       0.00       0.00 1.00000000
#  1834 "Onthophagus_medo" "Phanaeus_difform"   3   3   3      0.000      0.665      0.324     -0.156      0.111      1.000      -2.05 0.03982317       0.00       0.00       0.00 1.00000000
#  1835 "Onthophagus_medo" "Canthon_vigilans"   3   3   3      0.000      0.687      0.317     -0.229      0.111      1.000      -2.17 0.02987546       0.00       0.00       0.00 1.00000000
#  1841 "Onthophagus_medo" "Glaphyrocanthon_"   3   2   2      0.000      0.787      0.316     -0.854      0.333      1.000      -2.49 0.01265919       0.00       0.00       0.00 1.00000000
#  1920 "Onthophagus_nuch" "Calamosternus_gr"   3   2   2      0.000      0.735      0.334     -0.516      0.333      1.000      -2.20 0.02738804       0.00       0.00       0.00 1.00000000
#  1929 "Onthophagus_nuch" "Chilothorax_dist"   3   2   2      0.000      0.732      0.339     -0.547      0.333      1.000      -2.16 0.03081572       0.00       0.00       0.00 1.00000000
#  2054 "Boreocanthon_ebe" "Canthon_imitator"   3   3   3      0.000      0.675      0.331     -0.266      0.111      1.000      -2.04 0.04127091       0.00       0.00       0.00 1.00000000
#  2056 "Boreocanthon_ebe" "Phanaeus_difform"   3   3   3      0.000      0.707      0.314     -0.328      0.111      1.000      -2.25 0.02398932       0.00       0.00       0.00 1.00000000
#  2057 "Boreocanthon_ebe" "Canthon_vigilans"   3   3   3      0.000      0.693      0.312     -0.217      0.111      1.000      -2.23 0.02576411       0.00       0.00       0.00 1.00000000
#  2066 "Boreocanthon_ebe" "Onthophagus_allu"   3   2   2      0.000      0.805      0.311     -1.037      0.333      1.000      -2.59 0.00954670       0.00       0.00       0.00 1.00000000
#  2074 "Boreocanthon_ebe" "Onthophagus_shae"   3   2   2      0.000      0.787      0.322     -0.918      0.333      1.000      -2.45 0.01418614       0.00       0.00       0.00 1.00000000
#  2199 "Canthon_imitator" "Phanaeus_difform"   3   3   3      0.000      0.718      0.314     -0.407      0.111      1.000      -2.29 0.02200061       0.00       0.00       0.00 1.00000000
#  2200 "Canthon_imitator" "Canthon_vigilans"   3   3   3      0.000      0.718      0.310     -0.384      0.111      1.000      -2.31 0.02051896       0.00       0.00       0.00 1.00000000
#  2209 "Canthon_imitator" "Onthophagus_allu"   3   2   2      0.000      0.773      0.326     -0.815      0.333      1.000      -2.37 0.01749563       0.00       0.00       0.00 1.00000000
#  2217 "Canthon_imitator" "Onthophagus_shae"   3   2   2      0.000      0.750      0.333     -0.646      0.333      1.000      -2.25 0.02398568       0.00       0.00       0.00 1.00000000
#  2277 "Aphodius_granari" "Aphodius_fossor"    3   2   2      0.000      0.750      0.333     -0.646      0.333      1.000      -2.25 0.02398592       0.00       0.00       0.00 1.00000000
#  2282 "Aphodius_granari" "Aphodius_colorad"   3   2   2      0.000      0.750      0.333     -0.646      0.333      1.000      -2.25 0.02398604       0.00       0.00       0.00 1.00000000
#  2285 "Aphodius_granari" "Ataenius_spretul"   3   2   2      0.000      0.725      0.341     -0.503      0.333      1.000      -2.13 0.03300202       0.00       0.00       0.00 1.00000000
#  2339 "Phanaeus_difform" "Canthon_vigilans"   3   3   3      0.000      0.683      0.324     -0.261      0.111      1.000      -2.11 0.03488785       0.00       0.00       0.00 1.00000000
#  2345 "Phanaeus_difform" "Glaphyrocanthon_"   3   2   2      0.000      0.723      0.338     -0.466      0.333      1.000      -2.14 0.03228694       0.00       0.00       0.00 1.00000000
#  2356 "Phanaeus_difform" "Onthophagus_shae"   3   2   2      0.000      0.778      0.317     -0.757      0.333      1.000      -2.46 0.01376158       0.00       0.00       0.00 1.00000000
#  2413 "Canthon_vigilans" "Glaphyrocanthon_"   3   2   2      0.000      0.795      0.316     -0.954      0.333      1.000      -2.52 0.01157463       0.00       0.00       0.00 1.00000000
#  2424 "Canthon_vigilans" "Onthophagus_shae"   3   2   2      0.000      0.792      0.322     -0.988      0.333      1.000      -2.46 0.01378238       0.00       0.00       0.00 1.00000000
#  2551 "Trox_hamatus"     "Aphodius_rubripe"   3   2   2      0.000      0.762      0.327     -0.700      0.333      1.000      -2.33 0.01967061       0.00       0.00       0.00 1.00000000
#  2631 "Euoniticellus_in" "Digitonthophagus"   2   2   2      0.000      0.821      0.323     -1.294      0.250      1.000      -2.54 0.01090831       0.00       0.00       0.00 1.00000000
#  2690 "Boreocanthon_dep" "Aphodius_campest"   2   2   2      0.000      0.831      0.313     -1.337      0.250      1.000      -2.65 0.00778037       0.00       0.00       0.00 1.00000000
#  2691 "Boreocanthon_dep" "Phanaeus_igneus"    2   2   2      0.000      0.819      0.323     -1.249      0.250      1.000      -2.53 0.01104736       0.00       0.00       0.00 1.00000000
#  2693 "Boreocanthon_dep" "Ateuchus_leconte"   2   2   2      0.000      0.839      0.308     -1.409      0.250      1.000      -2.72 0.00633454       0.00       0.00       0.00 1.00000000
#  2740 "Geotrupes_opacus" "Melanocanthon_ni"   2   2   2      0.000      0.858      0.294     -1.604      0.250      1.000      -2.91 0.00346124       0.00       0.00      -2.15 0.03130257
#  2811 "Glaphyrocanthon_" "Onthophagus_shae"   2   2   2      0.000      0.808      0.329     -1.153      0.250      1.000      -2.45 0.01402718       0.00       0.00       0.00 1.00000000
#  2867 "Aphodius_fossor"  "Aphodius_colorad"   2   2   2      0.000      0.825      0.321     -1.328      0.250      1.000      -2.57 0.01000267       0.00       0.00       0.00 1.00000000
#  2868 "Aphodius_fossor"  "Aphodius_distinc"   2   2   2      0.000      0.842      0.305     -1.446      0.250      1.000      -2.76 0.00567567       0.00       0.00       0.00 1.00000000
#  2878 "Aphodius_fossor"  "Aphodius_prodrom"   2   2   2      0.000      0.820      0.326     -1.304      0.250      1.000      -2.51 0.01170981       0.00       0.00       0.00 1.00000000
#  3051 "Calamosternus_gr" "Chilothorax_dist"   2   2   2      0.000      0.819      0.323     -1.249      0.250      1.000      -2.53 0.01104736       0.00       0.00       0.00 1.00000000
#  3052 "Calamosternus_gr" "Colobopterus_err"   2   2   2      0.000      0.817      0.326     -1.260      0.250      1.000      -2.51 0.01185620       0.00       0.00       0.00 1.00000000
#  3057 "Calamosternus_gr" "Teuchestes_fosso"   2   2   2      0.000      0.840      0.311     -1.473      0.250      1.000      -2.70 0.00680858       0.00       0.00       0.00 1.00000000
#  3158 "Aphodius_colorad" "Aphodius_distinc"   2   2   2      0.000      0.815      0.325     -1.216      0.250      1.000      -2.51 0.01199937       0.00       0.00       0.00 1.00000000
#  3168 "Aphodius_colorad" "Aphodius_prodrom"   2   2   2      0.000      0.770      0.348     -0.870      0.250      1.000      -2.21 0.02646834       0.00       0.00       0.00 1.00000000
#  3223 "Aphodius_distinc" "Aphodius_prodrom"   2   2   2      0.000      0.845      0.312     -1.574      0.250      1.000      -2.71 0.00657439       0.00       0.00       0.00 1.00000000
#  3529 "Chilothorax_dist" "Colobopterus_err"   2   2   2      0.000      0.832      0.316     -1.399      0.250      1.000      -2.63 0.00831950       0.00       0.00       0.00 1.00000000
#  3534 "Chilothorax_dist" "Teuchestes_fosso"   2   2   2      0.000      0.789      0.339     -1.006      0.250      1.000      -2.33 0.01979035       0.00       0.00       0.00 1.00000000
#  3582 "Colobopterus_err" "Teuchestes_fosso"   2   2   2      0.000      0.824      0.318     -1.269      0.250      1.000      -2.59 0.00939715       0.00       0.00       0.00 1.00000000
#  3626 "Aphodius_campest" "Phanaeus_igneus"    2   2   2      0.000      0.794      0.340     -1.083      0.250      1.000      -2.33 0.01945949       0.00       0.00       0.00 1.00000000
#  3628 "Aphodius_campest" "Ateuchus_leconte"   2   2   2      0.000      0.770      0.348     -0.870      0.250      1.000      -2.21 0.02646834       0.00       0.00       0.00 1.00000000
#  3674 "Phanaeus_igneus"  "Ateuchus_leconte"   2   2   2      0.000      0.811      0.327     -1.184      0.250      1.000      -2.48 0.01299280       0.00       0.00       0.00 1.00000000
 
> Name               SP   CL+   CL-   BM+   BM-   BC+   BC-   BY+   BY-       NR   CL+   CL+
> NW_scarabs.txt   4753     2    76     2     0     2     0     2     1   950600 23765 28518
 
& File           Speci   Individ     BRInd       BRZ Cscoreind   CscoreZ Soeren.In  Soeren.Z    AbsInd      AbsZ CheckerIn  CheckerZ   CombInd     CombZ   CorrInd     CorrZ    SchInd      SchZ
& NW_scarabs.txt    98    227.00    0.6123   -1.3250    0.0181    2.5794    0.0009    0.0588   -0.0004   -0.7900    0.0524   12.3874    0.7385    5.2969   -0.1407   -2.2296    0.0000    0.0003
 
%          Observed numbers                                          Expected numbers
% Class    Pairs   CL+   CL-   BM+   BM-   BC+   BC-   BY+   BY-       NR   CL+   CL-
% 0.000      740     0    76     0     0     0     0     0     1   127911  3162  3871
% 0.025        0     0     0     0     0     0     0     0     0       76     1     1
% 0.075        2     0     0     0     0     0     0     0     0      292     6    12
% 0.125       25     0     0     0     0     0     0     0     0     4048    97   123
% 0.175       17     0     0     0     0     0     0     0     0     2509    76    86
% 0.225       37     0     0     0     0     0     0     0     0     7877   182   240
% 0.275       36     0     0     0     0     0     0     0     0    17341   456   512
% 0.325       50     0     0     0     0     0     0     0     0    30855   812   908
% 0.375       18     0     0     0     0     0     0     0     0     7575   195   211
% 0.425       92     0     0     0     0     0     0     0     0    34827   864  1023
% 0.475       18     0     0     0     0     0     0     0     0     4240   120   129
% 0.525       69     0     0     0     0     0     0     0     0    17554   438   498
% 0.575       16     0     0     0     0     0     0     0     0     3750    91   111
% 0.625       18     0     0     0     0     0     0     0     0     5134   121   146
% 0.675        5     0     0     0     0     0     0     0     0      877    28    23
% 0.725        0     0     0     0     0     0     0     0     0       29     2     0
% 0.775        0     0     0     0     0     0     0     0     0        1     0     1
% 0.825        0     0     0     0     0     0     0     0     0        0     0     0
% 0.875        0     0     0     0     0     0     0     0     0        0     0     0
% 0.925        0     0     0     0     0     0     0     0     0        0     0     0
% 0.975        0     0     0     0     0     0     0     0     0        0     0     0
% 1.000     3610     2     0     2     0     2     0     2     0   685704 17114 20623
