<  File:  NAmBats.txt    Species:  110 Sites:   47 MatFill: 0.12 Occ:    609 1.000% Confidence limit  Index: c Model: fixed - fixed                      
 
#    No             Sp1                Sp2     S1  S2 Com  Obs.Score  Exp.Score  Exp.StDev   Skewness    LowerCL    UpperCL SigZ-Score      Alpha >MeanScore   >CLScore   >BJScore      Alpha
#     1 "Artibeus_jamaicen "Eptesicus_fuscus"  23  23   1      0.915      0.220      0.070      0.817      0.093      0.425       9.95 0.00000000       0.00       0.00       9.95 0.00000000
#     2 "Artibeus_jamaicen "Glossophaga_soric  23  21  21      0.000      0.251      0.075      0.230      0.099      0.464      -3.34 0.00079423       0.00       0.00      -2.67 0.00736721
#     3 "Artibeus_jamaicen "Artibeus_lituratu  23  20  20      0.000      0.255      0.077      0.149      0.117      0.452      -3.33 0.00082803       0.00       0.00      -2.66 0.00768070
#     4 "Artibeus_jamaicen "Artibeus_phaeotis  23  19  19      0.000      0.261      0.077      0.424      0.103      0.506      -3.37 0.00071895       0.00       0.00      -2.71 0.00666891
#     5 "Artibeus_jamaicen "Sturnira_lilium"   23  19  19      0.000      0.257      0.083      0.569      0.103      0.506      -3.11 0.00181460       0.00       0.00       0.00 1.00000000
#     6 "Artibeus_jamaicen "Lasiurus_cinereus  23  17   0      1.000      0.279      0.087      0.227      0.102      0.478       8.33 0.00000000       8.33       8.33       8.33 0.00000000
#     7 "Artibeus_jamaicen "Myotis_lucifugus"  23  15   0      1.000      0.295      0.089      0.370      0.139      0.522       7.88 0.00000000       7.88       7.88       7.88 0.00000000
#     8 "Artibeus_jamaicen "Centurio_senex"    23  15  15      0.000      0.298      0.098      0.380      0.096      0.606      -3.04 0.00231189       0.00       0.00       0.00 1.00000000
#     9 "Artibeus_jamaicen "Lasiurus_borealis  23  14   0      1.000      0.308      0.115      0.501      0.112      0.590       6.04 0.00000000       6.04       6.04       6.04 0.00000000
#    10 "Artibeus_jamaicen "Desmodus_rotundus  23  14  14      0.000      0.286      0.098      0.980      0.068      0.683      -2.90 0.00359482       0.00       0.00       0.00 1.00000000
#    11 "Artibeus_jamaicen "Myotis_keenii"     23  13   0      1.000      0.302      0.104      0.279      0.080      0.572       6.71 0.00000000       6.71       6.71       6.71 0.00000000
#    12 "Artibeus_jamaicen "Carollia_perspici  23  13  13      0.000      0.325      0.106      0.598      0.130      0.669      -3.05 0.00218803       0.00       0.00       0.00 1.00000000
#    13 "Artibeus_jamaicen "Platyrrhinus_hell  23  13  13      0.000      0.296      0.103      0.407      0.080      0.572      -2.88 0.00390863       0.00       0.00       0.00 1.00000000
#    14 "Artibeus_jamaicen "Lasionycteris_noc  23  13   0      1.000      0.316      0.110      0.502      0.080      0.572       6.23 0.00000000       6.23       6.23       6.23 0.00000000
#    15 "Artibeus_jamaicen "Uroderma_bilobatu  23  13  13      0.000      0.302      0.106      0.478      0.080      0.572      -2.85 0.00423998       0.00       0.00       0.00 1.00000000
#    16 "Artibeus_jamaicen "Artibeus_toltecus  23  12  12      0.000      0.310      0.111      0.500      0.094      0.551      -2.79 0.00520945       0.00       0.00       0.00 1.00000000
#    17 "Artibeus_jamaicen "Pteronotus_parnel  23  12  12      0.000      0.324      0.103      0.393      0.152      0.551      -3.16 0.00153375       0.00       0.00       0.00 1.00000000
#    19 "Artibeus_jamaicen "Perimyotis_subfla  23  10   0      1.000      0.324      0.131      0.511      0.061      0.730       5.15 0.00000024       5.15       5.15       4.72 0.00000221
#    20 "Artibeus_jamaicen "Phyllostomus_disc  23  10  10      0.000      0.332      0.135      0.317      0.061      0.730      -2.46 0.01382005       0.00       0.00       0.00 1.00000000
#    21 "Artibeus_jamaicen "Tadarida_brasilie  23   9   0      1.000      0.342      0.147      0.284      0.000      0.850       4.47 0.00000727       4.47       4.47       3.97 0.00006745
#    22 "Artibeus_jamaicen "Myotis_leibii"     23   9   0      1.000      0.345      0.143      0.665      0.072      0.850       4.58 0.00000435       4.58       4.58       4.09 0.00004036
#    23 "Artibeus_jamaicen "Pteronotus_davyi"  23   8   8      0.000      0.346      0.146      0.610      0.087      0.837      -2.36 0.01790172       0.00       0.00       0.00 1.00000000
#    24 "Artibeus_jamaicen "Choeroniscus_godm  23   8   8      0.000      0.355      0.152      0.479      0.087      0.837      -2.34 0.01920897       0.00       0.00       0.00 1.00000000
#    25 "Artibeus_jamaicen "Mormoops_megaloph  23   8   8      0.000      0.346      0.140      0.251      0.087      0.685      -2.48 0.01291066       0.00       0.00       0.00 1.00000000
#    27 "Artibeus_jamaicen "Artibeus_intermed  23   8   8      0.000      0.380      0.163      0.247      0.087      0.837      -2.33 0.01941121       0.00       0.00       0.00 1.00000000
#    28 "Artibeus_jamaicen "Sturnira_ludovici  23   7   7      0.000      0.370      0.174      0.533      0.106      0.820      -2.13 0.03273869       0.00       0.00       0.00 1.00000000
#    29 "Artibeus_jamaicen "Vampyressa_pusill  23   7   7      0.000      0.375      0.167      0.743      0.106      1.000      -2.25 0.02425569       0.00       0.00       0.00 1.00000000
#    33 "Artibeus_jamaicen "Saccopteryx_bilin  23   6   6      0.000      0.397      0.180      0.748      0.130      1.000      -2.21 0.02675301       0.00       0.00       0.00 1.00000000
#    34 "Artibeus_jamaicen "Myotis_volans"     23   6   0      1.000      0.368      0.192      0.434      0.000      0.797       3.29 0.00096178       3.29       3.29       2.61 0.00892137
#    35 "Artibeus_jamaicen "Nycticeius_humera  23   6   0      1.000      0.375      0.176      0.213      0.000      0.797       3.55 0.00036353       3.55       3.55       2.92 0.00337205
#    36 "Artibeus_jamaicen "Parastrellus_hesp  23   6   0      1.000      0.391      0.179      0.311      0.000      0.797       3.39 0.00066131       3.39       3.39       2.73 0.00613427
#    40 "Artibeus_jamaicen "Myotis_yumanensis  23   5   0      1.000      0.355      0.192      0.174      0.000      0.765       3.36 0.00074631       3.36       3.36       2.69 0.00692269
#    46 "Artibeus_jamaicen "Myotis_thysanodes  23   5   0      1.000      0.383      0.192      0.235      0.000      0.765       3.21 0.00129515       3.21       3.21       0.00 1.00000000
#   110 "Eptesicus_fuscus" "Glossophaga_soric  23  21   1      0.911      0.253      0.089      0.847      0.099      0.596       7.43 0.00000000       0.00       0.00       7.43 0.00000000
#   111 "Eptesicus_fuscus" "Artibeus_lituratu  23  20   1      0.909      0.252      0.084      0.420      0.087      0.452       7.85 0.00000000       0.00       0.00       7.85 0.00000000
#   112 "Eptesicus_fuscus" "Artibeus_phaeotis  23  19   0      1.000      0.271      0.078      0.448      0.103      0.506       9.34 0.00000000       9.34       9.34       9.34 0.00000000
#   113 "Eptesicus_fuscus" "Sturnira_lilium"   23  19   1      0.906      0.258      0.085      0.220      0.073      0.439       7.67 0.00000000       0.00       0.00       7.67 0.00000000
#   114 "Eptesicus_fuscus" "Lasiurus_cinereus  23  17  15      0.041      0.281      0.082      0.723      0.141      0.552      -2.93 0.00333148       0.00       0.00       0.00 1.00000000
#   115 "Eptesicus_fuscus" "Myotis_lucifugus"  23  15  14      0.026      0.287      0.105      0.314      0.058      0.522      -2.49 0.01238263      -2.49      -2.49       0.00 1.00000000
#   116 "Eptesicus_fuscus" "Centurio_senex"    23  15   0      1.000      0.284      0.112      0.579      0.058      0.606       6.39 0.00000000       6.39       6.39       6.39 0.00000000
#   118 "Eptesicus_fuscus" "Desmodus_rotundus  23  14   1      0.888      0.313      0.103      1.052      0.112      0.683       5.59 0.00000006       0.00       0.00       5.00 0.00000055
#   119 "Eptesicus_fuscus" "Myotis_keenii"     23  13  12      0.037      0.312      0.113      0.433      0.080      0.572      -2.43 0.01466912      -2.43      -2.43       0.00 1.00000000
#   120 "Eptesicus_fuscus" "Carollia_perspici  23  13   1      0.883      0.308      0.109      0.271      0.080      0.572       5.28 0.00000012       0.00       0.00       4.85 0.00000111
#   121 "Eptesicus_fuscus" "Platyrrhinus_hell  23  13   0      1.000      0.304      0.119      0.225      0.080      0.572       5.86 0.00000000       5.86       5.86       5.86 0.00000000
#   122 "Eptesicus_fuscus" "Lasionycteris_noc  23  13  12      0.037      0.299      0.102      0.231      0.130      0.572      -2.58 0.00966507      -2.58      -2.58       0.00 1.00000000
#   123 "Eptesicus_fuscus" "Uroderma_bilobatu  23  13   0      1.000      0.303      0.106      0.417      0.080      0.572       6.57 0.00000000       6.57       6.57       6.57 0.00000000
#   124 "Eptesicus_fuscus" "Artibeus_toltecus  23  12   0      1.000      0.328      0.112      0.522      0.094      0.652       5.99 0.00000000       5.99       5.99       5.99 0.00000000
#   125 "Eptesicus_fuscus" "Pteronotus_parnel  23  12   1      0.877      0.331      0.132      0.637      0.043      0.761       4.14 0.00003242       0.00       0.00       3.60 0.00030077
#   126 "Eptesicus_fuscus" "Artibeus_watsoni"  23  11   0      1.000      0.322      0.116      0.138      0.051      0.632       5.87 0.00000000       5.87       5.87       5.87 0.00000000
#   128 "Eptesicus_fuscus" "Phyllostomus_disc  23  10   0      1.000      0.311      0.121      0.387      0.061      0.609       5.68 0.00000000       5.68       5.68       5.68 0.00000000
#   130 "Eptesicus_fuscus" "Myotis_leibii"     23   9   9      0.000      0.336      0.139      0.466      0.072      0.850      -2.41 0.01562011       0.00       0.00       0.00 1.00000000
#   131 "Eptesicus_fuscus" "Pteronotus_davyi"  23   8   0      1.000      0.341      0.130      0.251      0.087      0.685       5.08 0.00000036       5.08       5.08       4.64 0.00000332
#   132 "Eptesicus_fuscus" "Choeroniscus_godm  23   8   0      1.000      0.354      0.153      0.234      0.000      0.685       4.23 0.00002164       4.23       4.23       3.71 0.00020070
#   133 "Eptesicus_fuscus" "Mormoops_megaloph  23   8   0      1.000      0.332      0.150      0.573      0.087      0.837       4.47 0.00000745       4.47       4.47       3.97 0.00006911
#   134 "Eptesicus_fuscus" "Carollia_sowelli"  23   8   1      0.837      0.323      0.142      0.645      0.087      0.685       3.61 0.00029135       0.00       0.00       2.99 0.00270251
#   135 "Eptesicus_fuscus" "Artibeus_intermed  23   8   0      1.000      0.344      0.139      0.472      0.087      0.685       4.72 0.00000221       4.72       4.72       4.25 0.00002046
#   137 "Eptesicus_fuscus" "Vampyressa_pusill  23   7   0      1.000      0.334      0.154      0.457      0.000      0.820       4.34 0.00001371       4.34       4.34       3.82 0.00012716
#   140 "Eptesicus_fuscus" "Glossophaga_commi  23   6   0      1.000      0.357      0.190      0.334      0.000      0.797       3.38 0.00069314       3.38       3.38       2.72 0.00642951
#   141 "Eptesicus_fuscus" "Saccopteryx_bilin  23   6   0      1.000      0.351      0.194      0.350      0.000      0.797       3.35 0.00078565       3.35       3.35       2.68 0.00728759
#   142 "Eptesicus_fuscus" "Myotis_volans"     23   6   6      0.000      0.350      0.189      0.732      0.130      0.797      -1.86 0.06325960       0.00       0.00       0.00 1.00000000
#   150 "Eptesicus_fuscus" "Lampronycteris_br  23   5   0      1.000      0.422      0.185      0.123      0.000      0.765       3.12 0.00172162       3.12       3.12       0.00 1.00000000
#   154 "Eptesicus_fuscus" "Myotis_thysanodes  23   5   5      0.000      0.405      0.195      0.482      0.165      1.000      -2.07 0.03789485       0.00       0.00       0.00 1.00000000
#   157 "Eptesicus_fuscus" "Micronycteris_meg  23   4   0      1.000      0.365      0.217      0.210      0.000      0.717       2.93 0.00325871       2.93       2.93       0.00 1.00000000
#   218 "Glossophaga_soric "Artibeus_lituratu  21  20  18      0.014      0.281      0.083      0.129      0.133      0.433      -3.23 0.00117707      -3.23      -3.23       0.00 1.00000000
#   219 "Glossophaga_soric "Artibeus_phaeotis  21  19  18      0.008      0.287      0.095      1.427      0.120      0.722      -2.94 0.00315082      -2.94      -2.94       0.00 1.00000000
#   220 "Glossophaga_soric "Sturnira_lilium"   21  19  18      0.008      0.278      0.085      0.418      0.120      0.489      -3.18 0.00139654      -3.18      -3.18       0.00 1.00000000
#   221 "Glossophaga_soric "Lasiurus_cinereus  21  17   0      1.000      0.286      0.090      0.484      0.126      0.538       7.96 0.00000000       7.96       7.96       7.96 0.00000000
#   222 "Glossophaga_soric "Myotis_lucifugus"  21  15   0      1.000      0.315      0.113      0.389      0.086      0.594       6.04 0.00000000       6.04       6.04       6.04 0.00000000
#   223 "Glossophaga_soric "Centurio_senex"    21  15  13      0.051      0.318      0.106      0.591      0.086      0.686      -2.52 0.01155782       0.00       0.00       0.00 1.00000000
#   224 "Glossophaga_soric "Lasiurus_borealis  21  14   0      1.000      0.333      0.108      0.376      0.061      0.673       6.17 0.00000000       6.17       6.17       6.17 0.00000000
#   225 "Glossophaga_soric "Desmodus_rotundus  21  14  13      0.027      0.327      0.111      0.204      0.061      0.578      -2.69 0.00694698      -2.69      -2.69       0.00 1.00000000
#   226 "Glossophaga_soric "Myotis_keenii"     21  13   0      1.000      0.328      0.106      0.100      0.121      0.560       6.32 0.00000000       6.32       6.32       6.32 0.00000000
#   227 "Glossophaga_soric "Carollia_perspici  21  13  13      0.000      0.342      0.123      0.402      0.121      0.659      -2.79 0.00513536       0.00       0.00       0.00 1.00000000
#   228 "Glossophaga_soric "Platyrrhinus_hell  21  13  13      0.000      0.347      0.142      0.657      0.121      0.766      -2.45 0.01412165       0.00       0.00       0.00 1.00000000
#   229 "Glossophaga_soric "Lasionycteris_noc  21  13   0      1.000      0.356      0.114      0.057      0.073      0.659       5.67 0.00000000       5.67       5.67       5.67 0.00000000
#   230 "Glossophaga_soric "Uroderma_bilobatu  21  13  12      0.033      0.338      0.117      0.309      0.073      0.659      -2.60 0.00912762      -2.60      -2.60       0.00 1.00000000
#   231 "Glossophaga_soric "Artibeus_toltecus  21  12  11      0.040      0.363      0.129      0.148      0.087      0.754      -2.50 0.01215130      -2.50      -2.50       0.00 1.00000000
#   232 "Glossophaga_soric "Pteronotus_parnel  21  12  12      0.000      0.354      0.147      0.732      0.040      0.873      -2.40 0.01604319       0.00       0.00       0.00 1.00000000
#   233 "Glossophaga_soric "Artibeus_watsoni"  21  11  11      0.000      0.357      0.131      0.575      0.104      0.740      -2.73 0.00615007       0.00       0.00       0.00 1.00000000
#   234 "Glossophaga_soric "Perimyotis_subfla  21  10   0      1.000      0.344      0.127      0.335      0.124      0.600       5.14 0.00000024       5.14       5.14       4.72 0.00000221
#   235 "Glossophaga_soric "Phyllostomus_disc  21  10   9      0.057      0.366      0.136      0.442      0.124      0.724      -2.27 0.02321208       0.00       0.00       0.00 1.00000000
#   236 "Glossophaga_soric "Tadarida_brasilie  21   9   0      1.000      0.378      0.146      0.522      0.069      0.847       4.26 0.00001895       4.26       4.26       3.74 0.00017582
#   237 "Glossophaga_soric "Myotis_leibii"     21   9   0      1.000      0.399      0.143      0.644      0.069      0.847       4.19 0.00002617       4.19       4.19       3.66 0.00024272
#   249 "Glossophaga_soric "Myotis_volans"     21   6   0      1.000      0.390      0.192      0.465      0.000      0.794       3.17 0.00146800       3.17       3.17       0.00 1.00000000
#   325 "Artibeus_lituratu "Artibeus_phaeotis  20  19  17      0.016      0.298      0.102      1.018      0.147      0.632      -2.75 0.00573236      -2.75      -2.75       0.00 1.00000000
#   326 "Artibeus_lituratu "Sturnira_lilium"   20  19  16      0.032      0.289      0.082     -0.095      0.079      0.479      -3.14 0.00163823      -3.14       0.00       0.00 1.00000000
#   327 "Artibeus_lituratu "Lasiurus_cinereus  20  17   0      1.000      0.319      0.095      0.403      0.118      0.612       7.19 0.00000000       7.19       7.19       7.19 0.00000000
#   328 "Artibeus_lituratu "Myotis_lucifugus"  20  15   0      1.000      0.343      0.107      0.142      0.047      0.587       6.15 0.00000000       6.15       6.15       6.15 0.00000000
#   329 "Artibeus_lituratu "Centurio_senex"    20  15  13      0.047      0.349      0.106      0.235      0.080      0.680      -2.85 0.00429893      -2.85      -2.85       0.00 1.00000000
#   330 "Artibeus_lituratu "Lasiurus_borealis  20  14   0      1.000      0.354      0.120      0.361      0.096      0.668       5.39 0.00000006       5.39       5.39       5.00 0.00000055
#   331 "Artibeus_lituratu "Desmodus_rotundus  20  14  11      0.096      0.353      0.122      0.521      0.143      0.668      -2.10 0.03497833       0.00       0.00       0.00 1.00000000
#   332 "Artibeus_lituratu "Myotis_keenii"     20  13   0      1.000      0.353      0.126      0.142      0.069      0.654       5.12 0.00000030       5.12       5.12       4.68 0.00000276
#   333 "Artibeus_lituratu "Carollia_perspici  20  13  13      0.000      0.370      0.109      0.501      0.169      0.762      -3.39 0.00067747       0.00       0.00      -2.72 0.00628410
#   334 "Artibeus_lituratu "Platyrrhinus_hell  20  13  13      0.000      0.353      0.113      0.602      0.115      0.654      -3.13 0.00167042       0.00       0.00       0.00 1.00000000
#   335 "Artibeus_lituratu "Lasionycteris_noc  20  13   0      1.000      0.371      0.141      0.486      0.115      0.762       4.47 0.00000745       4.47       4.47       3.97 0.00006911
#   336 "Artibeus_lituratu "Uroderma_bilobatu  20  13  13      0.000      0.329      0.117      0.789      0.115      0.654      -2.81 0.00488418       0.00       0.00       0.00 1.00000000
#   337 "Artibeus_lituratu "Artibeus_toltecus  20  12  12      0.000      0.382      0.123      0.657      0.138      0.750      -3.10 0.00188953       0.00       0.00       0.00 1.00000000
#   338 "Artibeus_lituratu "Pteronotus_parnel  20  12  10      0.083      0.400      0.135      1.051      0.138      1.000      -2.35 0.01847929       0.00       0.00       0.00 1.00000000
#   339 "Artibeus_lituratu "Artibeus_watsoni"  20  11  11      0.000      0.357      0.131      0.210      0.100      0.736      -2.73 0.00610769       0.00       0.00       0.00 1.00000000
#   340 "Artibeus_lituratu "Perimyotis_subfla  20  10   0      1.000      0.374      0.145      0.418      0.055      0.855       4.32 0.00001460       4.32       4.32       3.80 0.00013546
#   341 "Artibeus_lituratu "Phyllostomus_disc  20  10  10      0.000      0.380      0.133      0.396      0.120      0.720      -2.86 0.00417590       0.00       0.00       0.00 1.00000000
#   342 "Artibeus_lituratu "Tadarida_brasilie  20   9   0      1.000      0.401      0.162      0.454      0.067      0.844       3.70 0.00020576       3.70       3.70       3.09 0.00190856
#   343 "Artibeus_lituratu "Myotis_leibii"     20   9   0      1.000      0.389      0.149      0.380      0.067      0.700       4.09 0.00004065       4.09       4.09       3.54 0.00037707
#   347 "Artibeus_lituratu "Carollia_sowelli"  20   8   8      0.000      0.409      0.151      0.206      0.081      0.831      -2.70 0.00669873       0.00       0.00       0.00 1.00000000
#   351 "Artibeus_lituratu "Chiroderma_villos  20   6   6      0.000      0.413      0.174      0.441      0.125      0.792      -2.37 0.01762348       0.00       0.00       0.00 1.00000000
#   366 "Artibeus_lituratu "Myotis_sodalis"    20   5   0      1.000      0.417      0.211      0.047      0.000      0.760       2.76 0.00555348       2.76       2.76       0.00 1.00000000
#   431 "Artibeus_phaeotis "Sturnira_lilium"   19  19  17      0.011      0.302      0.109      0.548      0.100      0.623      -2.66 0.00761688      -2.66      -2.66       0.00 1.00000000
#   432 "Artibeus_phaeotis "Lasiurus_cinereus  19  17   0      1.000      0.321      0.104      0.449      0.108      0.604       6.51 0.00000000       6.51       6.51       6.51 0.00000000
#   433 "Artibeus_phaeotis "Myotis_lucifugus"  19  15   0      1.000      0.332      0.116      0.526      0.074      0.674       5.76 0.00000000       5.76       5.76       5.76 0.00000000
#   434 "Artibeus_phaeotis "Centurio_senex"    19  15  13      0.042      0.347      0.104      0.389      0.112      0.674      -2.92 0.00336558      -2.92      -2.92       0.00 1.00000000
#   435 "Artibeus_phaeotis "Lasiurus_borealis  19  14   0      1.000      0.327      0.108      0.173      0.090      0.564       6.24 0.00000000       6.24       6.24       6.24 0.00000000
#   436 "Artibeus_phaeotis "Desmodus_rotundus  19  14  12      0.053      0.370      0.121      0.414      0.090      0.662      -2.62 0.00870198       0.00       0.00       0.00 1.00000000
#   437 "Artibeus_phaeotis "Myotis_keenii"     19  13   0      1.000      0.365      0.124      0.463      0.162      0.648       5.11 0.00000030       5.11       5.11       4.68 0.00000276
#   438 "Artibeus_phaeotis "Carollia_perspici  19  13  12      0.028      0.370      0.130      0.331      0.065      0.757      -2.62 0.00873142      -2.62      -2.62       0.00 1.00000000
#   439 "Artibeus_phaeotis "Platyrrhinus_hell  19  13  13      0.000      0.363      0.133      0.535      0.109      0.757      -2.73 0.00623149       0.00       0.00       0.00 1.00000000
#   440 "Artibeus_phaeotis "Lasionycteris_noc  19  13   0      1.000      0.368      0.128      0.422      0.109      0.757       4.95 0.00000072       4.95       4.95       4.49 0.00000663
#   441 "Artibeus_phaeotis "Uroderma_bilobatu  19  13  12      0.028      0.356      0.129      0.758      0.109      0.757      -2.54 0.01076567      -2.54      -2.54       0.00 1.00000000
#   442 "Artibeus_phaeotis "Artibeus_toltecus  19  12  12      0.000      0.380      0.110      0.787      0.193      0.746      -3.47 0.00049549       0.00       0.00      -2.83 0.00459614
#   444 "Artibeus_phaeotis "Artibeus_watsoni"  19  11  11      0.000      0.388      0.138      0.166      0.096      0.732      -2.82 0.00473553       0.00       0.00       0.00 1.00000000
#   445 "Artibeus_phaeotis "Perimyotis_subfla  19  10   0      1.000      0.400      0.127     -0.267      0.116      0.716       4.72 0.00000226       4.72       4.72       4.24 0.00002101
#   446 "Artibeus_phaeotis "Phyllostomus_disc  19  10   8      0.116      0.402      0.128      0.587      0.189      0.853      -2.23 0.02527672       0.00       0.00       0.00 1.00000000
#   447 "Artibeus_phaeotis "Tadarida_brasilie  19   9   0      1.000      0.414      0.153      0.104      0.140      0.842       3.82 0.00012690       3.82       3.82       3.23 0.00117709
#   448 "Artibeus_phaeotis "Myotis_leibii"     19   9   0      1.000      0.413      0.179      0.466      0.064      0.842       3.27 0.00101829       3.27       3.27       2.59 0.00944551
#   451 "Artibeus_phaeotis "Mormoops_megaloph  19   8   8      0.000      0.450      0.171      0.057      0.079      0.829      -2.63 0.00836617       0.00       0.00       0.00 1.00000000
#   456 "Artibeus_phaeotis "Chiroderma_villos  19   6   6      0.000      0.429      0.180      0.595      0.123      1.000      -2.39 0.01666385       0.00       0.00       0.00 1.00000000
#   458 "Artibeus_phaeotis "Glossophaga_commi  19   6   6      0.000      0.466      0.194      0.448      0.123      1.000      -2.41 0.01590097       0.00       0.00       0.00 1.00000000
#   460 "Artibeus_phaeotis "Myotis_volans"     19   6   0      1.000      0.434      0.179      0.227      0.123      0.789       3.16 0.00149834       3.16       3.16       0.00 1.00000000
#   462 "Artibeus_phaeotis "Parastrellus_hesp  19   6   0      1.000      0.433      0.180      0.157      0.000      0.789       3.15 0.00155085       3.15       3.15       0.00 1.00000000
#   465 "Artibeus_phaeotis "Vampyrodes_caracc  19   6   6      0.000      0.431      0.193      0.594      0.123      1.000      -2.24 0.02509898       0.00       0.00       0.00 1.00000000
#   466 "Artibeus_phaeotis "Myotis_yumanensis  19   5   0      1.000      0.430      0.211      0.099      0.000      0.758       2.70 0.00682455       2.70       2.70       0.00 1.00000000
#   536 "Sturnira_lilium"  "Lasiurus_cinereus  19  17   0      1.000      0.331      0.114      0.988      0.108      0.789       5.86 0.00000000       5.86       5.86       5.86 0.00000000
#   537 "Sturnira_lilium"  "Myotis_lucifugus"  19  15   0      1.000      0.332      0.112      0.688      0.112      0.674       5.94 0.00000000       5.94       5.94       5.94 0.00000000
#   538 "Sturnira_lilium"  "Centurio_senex"    19  15  12      0.074      0.344      0.112      0.283      0.112      0.674      -2.43 0.01504779       0.00       0.00       0.00 1.00000000
#   539 "Sturnira_lilium"  "Lasiurus_borealis  19  14   0      1.000      0.355      0.117      0.153      0.090      0.662       5.53 0.00000006       5.53       5.53       5.00 0.00000055
#   540 "Sturnira_lilium"  "Desmodus_rotundus  19  14  14      0.000      0.346      0.109      0.462      0.135      0.662      -3.18 0.00139707       0.00       0.00       0.00 1.00000000
#   541 "Sturnira_lilium"  "Myotis_keenii"     19  13   0      1.000      0.345      0.107      0.161      0.109      0.648       6.13 0.00000000       6.13       6.13       6.13 0.00000000
#   543 "Sturnira_lilium"  "Platyrrhinus_hell  19  13  11      0.065      0.343      0.116      0.390      0.109      0.648      -2.39 0.01646096       0.00       0.00       0.00 1.00000000
#   544 "Sturnira_lilium"  "Lasionycteris_noc  19  13   0      1.000      0.364      0.127      0.518      0.109      0.757       5.00 0.00000054       5.00       5.00       4.55 0.00000498
#   547 "Sturnira_lilium"  "Pteronotus_parnel  19  12  12      0.000      0.364      0.118      0.231      0.132      0.632      -3.10 0.00189120       0.00       0.00       0.00 1.00000000
#   549 "Sturnira_lilium"  "Perimyotis_subfla  19  10   0      1.000      0.384      0.149      0.069      0.053      0.716       4.12 0.00003511       4.12       4.12       3.58 0.00032565
#   551 "Sturnira_lilium"  "Tadarida_brasilie  19   9   0      1.000      0.411      0.160      0.352      0.140      0.842       3.67 0.00022906       3.67       3.67       3.06 0.00212474
#   552 "Sturnira_lilium"  "Myotis_leibii"     19   9   0      1.000      0.400      0.140      0.228      0.140      0.696       4.29 0.00001693       4.29       4.29       3.77 0.00015702
#   555 "Sturnira_lilium"  "Mormoops_megaloph  19   8   8      0.000      0.427      0.167      0.793      0.079      1.000      -2.56 0.01019579       0.00       0.00       0.00 1.00000000
#   558 "Sturnira_lilium"  "Sturnira_ludovici  19   7   7      0.000      0.425      0.180      0.616      0.098      1.000      -2.36 0.01795018       0.00       0.00       0.00 1.00000000
#   560 "Sturnira_lilium"  "Chiroderma_villos  19   6   6      0.000      0.435      0.198      0.464      0.123      1.000      -2.19 0.02800310       0.00       0.00       0.00 1.00000000
#   561 "Sturnira_lilium"  "Antrozous_pallidu  19   6   0      1.000      0.458      0.189      0.036      0.000      0.789       2.86 0.00406921       2.86       2.86       0.00 1.00000000
#   564 "Sturnira_lilium"  "Myotis_volans"     19   6   0      1.000      0.439      0.173      0.133      0.123      0.789       3.25 0.00109833       3.25       3.25       0.00 1.00000000
#   566 "Sturnira_lilium"  "Parastrellus_hesp  19   6   0      1.000      0.463      0.175     -0.050      0.000      0.789       3.07 0.00207502       3.07       3.07       0.00 1.00000000
#   640 "Lasiurus_cinereus "Myotis_lucifugus"  17  15  10      0.137      0.379      0.109      0.267      0.188      0.659      -2.23 0.02560949       0.00       0.00       0.00 1.00000000
#   641 "Lasiurus_cinereus "Centurio_senex"    17  15   0      1.000      0.376      0.117      0.510      0.137      0.765       5.34 0.00000012       5.34       5.34       4.85 0.00000111
#   643 "Lasiurus_cinereus "Desmodus_rotundus  17  14   0      1.000      0.360      0.122      0.290      0.118      0.647       5.26 0.00000012       5.26       5.26       4.85 0.00000111
#   645 "Lasiurus_cinereus "Carollia_perspici  17  13   0      1.000      0.375      0.125      0.169      0.095      0.633       5.02 0.00000054       5.02       5.02       4.55 0.00000498
#   646 "Lasiurus_cinereus "Platyrrhinus_hell  17  13   0      1.000      0.395      0.126      0.275      0.145      0.747       4.82 0.00000137       4.82       4.82       4.35 0.00001272
#   647 "Lasiurus_cinereus "Lasionycteris_noc  17  13  12      0.023      0.380      0.123      0.232      0.145      0.747      -2.91 0.00354129      -2.91      -2.91       0.00 1.00000000
#   648 "Lasiurus_cinereus "Uroderma_bilobatu  17  13   0      1.000      0.401      0.128      0.602      0.145      0.747       4.69 0.00000256       4.69       4.69       4.21 0.00002377
#   649 "Lasiurus_cinereus "Artibeus_toltecus  17  12   0      1.000      0.404      0.137      0.187      0.069      0.735       4.35 0.00001281       4.35       4.35       3.84 0.00011887
#   650 "Lasiurus_cinereus "Pteronotus_parnel  17  12   0      1.000      0.433      0.127      0.312      0.176      0.735       4.47 0.00000739       4.47       4.47       3.97 0.00006856
#   651 "Lasiurus_cinereus "Artibeus_watsoni"  17  11   0      1.000      0.409      0.155      0.534      0.144      0.856       3.81 0.00013191       3.81       3.81       3.22 0.00122354
#   653 "Lasiurus_cinereus "Phyllostomus_disc  17  10   0      1.000      0.419      0.138      0.207      0.106      0.706       4.21 0.00002402       4.21       4.21       3.68 0.00022281
#   657 "Lasiurus_cinereus "Choeroniscus_godm  17   8   0      1.000      0.451      0.160      0.101      0.162      0.824       3.43 0.00057733       3.43       3.43       2.78 0.00535526
#   658 "Lasiurus_cinereus "Mormoops_megaloph  17   8   0      1.000      0.458      0.184      0.532      0.162      0.824       2.95 0.00305808       2.95       2.95       0.00 1.00000000
#   659 "Lasiurus_cinereus "Carollia_sowelli"  17   8   0      1.000      0.435      0.166      0.099      0.000      0.824       3.41 0.00063330       3.41       3.41       2.75 0.00587442
#   660 "Lasiurus_cinereus "Artibeus_intermed  17   8   0      1.000      0.438      0.161      0.330      0.074      0.824       3.50 0.00045073       3.50       3.50       2.86 0.00418093
#   665 "Lasiurus_cinereus "Glossophaga_commi  17   6   0      1.000      0.482      0.177     -0.068      0.118      0.784       2.94 0.00323290       2.94       2.94       0.00 1.00000000
#   670 "Lasiurus_cinereus "Leptonycteris_yer  17   6   0      1.000      0.446      0.187      0.151      0.118      0.784       2.96 0.00300038       2.96       2.96       0.00 1.00000000
#   743 "Myotis_lucifugus" "Centurio_senex"    15  15   0      1.000      0.380      0.119      0.343      0.111      0.640       5.20 0.00000018       5.20       5.20       4.78 0.00000166
#   744 "Myotis_lucifugus" "Lasiurus_borealis  15  14   9      0.143      0.416      0.121      0.476      0.200      0.743      -2.25 0.02432829       0.00       0.00       0.00 1.00000000
#   745 "Myotis_lucifugus" "Desmodus_rotundus  15  14   0      1.000      0.401      0.129      0.328      0.200      0.743       4.65 0.00000310       4.65       4.65       4.17 0.00002875
#   746 "Myotis_lucifugus" "Myotis_keenii"     15  13  11      0.041      0.418      0.120      0.749      0.179      0.862      -3.14 0.00161320      -3.14      -3.14       0.00 1.00000000
#   747 "Myotis_lucifugus" "Carollia_perspici  15  13   0      1.000      0.411      0.136      0.272      0.077      0.862       4.34 0.00001323       4.34       4.34       3.83 0.00012274
#   748 "Myotis_lucifugus" "Platyrrhinus_hell  15  13   0      1.000      0.424      0.121      0.311      0.179      0.733       4.75 0.00000191       4.75       4.75       4.28 0.00001769
#   750 "Myotis_lucifugus" "Uroderma_bilobatu  15  13   0      1.000      0.439      0.134      0.134      0.179      0.733       4.19 0.00002664       4.19       4.19       3.65 0.00024714
#   751 "Myotis_lucifugus" "Artibeus_toltecus  15  12   0      1.000      0.425      0.149      0.286      0.100      0.856       3.86 0.00010848       3.86       3.86       3.28 0.00100625
#   752 "Myotis_lucifugus" "Pteronotus_parnel  15  12   0      1.000      0.434      0.144      0.616      0.156      0.856       3.92 0.00008458       3.92       3.92       3.35 0.00078455
#   753 "Myotis_lucifugus" "Artibeus_watsoni"  15  11   0      1.000      0.440      0.138      0.234      0.194      0.709       4.07 0.00004369       4.07       4.07       3.52 0.00040527
#   755 "Myotis_lucifugus" "Phyllostomus_disc  15  10   0      1.000      0.434      0.143      0.245      0.160      0.840       3.96 0.00006998       3.96       3.96       3.40 0.00064909
#   760 "Myotis_lucifugus" "Mormoops_megaloph  15   8   0      1.000      0.482      0.158      0.049      0.150      0.817       3.28 0.00098437       3.28       3.28       2.60 0.00913092
#   762 "Myotis_lucifugus" "Artibeus_intermed  15   8   0      1.000      0.501      0.179      0.173      0.150      0.817       2.78 0.00523287       2.78       2.78       0.00 1.00000000
#   765 "Myotis_lucifugus" "Chiroderma_villos  15   6   0      1.000      0.486      0.180      0.041      0.111      0.778       2.86 0.00410098       2.86       2.86       0.00 1.00000000
#   845 "Centurio_senex"   "Lasiurus_borealis  15  14   0      1.000      0.399      0.122      0.282      0.143      0.743       4.94 0.00000077       4.94       4.94       4.47 0.00000719
#   847 "Centurio_senex"   "Myotis_keenii"     15  13   0      1.000      0.413      0.140      0.553      0.123      0.862       4.20 0.00002462       4.20       4.20       3.67 0.00022834
#   848 "Centurio_senex"   "Carollia_perspici  15  13   9      0.123      0.405      0.130      0.172      0.179      0.615      -2.16 0.03023064       0.00       0.00       0.00 1.00000000
#   849 "Centurio_senex"   "Platyrrhinus_hell  15  13   9      0.123      0.432      0.132      0.839      0.179      0.862      -2.34 0.01924670       0.00       0.00       0.00 1.00000000
#   850 "Centurio_senex"   "Lasionycteris_noc  15  13   0      1.000      0.427      0.141      0.208      0.123      0.862       4.05 0.00004750       4.05       4.05       3.50 0.00044065
#   855 "Centurio_senex"   "Perimyotis_subfla  15  10   0      1.000      0.452      0.139      0.339      0.160      0.840       3.94 0.00007755       3.94       3.94       3.37 0.00071930
#   856 "Centurio_senex"   "Phyllostomus_disc  15  10   9      0.040      0.415      0.136      0.718      0.160      1.000      -2.75 0.00579399      -2.75      -2.75       0.00 1.00000000
#   857 "Centurio_senex"   "Tadarida_brasilie  15   9   0      1.000      0.462      0.151      0.387      0.200      0.830       3.56 0.00035208       3.56       3.56       2.93 0.00326590
#   858 "Centurio_senex"   "Myotis_leibii"     15   9   0      1.000      0.457      0.163      0.134      0.119      0.830       3.32 0.00085741       3.32       3.32       2.65 0.00795327
#   863 "Centurio_senex"   "Artibeus_intermed  15   8   6      0.150      0.510      0.167      0.395      0.250      1.000      -2.15 0.03103620       0.00       0.00       0.00 1.00000000
#   864 "Centurio_senex"   "Sturnira_ludovici  15   7   6      0.086      0.523      0.176      0.392      0.190      1.000      -2.48 0.01290435      -2.48      -2.48       0.00 1.00000000
#   866 "Centurio_senex"   "Chiroderma_villos  15   6   6      0.000      0.502      0.193      0.511      0.111      1.000      -2.60 0.00901413       0.00       0.00       0.00 1.00000000
#   875 "Centurio_senex"   "Vampyrodes_caracc  15   6   6      0.000      0.510      0.205      0.173      0.111      1.000      -2.49 0.01269120       0.00       0.00       0.00 1.00000000
#   878 "Centurio_senex"   "Lampronycteris_br  15   5   5      0.000      0.572      0.197      0.028      0.147      1.000      -2.90 0.00364506       0.00       0.00       0.00 1.00000000
#   946 "Lasiurus_borealis "Desmodus_rotundus  14  14   0      1.000      0.394      0.135      0.266      0.128      0.735       4.50 0.00000644       4.50       4.50       4.00 0.00005971
#   947 "Lasiurus_borealis "Myotis_keenii"     14  13  11      0.033      0.437      0.142      0.832      0.110      1.000      -2.85 0.00419170      -2.85      -2.85       0.00 1.00000000
#   948 "Lasiurus_borealis "Carollia_perspici  14  13   0      1.000      0.417      0.119      0.078      0.165      0.725       4.89 0.00000095       4.89       4.89       4.43 0.00000885
#   949 "Lasiurus_borealis "Platyrrhinus_hell  14  13   0      1.000      0.421      0.137      0.183      0.110      0.725       4.23 0.00002205       4.23       4.23       3.70 0.00020457
#   951 "Lasiurus_borealis "Uroderma_bilobatu  14  13   0      1.000      0.449      0.131      0.589      0.231      0.857       4.22 0.00002307       4.22       4.22       3.69 0.00021397
#   952 "Lasiurus_borealis "Artibeus_toltecus  14  12   0      1.000      0.473      0.148      0.079      0.143      0.851       3.57 0.00034648       3.57       3.57       2.94 0.00321393
#   953 "Lasiurus_borealis "Pteronotus_parnel  14  12   0      1.000      0.461      0.148      0.422      0.143      0.851       3.65 0.00025171       3.65       3.65       3.03 0.00233484
#   954 "Lasiurus_borealis "Artibeus_watsoni"  14  11   0      1.000      0.491      0.167      0.110      0.182      0.844       3.05 0.00221151       3.05       3.05       0.00 1.00000000
#   955 "Lasiurus_borealis "Perimyotis_subfla  14  10   9      0.036      0.484      0.160      0.145      0.150      0.836      -2.81 0.00486284      -2.81      -2.81       0.00 1.00000000
#   956 "Lasiurus_borealis "Phyllostomus_disc  14  10   0      1.000      0.483      0.161      0.149      0.150      0.836       3.22 0.00122482       3.22       3.22       0.00 1.00000000
#   960 "Lasiurus_borealis "Choeroniscus_godm  14   8   0      1.000      0.481      0.158      0.241      0.143      0.812       3.27 0.00101972       3.27       3.27       2.59 0.00945878
#   968 "Lasiurus_borealis "Glossophaga_commi  14   6   0      1.000      0.526      0.180     -0.214      0.107      0.774       2.63 0.00830817       2.63       2.63       0.00 1.00000000
#   971 "Lasiurus_borealis "Nycticeius_humera  14   6   6      0.000      0.517      0.191      0.300      0.107      1.000      -2.71 0.00654763       0.00       0.00       0.00 1.00000000
#  1046 "Desmodus_rotundus "Myotis_keenii"     14  13   0      1.000      0.446      0.151      0.500      0.165      0.857       3.66 0.00024098       3.66       3.66       3.05 0.00223532
#  1049 "Desmodus_rotundus "Lasionycteris_noc  14  13   0      1.000      0.442      0.127     -0.110      0.066      0.725       4.38 0.00001109       4.38       4.38       3.87 0.00010284
#  1052 "Desmodus_rotundus "Pteronotus_parnel  14  12  10      0.048      0.445      0.143      0.072      0.143      0.714      -2.77 0.00540549      -2.77      -2.77       0.00 1.00000000
#  1054 "Desmodus_rotundus "Perimyotis_subfla  14  10   0      1.000      0.476      0.161      0.234      0.150      0.836       3.25 0.00109482       3.25       3.25       0.00 1.00000000
#  1057 "Desmodus_rotundus "Myotis_leibii"     14   9   0      1.000      0.492      0.170      0.333      0.190      0.825       2.98 0.00276047       2.98       2.98       0.00 1.00000000
#  1063 "Desmodus_rotundus "Sturnira_ludovici  14   7   7      0.000      0.539      0.201      0.349      0.184      1.000      -2.67 0.00731874       0.00       0.00       0.00 1.00000000
#  1077 "Desmodus_rotundus "Lampronycteris_br  14   5   5      0.000      0.555      0.217      0.203      0.143      1.000      -2.55 0.01051933       0.00       0.00       0.00 1.00000000
#  1078 "Desmodus_rotundus "Carollia_brevicau  14   5   5      0.000      0.536      0.210      0.330      0.143      1.000      -2.55 0.01045352       0.00       0.00       0.00 1.00000000
#  1145 "Myotis_keenii"    "Carollia_perspici  13  13   0      1.000      0.466      0.155      0.338      0.148      0.852       3.45 0.00053358       3.45       3.45       2.80 0.00494944
#  1146 "Myotis_keenii"    "Platyrrhinus_hell  13  13   0      1.000      0.457      0.140     -0.017      0.148      0.716       3.87 0.00010329       3.87       3.87       3.29 0.00095815
#  1148 "Myotis_keenii"    "Uroderma_bilobatu  13  13   0      1.000      0.450      0.148      0.451      0.148      0.852       3.71 0.00019765       3.71       3.71       3.11 0.00183337
#  1149 "Myotis_keenii"    "Artibeus_toltecus  13  12   0      1.000      0.459      0.162      0.387      0.128      0.846       3.34 0.00081724       3.34       3.34       2.66 0.00758062
#  1150 "Myotis_keenii"    "Pteronotus_parnel  13  12   0      1.000      0.453      0.139      0.151      0.128      0.705       3.93 0.00007993       3.93       3.93       3.36 0.00074142
#  1151 "Myotis_keenii"    "Artibeus_watsoni"  13  11   0      1.000      0.482      0.147      0.302      0.245      0.839       3.53 0.00039619       3.53       3.53       2.90 0.00367503
#  1153 "Myotis_keenii"    "Phyllostomus_disc  13  10   0      1.000      0.492      0.162      0.195      0.138      0.831       3.14 0.00160575       3.14       3.14       0.00 1.00000000
#  1243 "Carollia_perspici "Platyrrhinus_hell  13  13  12      0.006      0.445      0.132      0.201      0.148      0.852      -3.33 0.00083017      -3.33      -3.33      -2.66 0.00770060
#  1244 "Carollia_perspici "Lasionycteris_noc  13  13   0      1.000      0.432      0.131      0.349      0.148      0.852       4.33 0.00001383       4.33       4.33       3.82 0.00012827
#  1245 "Carollia_perspici "Uroderma_bilobatu  13  13  10      0.053      0.466      0.142      0.639      0.213      0.852      -2.90 0.00367403      -2.90       0.00       0.00 1.00000000
#  1246 "Carollia_perspici "Artibeus_toltecus  13  12   9      0.077      0.461      0.156      0.754      0.192      1.000      -2.46 0.01370919      -2.46       0.00       0.00 1.00000000
#  1248 "Carollia_perspici "Artibeus_watsoni"  13  11  11      0.000      0.483      0.152      0.821      0.168      1.000      -3.18 0.00144315       0.00       0.00       0.00 1.00000000
#  1249 "Carollia_perspici "Perimyotis_subfla  13  10   0      1.000      0.482      0.162      0.112      0.138      0.831       3.21 0.00128871       3.21       3.21       0.00 1.00000000
#  1250 "Carollia_perspici "Phyllostomus_disc  13  10   8      0.077      0.460      0.152      0.269      0.138      0.831      -2.52 0.01160693      -2.52       0.00       0.00 1.00000000
#  1256 "Carollia_perspici "Carollia_sowelli"  13   8   8      0.000      0.506      0.177      0.017      0.135      0.808      -2.85 0.00424349       0.00       0.00       0.00 1.00000000
#  1258 "Carollia_perspici "Sturnira_ludovici  13   7   6      0.077      0.555      0.190      0.300      0.176      1.000      -2.52 0.01146847      -2.52      -2.52       0.00 1.00000000
#  1259 "Carollia_perspici "Vampyressa_pusill  13   7   6      0.077      0.519      0.172      0.636      0.176      1.000      -2.57 0.01004648      -2.57      -2.57       0.00 1.00000000
#  1269 "Carollia_perspici "Vampyrodes_caracc  13   6   6      0.000      0.522      0.192      0.042      0.103      1.000      -2.72 0.00632644       0.00       0.00       0.00 1.00000000
#  1272 "Carollia_perspici "Lampronycteris_br  13   5   5      0.000      0.558      0.235      0.225      0.138      1.000      -2.38 0.01721346       0.00       0.00       0.00 1.00000000
#  1340 "Platyrrhinus_hell "Lasionycteris_noc  13  13   0      1.000      0.433      0.142      0.207      0.148      0.716       3.99 0.00006264       3.99       3.99       3.43 0.00058108
#  1341 "Platyrrhinus_hell "Uroderma_bilobatu  13  13  11      0.024      0.455      0.140      0.522      0.148      0.852      -3.09 0.00195050      -3.09      -3.09       0.00 1.00000000
#  1342 "Platyrrhinus_hell "Artibeus_toltecus  13  12  10      0.038      0.461      0.157      0.489      0.192      0.846      -2.69 0.00708169      -2.69      -2.69       0.00 1.00000000
#  1344 "Platyrrhinus_hell "Artibeus_watsoni"  13  11  11      0.000      0.456      0.152      0.835      0.168      1.000      -3.00 0.00264907       0.00       0.00       0.00 1.00000000
#  1345 "Platyrrhinus_hell "Perimyotis_subfla  13  10   0      1.000      0.489      0.165      0.351      0.215      0.831       3.09 0.00191730       3.09       3.09       0.00 1.00000000
#  1346 "Platyrrhinus_hell "Phyllostomus_disc  13  10   8      0.077      0.469      0.167      0.398      0.138      0.831      -2.34 0.01899171      -2.34       0.00       0.00 1.00000000
#  1347 "Platyrrhinus_hell "Tadarida_brasilie  13   9   0      1.000      0.522      0.175      0.002      0.103      0.821       2.74 0.00605071       2.74       2.74       0.00 1.00000000
#  1352 "Platyrrhinus_hell "Carollia_sowelli"  13   8   7      0.058      0.523      0.165      0.456      0.135      1.000      -2.82 0.00471723      -2.82      -2.82       0.00 1.00000000
#  1355 "Platyrrhinus_hell "Vampyressa_pusill  13   7   7      0.000      0.522      0.162      0.008      0.176      1.000      -3.22 0.00122637       0.00       0.00       0.00 1.00000000
#  1359 "Platyrrhinus_hell "Saccopteryx_bilin  13   6   5      0.103      0.577      0.205      0.363      0.231      1.000      -2.31 0.02061844       0.00       0.00       0.00 1.00000000
#  1365 "Platyrrhinus_hell "Vampyrodes_caracc  13   6   6      0.000      0.557      0.226     -0.006      0.103      1.000      -2.46 0.01356030       0.00       0.00       0.00 1.00000000
#  1369 "Platyrrhinus_hell "Carollia_brevicau  13   5   5      0.000      0.581      0.198      0.279      0.138      1.000      -2.94 0.00323772       0.00       0.00       0.00 1.00000000
#  1374 "Platyrrhinus_hell "Trachops_cirrhosu  13   4   4      0.000      0.613      0.249     -0.050      0.192      1.000      -2.46 0.01367915       0.00       0.00       0.00 1.00000000
#  1436 "Lasionycteris_noc "Uroderma_bilobatu  13  13   0      1.000      0.446      0.148      0.304      0.148      0.852       3.73 0.00017977       3.73       3.73       3.13 0.00166750
#  1437 "Lasionycteris_noc "Artibeus_toltecus  13  12   0      1.000      0.460      0.137      0.180      0.192      0.846       3.94 0.00007612       3.94       3.94       3.38 0.00070604
#  1438 "Lasionycteris_noc "Pteronotus_parnel  13  12   0      1.000      0.466      0.148      0.237      0.192      0.846       3.60 0.00030780       3.60       3.60       2.97 0.00285510
#  1441 "Lasionycteris_noc "Phyllostomus_disc  13  10   0      1.000      0.484      0.149      0.115      0.138      0.831       3.45 0.00053281       3.45       3.45       2.80 0.00494225
#  1444 "Lasionycteris_noc "Pteronotus_davyi"  13   8   0      1.000      0.483      0.169      0.297      0.135      0.808       3.06 0.00210798       3.06       3.06       0.00 1.00000000
#  1447 "Lasionycteris_noc "Carollia_sowelli"  13   8   0      1.000      0.478      0.178      0.179      0.058      0.808       2.93 0.00326979       2.93       2.93       0.00 1.00000000
#  1467 "Lasionycteris_noc "Myotis_thysanodes  13   5   5      0.000      0.561      0.225      0.145      0.138      1.000      -2.49 0.01250720       0.00       0.00       0.00 1.00000000
#  1531 "Uroderma_bilobatu "Artibeus_toltecus  13  12  10      0.038      0.476      0.147     -0.115      0.128      0.846      -2.98 0.00283760      -2.98      -2.98       0.00 1.00000000
#  1533 "Uroderma_bilobatu "Artibeus_watsoni"  13  11  10      0.021      0.478      0.139      0.247      0.168      0.839      -3.28 0.00098854      -3.28      -3.28      -2.60 0.00916962
#  1534 "Uroderma_bilobatu "Perimyotis_subfla  13  10   0      1.000      0.515      0.166     -0.012      0.077      0.831       2.92 0.00343221       2.92       2.92       0.00 1.00000000
#  1536 "Uroderma_bilobatu "Tadarida_brasilie  13   9   0      1.000      0.515      0.169     -0.095      0.179      0.821       2.87 0.00393397       2.87       2.87       0.00 1.00000000
#  1537 "Uroderma_bilobatu "Myotis_leibii"     13   9   0      1.000      0.520      0.156     -0.414      0.179      0.821       3.08 0.00203472       3.08       3.08       0.00 1.00000000
#  1554 "Uroderma_bilobatu "Vampyrodes_caracc  13   6   6      0.000      0.543      0.200      0.376      0.103      1.000      -2.71 0.00660449       0.00       0.00       0.00 1.00000000
#  1626 "Artibeus_toltecus "Artibeus_watsoni"  12  11   9      0.045      0.492      0.162      0.095      0.152      0.833      -2.75 0.00574708      -2.75      -2.75       0.00 1.00000000
#  1627 "Artibeus_toltecus "Perimyotis_subfla  12  10   0      1.000      0.487      0.163      0.326      0.200      0.825       3.16 0.00154585       3.16       3.16       0.00 1.00000000
#  1629 "Artibeus_toltecus "Tadarida_brasilie  12   9   0      1.000      0.513      0.154     -0.026      0.167      0.815       3.15 0.00156975       3.15       3.15       0.00 1.00000000
#  1640 "Artibeus_toltecus "Glossophaga_commi  12   6   5      0.097      0.576      0.202      0.378      0.222      1.000      -2.38 0.01727515      -2.38      -2.38       0.00 1.00000000
#  1651 "Artibeus_toltecus "Carollia_brevicau  12   5   5      0.000      0.617      0.204     -0.037      0.133      1.000      -3.02 0.00246209       0.00       0.00       0.00 1.00000000
#  1722 "Pteronotus_parnel "Myotis_leibii"     12   9   0      1.000      0.551      0.174      0.047      0.259      0.815       2.59 0.00945294       2.59       0.00       0.00 1.00000000
#  1725 "Pteronotus_parnel "Mormoops_megaloph  12   8   7      0.052      0.540      0.168      0.061      0.219      1.000      -2.90 0.00363386      -2.90      -2.90       0.00 1.00000000
#  1729 "Pteronotus_parnel "Vampyressa_pusill  12   7   6      0.071      0.541      0.191      0.025      0.167      1.000      -2.47 0.01341933      -2.47      -2.47       0.00 1.00000000
#  1733 "Pteronotus_parnel "Saccopteryx_bilin  12   6   6      0.000      0.555      0.202      0.374      0.222      1.000      -2.75 0.00582808       0.00       0.00       0.00 1.00000000
#  1741 "Pteronotus_parnel "Natalus_stramineu  12   5   5      0.000      0.576      0.219     -0.134      0.133      1.000      -2.63 0.00829077       0.00       0.00       0.00 1.00000000
#  1743 "Pteronotus_parnel "Carollia_brevicau  12   5   5      0.000      0.611      0.195      0.117      0.133      1.000      -3.13 0.00171357       0.00       0.00       0.00 1.00000000
#  1752 "Pteronotus_parnel "Eptesicus_furinal  12   4   4      0.000      0.616      0.230      0.290      0.188      1.000      -2.68 0.00720632       0.00       0.00       0.00 1.00000000
#  1758 "Pteronotus_parnel "Carollia_subrufa"  12   3   3      0.000      0.637      0.268      0.094      0.278      1.000      -2.37 0.01735693       0.00       0.00       0.00 1.00000000
#  1810 "Artibeus_watsoni" "Perimyotis_subfla  11  10   0      1.000      0.504      0.170      0.318      0.182      0.818       2.91 0.00349605       2.91       2.91       0.00 1.00000000
#  1811 "Artibeus_watsoni" "Phyllostomus_disc  11  10   8      0.055      0.528      0.164      0.473      0.109      1.000      -2.89 0.00379175      -2.89      -2.89       0.00 1.00000000
#  1817 "Artibeus_watsoni" "Carollia_sowelli"  11   8   7      0.045      0.523      0.185      0.077      0.114      1.000      -2.58 0.00968921      -2.58      -2.58       0.00 1.00000000
#  1821 "Artibeus_watsoni" "Chiroderma_villos  11   6   5      0.091      0.595      0.193      0.172      0.212      1.000      -2.61 0.00891453      -2.61      -2.61       0.00 1.00000000
#  1830 "Artibeus_watsoni" "Vampyrodes_caracc  11   6   6      0.000      0.580      0.217      0.221      0.091      1.000      -2.68 0.00728041       0.00       0.00       0.00 1.00000000
#  1916 "Perimyotis_subfla "Nycticeius_humera  10   6   6      0.000      0.621      0.221     -0.101      0.083      1.000      -2.81 0.00484878       0.00       0.00       0.00 1.00000000
#  1994 "Phyllostomus_disc "Choeroniscus_godm  10   8   6      0.100      0.565      0.189      0.128      0.188      1.000      -2.46 0.01354522       0.00       0.00       0.00 1.00000000
#  2009 "Phyllostomus_disc "Vampyrodes_caracc  10   6   5      0.083      0.589      0.200      0.451      0.200      1.000      -2.53 0.01129895      -2.53      -2.53       0.00 1.00000000
#  2013 "Phyllostomus_disc "Carollia_brevicau  10   5   4      0.120      0.638      0.218      0.194      0.280      1.000      -2.38 0.01720363      -2.38       0.00       0.00 1.00000000
#  2089 "Tadarida_brasilie "Antrozous_pallidu   9   6   6      0.000      0.664      0.218     -0.160      0.185      1.000      -3.05 0.00223124       0.00       0.00       0.00 1.00000000
#  2094 "Tadarida_brasilie "Parastrellus_hesp   9   6   6      0.000      0.631      0.211      0.062      0.185      1.000      -3.00 0.00262660       0.00       0.00       0.00 1.00000000
#  2096 "Tadarida_brasilie "Corynorhinus_town   9   6   6      0.000      0.641      0.193      0.155      0.185      1.000      -3.32 0.00086427       0.00       0.00      -2.64 0.00801685
#  2098 "Tadarida_brasilie "Myotis_yumanensis   9   5   4      0.111      0.658      0.226      0.150      0.267      1.000      -2.42 0.01523447      -2.42      -2.42       0.00 1.00000000
#  2256 "Pteronotus_davyi" "Mormoops_megaloph   8   8   5      0.141      0.610      0.194     -0.122      0.250      1.000      -2.42 0.01541090       0.00       0.00       0.00 1.00000000
#  2268 "Pteronotus_davyi" "Leptonycteris_yer   8   6   5      0.062      0.644      0.215      0.143      0.167      1.000      -2.71 0.00659335      -2.71      -2.71       0.00 1.00000000
#  2437 "Mormoops_megaloph "Leptonycteris_yer   8   6   5      0.062      0.630      0.227      0.322      0.167      1.000      -2.50 0.01219708      -2.50      -2.50       0.00 1.00000000
#  2441 "Mormoops_megaloph "Natalus_stramineu   8   5   4      0.100      0.716      0.230     -0.174      0.250      1.000      -2.67 0.00731725      -2.67      -2.67       0.00 1.00000000
#  2449 "Mormoops_megaloph "Micronycteris_meg   8   4   4      0.000      0.665      0.233      0.156      0.156      1.000      -2.85 0.00429565       0.00       0.00       0.00 1.00000000
#  2515 "Carollia_sowelli" "Glossophaga_commi   8   6   4      0.167      0.654      0.210      0.143      0.312      1.000      -2.33 0.01979661       0.00       0.00       0.00 1.00000000
#  2688 "Sturnira_ludovici "Lampronycteris_br   7   5   4      0.086      0.674      0.223     -0.055      0.229      1.000      -2.64 0.00812346      -2.64      -2.64       0.00 1.00000000
#  2759 "Vampyressa_pusill "Saccopteryx_bilin   7   6   5      0.048      0.684      0.203     -0.119      0.286      1.000      -3.14 0.00165105      -3.14      -3.14       0.00 1.00000000
#  2769 "Vampyressa_pusill "Carollia_brevicau   7   5   5      0.000      0.676      0.207      0.259      0.229      1.000      -3.26 0.00106156       0.00       0.00      -2.57 0.00984690
#  2789 "Vampyressa_pusill "Bauerus_dubiaquer   7   3   3      0.000      0.752      0.265     -0.464      0.238      1.000      -2.84 0.00439715      -2.84       0.00       0.00 1.00000000
#  2844 "Chiroderma_villos "Vampyrodes_caracc   6   6   4      0.111      0.689      0.209      0.013      0.250      1.000      -2.77 0.00554097      -2.77      -2.77       0.00 1.00000000
#  2877 "Chiroderma_villos "Thyroptera_tricol   6   2   2      0.000      0.808      0.274     -0.745      0.417      1.000      -2.94 0.00314474      -2.94       0.00       0.00 1.00000000
#  2919 "Antrozous_pallidu "Parastrellus_hesp   6   6   6      0.000      0.695      0.225     -0.102      0.250      1.000      -3.08 0.00197065       0.00       0.00       0.00 1.00000000
#  2921 "Antrozous_pallidu "Corynorhinus_town   6   6   5      0.028      0.676      0.234     -0.060      0.111      1.000      -2.77 0.00545824      -2.77      -2.77       0.00 1.00000000
#  2923 "Antrozous_pallidu "Myotis_yumanensis   6   5   4      0.067      0.732      0.228     -0.210      0.200      1.000      -2.91 0.00347990      -2.91      -2.91       0.00 1.00000000
#  2927 "Antrozous_pallidu "Myotis_californic   6   5   4      0.067      0.683      0.247     -0.130      0.200      1.000      -2.49 0.01246488      -2.49      -2.49       0.00 1.00000000
#  2929 "Antrozous_pallidu "Myotis_thysanodes   6   5   3      0.200      0.714      0.217      0.070      0.400      1.000      -2.37 0.01765549       0.00       0.00       0.00 1.00000000
#  3078 "Saccopteryx_bilin "Lampronycteris_br   6   5   4      0.067      0.770      0.216     -0.339      0.200      1.000      -3.25 0.00109166      -3.25      -3.25       0.00 1.00000000
#  3085 "Saccopteryx_bilin "Micronycteris_meg   6   4   3      0.125      0.775      0.226     -0.345      0.333      1.000      -2.87 0.00397676      -2.87      -2.87       0.00 1.00000000
#  3093 "Saccopteryx_bilin "Noctilio_leporinu   6   3   3      0.000      0.834      0.254     -1.163      0.222      1.000      -3.29 0.00096160      -3.29      -3.29      -2.61 0.00891971
#  3099 "Saccopteryx_bilin "Bauerus_dubiaquer   6   3   3      0.000      0.790      0.239     -0.440      0.222      1.000      -3.31 0.00090009      -3.31       0.00      -2.63 0.00834913
#  3147 "Myotis_volans"    "Parastrellus_hesp   6   6   4      0.111      0.712      0.229     -0.149      0.250      1.000      -2.63 0.00840724      -2.63      -2.63       0.00 1.00000000
#  3151 "Myotis_volans"    "Myotis_yumanensis   6   5   4      0.067      0.723      0.231     -0.163      0.200      1.000      -2.84 0.00442147      -2.84      -2.84       0.00 1.00000000
#  3155 "Myotis_volans"    "Myotis_californic   6   5   4      0.067      0.730      0.230     -0.328      0.200      1.000      -2.89 0.00379431      -2.89      -2.89       0.00 1.00000000
#  3157 "Myotis_volans"    "Myotis_thysanodes   6   5   5      0.000      0.693      0.224     -0.009      0.067      1.000      -3.09 0.00196254       0.00       0.00       0.00 1.00000000
#  3296 "Parastrellus_hesp "Corynorhinus_town   6   6   5      0.028      0.682      0.220     -0.135      0.111      1.000      -2.97 0.00284976      -2.97      -2.97       0.00 1.00000000
#  3298 "Parastrellus_hesp "Myotis_yumanensis   6   5   4      0.067      0.723      0.229     -0.222      0.200      1.000      -2.87 0.00403637      -2.87      -2.87       0.00 1.00000000
#  3302 "Parastrellus_hesp "Myotis_californic   6   5   4      0.067      0.715      0.233     -0.238      0.200      1.000      -2.78 0.00527644      -2.78      -2.78       0.00 1.00000000
#  3333 "Parastrellus_hesp "Idionycteris_phyl   6   2   2      0.000      0.825      0.267     -0.900      0.417      1.000      -3.09 0.00195897      -3.09      -3.09       0.00 1.00000000
#  3584 "Myotis_yumanensis "Myotis_californic   5   5   4      0.040      0.736      0.243     -0.371      0.160      1.000      -2.87 0.00403392      -2.87      -2.87       0.00 1.00000000
#  3586 "Myotis_yumanensis "Myotis_thysanodes   5   5   3      0.160      0.761      0.225     -0.245      0.360      1.000      -2.68 0.00727111       0.00       0.00       0.00 1.00000000
#  3723 "Lampronycteris_br "Trachops_cirrhosu   5   4   3      0.100      0.761      0.240     -0.318      0.300      1.000      -2.76 0.00564939      -2.76      -2.76       0.00 1.00000000
#  3804 "Carollia_brevicau "Bauerus_dubiaquer   5   3   3      0.000      0.847      0.225     -0.896      0.200      1.000      -3.77 0.00015694      -3.77      -3.77      -3.17 0.00145575
#  3989 "Myotis_thysanodes "Myotis_evotis"      5   3   3      0.000      0.730      0.287     -0.414      0.200      1.000      -2.54 0.01080120       0.00       0.00       0.00 1.00000000
#  4047 "Myotis_keaysi"    "Eptesicus_furinal   5   4   3      0.100      0.772      0.237     -0.373      0.300      1.000      -2.84 0.00440145      -2.84      -2.84       0.00 1.00000000
#  4134 "Trachops_cirrhosu "Mimon_cozumelae"    4   2   2      0.000      0.856      0.263     -1.323      0.375      1.000      -3.26 0.00108862      -3.26      -3.26       0.00 1.00000000
#  4287 "Vampyressa_thyone "Chiroderma_salvin   4   3   2      0.167      0.820      0.240     -0.601      0.500      1.000      -2.72 0.00633377      -2.72       0.00       0.00 1.00000000
#  4368 "Eptesicus_furinal "Mimon_cozumelae"    4   2   2      0.000      0.837      0.274     -1.128      0.375      1.000      -3.05 0.00217742      -3.05      -3.05       0.00 1.00000000
#  4460 "Chiroderma_salvin "Tonatia_saurophil   3   3   2      0.111      0.861      0.241     -1.190      0.444      1.000      -3.12 0.00175995      -3.12      -3.12       0.00 1.00000000
#  4922 "Bauerus_dubiaquer "Hylonycteris_unde   3   2   2      0.000      0.893      0.244     -1.912      0.333      1.000      -3.66 0.00024450      -3.66      -3.66      -3.04 0.00226794
#  4923 "Bauerus_dubiaquer "Thyroptera_tricol   3   2   2      0.000      0.893      0.244     -1.912      0.333      1.000      -3.66 0.00024450      -3.66      -3.66      -3.04 0.00226794
#  4928 "Bauerus_dubiaquer "Mimon_bennettii"    3   2   2      0.000      0.873      0.262     -1.629      0.333      1.000      -3.34 0.00080574      -3.34      -3.34      -2.67 0.00747392
#  5255 "Hylonycteris_unde "Thyroptera_tricol   2   2   2      0.000      0.925      0.225     -2.749      0.250      1.000      -4.11 0.00003713      -4.11      -4.11      -3.57 0.00034445
#  5260 "Hylonycteris_unde "Mimon_bennettii"    2   2   2      0.000      0.902      0.252     -2.268      0.250      1.000      -3.58 0.00032985      -3.58      -3.58      -2.95 0.00305967
#  5297 "Thyroptera_tricol "Mimon_bennettii"    2   2   2      0.000      0.895      0.260     -2.139      0.250      1.000      -3.44 0.00055826      -3.44      -3.44      -2.79 0.00517833
#  5968 "Eumops_bonariensi "Eumops_glaucinus"   1   1   1      0.000      1.000      0.000      0.000      1.000      1.000      -1.00 0.31722987      -1.00      -1.00       0.00 1.00000000
 
> Name               SP   CL+   CL-   BM+   BM-   BC+   BC-   BY+   BY-       NR   CL+   CL+
> NAmBats.txt      5995   149   182   141    82   140    72   115    18   599500  5995  5995
 
& File           Speci   Individ     BRInd       BRZ Cscoreind   CscoreZ Soeren.In  Soeren.Z    AbsInd      AbsZ CheckerIn  CheckerZ   CombInd     CombZ   CorrInd     CorrZ    SchInd      SchZ
& NAmBats.txt      110    609.00    0.5993    3.8731    0.1266   19.3389    0.0781    3.7381    0.0026    3.0438    0.1704   11.7482    0.8842    2.7504    0.1469    6.4181    0.0000    0.0000
 
%          Observed numbers                                          Expected numbers
% Class    Pairs   CL+   CL-   BM+   BM-   BC+   BC-   BY+   BY-       NR   CL+   CL-
% 0.000      999     0    95     0    15     0    12     0    16    62303   659   655
% 0.025       34     0    34     0    33     0    32     0     2       13     0     0
% 0.075       55     0    31     0    24     0    20     0     0      329     4     4
% 0.125       75     0    17     0     9     0     8     0     0     2418    35    29
% 0.175       64     0     4     0     1     0     0     0     0     4120    40    40
% 0.225       81     0     1     0     0     0     0     0     0     7711    68    84
% 0.275       94     0     0     0     0     0     0     0     0    15445   156   164
% 0.325       85     0     0     0     0     0     0     0     0    16007   145   147
% 0.375       49     0     0     0     0     0     0     0     0    11208   102   106
% 0.425      117     0     0     0     0     0     0     0     0    29246   265   274
% 0.475       74     0     0     0     0     0     0     0     0    24709   247   228
% 0.525       60     0     0     0     0     0     0     0     0    17092   175   152
% 0.575       63     0     0     0     0     0     0     0     0    16969   170   191
% 0.625       65     0     0     0     0     0     0     0     0    20105   195   186
% 0.675       26     0     0     0     0     0     0     0     0    11519   108   116
% 0.725       19     0     0     0     0     0     0     0     0    10765   115   103
% 0.775       16     0     0     0     0     0     0     0     0     6250    72    68
% 0.825        6     1     0     0     0     0     0     1     0     1257    10    15
% 0.875        3     3     0     0     0     0     0     3     0       60     2     0
% 0.925        4     4     0     0     0     0     0     4     0        0     0     0
% 0.975        0     0     0     0     0     0     0     0     0        0     0     0
% 1.000     4006   141     0   141     0   140     0   107     0   341974  3427  3433
