"X1882" "X1889" "X1890" "X1892" "X1893" "X1894" "X1906" "X1907" "X1908" "X1909" "X1911" "X1912" "X1916" "X1920" "X1921" "X1922" "X1924" "X1925" "X1926" "X1927" "X1929" "X1930" "X1933" "X1938" "X1941" "X1943" "X1944" "X1952" "X1964" "X1965" "X1966" "X1972" "X1975" "X1976" "X1980" "X1981" "X1983" "X1985" "X1994" "X1997" "X1999" "X2000" "X2010" "X2011" "X2013" "X2016" "X2017" "X2019" "X2020"
"Alces_alces" 0 0 0 0 0 0 0 0 0 0 0 0 0 0 0 0 0 0 0 0 0 0 0 0 0 0 0 0 0 0 31 0 0 0 0 0 0 0 0 0 0 2 0 0 0 0 0 0 0
"Ateles_belzebuth" 0 0 0 0 0 0 0 0 0 0 1 0 0 0 0 0 0 0 0 0 0 0 0 0 0 0 0 0 0 0 0 0 0 0 0 0 0 0 0 0 0 0 0 0 0 0 0 0 0
"Atelocynus_micro" 0 0 0 0 0 11 0 0 0 0 0 1 0 0 0 0 0 0 0 0 0 0 0 0 0 0 0 0 0 0 0 0 0 0 0 0 0 0 0 0 0 0 0 0 0 0 0 0 0
"Bassariscus_astu" 0 0 0 0 0 0 0 0 0 5 0 0 0 0 0 0 0 0 0 0 0 0 0 0 0 0 0 0 0 0 0 0 0 0 0 0 0 0 0 4 0 0 0 0 0 0 0 0 0
"Blastocerus_dich" 2 0 0 0 0 0 0 0 0 0 0 0 0 0 0 0 0 0 0 0 0 0 0 0 0 0 0 0 0 0 0 0 0 0 0 0 0 0 0 0 0 0 0 0 0 0 0 0 0
"Bos_taurus" 0 0 0 0 0 0 0 0 0 0 0 0 0 0 0 0 0 0 0 0 0 0 62 0 0 18 0 0 0 0 0 0 0 0 0 0 0 0 0 0 0 0 0 0 0 0 0 0 7
"Cabassous_tatoua" 0 0 0 0 0 0 0 0 0 0 0 0 0 0 0 0 0 0 0 0 0 0 0 0 0 0 0 0 0 0 0 0 0 0 3 0 0 0 0 0 0 0 0 1 0 0 0 0 0
"Callithrix_kuhli" 0 0 0 0 0 0 0 0 0 0 0 0 0 0 0 0 0 0 0 0 0 0 0 0 0 0 0 0 0 0 0 0 0 0 0 0 0 0 0 0 0 0 0 0 0 0 0 460 200
"Canis_latrans" 0 0 0 0 0 0 0 0 0 5 0 0 0 3 9 68 6 0 5 32 0 0 0 0 0 0 0 6 0 12 24 2 0 5 0 0 1 0 0 37 54 0 0 0 0 0 24 0 0
"Canis_lupus" 0 0 0 3 0 0 0 0 0 0 0 0 61 0 0 0 0 0 0 0 0 0 7 0 0 61 68 0 0 0 89 10 0 3 0 19 0 0 0 0 0 1 0 0 0 15 0 21 66
"Castor_canadensi" 0 0 0 0 0 0 0 0 0 0 0 0 0 0 0 3 0 0 0 0 0 0 0 0 0 0 0 0 0 0 0 0 0 0 0 0 0 0 0 0 0 0 0 0 0 0 0 0 0
"Cebus_nigritus" 0 0 0 0 3 0 0 0 0 0 0 0 0 0 0 0 0 0 0 0 0 0 0 0 0 0 0 0 0 0 0 0 0 0 0 0 0 0 1 0 0 0 0 0 0 0 0 0 0
"Cebus_xanthoster" 0 0 0 0 0 0 0 0 0 0 0 0 0 0 0 0 0 0 0 0 0 0 0 0 0 0 0 0 0 0 0 0 0 0 0 0 0 0 0 0 0 0 0 0 0 0 0 3 3
"Cerdocyon_thous" 3 0 17 0 37 0 86 42 21 0 0 0 132 0 0 0 0 0 0 0 0 0 57 6 2 9 3 0 0 0 0 0 0 0 0 2 0 0 1 0 0 0 0 0 66 0 0 17 50
"Cervus_canadensi" 0 0 0 0 0 0 0 0 0 0 0 0 0 0 0 0 0 0 0 0 0 0 0 0 0 0 0 0 0 0 14 0 0 0 0 0 0 0 0 0 0 0 0 0 0 0 0 0 0
"Chaetomys_subspi" 0 0 0 0 0 0 0 0 0 0 0 0 0 0 0 0 0 0 0 0 0 0 0 0 0 0 0 0 0 0 0 0 0 0 0 0 0 0 0 0 0 0 0 0 0 0 0 0 1
"Chrysocyon_brach" 0 0 45 0 0 0 0 0 0 0 0 0 0 0 0 0 0 0 0 0 0 0 0 0 0 0 0 0 0 0 0 0 0 0 0 0 0 0 0 0 0 0 0 0 0 20 0 0 0
"Conepatus_chinga" 0 0 0 0 0 0 6 9 6 0 0 0 0 0 0 0 0 0 0 0 0 0 0 0 0 0 0 0 4 0 0 0 0 0 0 0 0 0 0 0 0 0 0 0 21 0 0 0 0
"Conepatus_leucon" 0 0 0 0 0 0 0 0 0 3 0 0 0 3 0 0 0 0 0 3 0 0 0 0 0 0 0 0 0 0 0 0 0 0 0 0 0 0 0 0 0 0 0 0 0 0 0 0 0
"Conepatus_mesole" 0 0 0 0 0 0 0 0 0 0 0 0 0 0 0 0 0 0 0 0 0 0 0 0 0 0 0 0 0 0 0 0 0 0 0 0 0 0 0 1 0 0 0 0 0 0 0 0 0
"Conepatus_semist" 0 0 0 0 0 0 0 0 0 0 0 0 0 0 0 0 0 0 0 0 0 1 0 0 0 0 0 0 0 0 0 0 0 0 0 0 2 0 0 0 0 0 0 0 0 0 0 0 0
"Cuniculus_paca" 0 3 0 2 0 47 0 0 0 0 183 13 0 0 0 0 0 0 9 0 5 1 0 6 1 0 0 0 0 0 0 0 0 0 3 11 19 18 0 0 0 0 3 0 9 1 0 10 15
"Cuniculus_taczan" 0 0 0 0 0 0 0 0 0 0 0 0 0 0 0 0 0 0 0 0 0 0 0 0 0 0 0 0 34 0 0 0 0 0 0 0 0 0 0 0 0 0 0 0 0 0 0 0 0
"Dasyprocta_agout" 0 12 0 0 0 0 0 0 0 0 0 0 0 0 0 0 0 0 0 0 0 0 0 0 0 0 0 0 0 0 0 0 0 0 0 0 0 0 0 0 0 0 0 0 0 0 0 0 0
"Dasyprocta_azara" 13 0 0 0 122 0 0 0 0 0 0 0 13 0 0 0 0 0 0 0 0 0 0 0 55 0 0 0 0 0 0 0 0 0 0 0 0 0 45 0 0 0 0 37 0 0 0 0 0
"Dasyprocta_fulig" 0 0 0 0 0 0 0 0 0 0 105 20 0 0 0 0 0 0 0 0 0 0 0 0 0 0 0 0 0 0 0 0 0 0 0 0 0 0 0 0 0 0 10 0 0 0 0 0 0
"Dasyprocta_lepor" 0 0 0 17 0 0 0 0 0 0 0 0 0 0 0 0 0 0 0 0 0 0 0 0 0 0 0 0 0 0 0 0 0 0 0 0 0 141 0 0 0 0 0 0 0 0 0 1 0
"Dasyprocta_mexic" 0 0 0 0 0 0 0 0 0 0 0 0 0 0 0 0 0 0 0 1 0 0 0 0 0 0 0 0 0 0 0 0 0 0 0 0 0 0 0 0 0 0 0 0 0 0 0 0 0
"Dasyprocta_punct" 0 0 0 0 0 98 0 0 0 0 0 0 0 0 0 0 0 0 125 0 0 18 12 0 0 405 668 0 0 0 0 0 0 0 0 0 43 0 0 0 0 0 0 0 0 0 0 0 0
"Dasypus_hybridus" 0 0 0 0 0 0 0 0 0 0 0 0 0 0 0 0 0 0 0 0 0 0 0 0 0 0 0 0 0 0 0 0 0 0 0 0 0 0 0 0 0 0 0 0 15 0 0 0 0
"Dasypus_kappleri" 0 0 0 0 0 11 0 0 0 0 0 0 0 0 0 0 0 0 0 0 0 0 0 0 0 0 0 0 0 0 0 0 0 0 0 0 0 8 0 0 0 0 0 0 0 0 0 0 0
"Dasypus_novemcin" 2 8 3 1 2 3 53 11 4 1 13 0 76 1 0 0 0 0 1 27 1 1 0 2 4 46 32 0 0 0 0 0 0 0 0 3 35 2 0 0 8 0 1 47 47 1 0 6 2
"Didelphis_albive" 0 0 1 0 0 0 2 2 0 0 0 0 0 0 0 0 0 0 0 0 0 0 0 0 0 0 0 0 0 0 0 0 0 0 0 0 0 0 0 0 0 0 0 46 1 0 0 0 0
"Didelphis_aurita" 0 0 0 8 7 0 0 0 0 0 0 0 1283 0 0 0 0 0 0 0 0 0 0 0 0 0 0 0 0 0 0 0 0 0 3 17 0 0 0 0 0 0 0 0 0 0 0 36 26
"Didelphis_marsup" 0 0 0 0 0 37 0 0 0 0 8 0 0 0 0 0 0 0 9 0 0 0 0 0 0 122 173 0 0 0 0 0 0 0 0 0 23 3 0 0 0 0 7 0 0 0 0 0 0
"Didelphis_virgin" 0 0 0 0 0 0 0 0 0 20 0 0 0 10 4 385 22 5 0 28 0 0 0 0 0 0 0 0 0 0 0 88 0 0 0 0 0 0 0 4 1 0 0 0 0 0 0 0 0
"Eira_barbara" 0 0 2 1 9 11 0 0 0 0 0 0 68 0 0 0 0 0 0 0 0 1 63 1 0 5 1 0 4 0 0 0 0 0 1 1 23 7 1 0 0 0 1 0 0 1 0 44 8
"Equus_africanus" 0 0 0 0 0 0 0 0 0 0 0 0 0 0 0 0 0 0 0 0 0 0 4 0 0 0 0 0 0 0 0 0 0 0 0 0 0 0 0 0 0 0 0 0 0 0 0 0 0
"Equus_ferus" 0 0 0 0 0 0 0 0 0 0 0 0 0 0 0 0 0 0 0 0 0 0 3 0 0 0 0 0 0 0 137 0 0 0 0 0 0 0 0 0 0 0 0 0 0 0 0 0 0
"Erethizon_dorsat" 0 0 0 0 0 0 0 0 0 0 0 0 0 0 0 0 0 0 0 0 0 0 0 0 0 0 0 0 0 0 0 0 0 1 0 0 0 0 0 0 0 0 0 0 0 0 0 0 0
"Euphractus_sexci" 0 0 0 0 0 0 2 3 0 0 0 0 0 0 0 0 0 0 0 0 0 0 3 0 0 0 0 0 0 0 0 0 0 0 0 0 0 0 0 0 0 0 0 0 16 0 0 0 2
"Euryoryzomys_leg" 0 0 0 0 0 0 0 0 0 0 0 0 0 0 0 0 0 0 0 0 0 0 2 0 0 0 0 0 0 0 0 0 0 0 0 0 0 0 0 0 0 0 0 0 0 0 0 0 0
"Felis_catus" 0 0 0 0 0 0 0 0 0 0 0 0 0 0 0 0 0 0 0 0 0 0 0 0 0 1 0 0 0 0 0 352 0 0 0 0 0 0 0 0 0 0 0 0 0 0 0 1 3
"Galictis_vittata" 0 0 0 0 0 0 0 0 0 0 0 0 0 0 0 0 0 0 0 0 0 0 0 0 0 0 0 0 0 0 0 0 0 0 0 0 1 0 0 0 0 0 0 0 0 0 0 0 0
"Homo_sapiens" 0 0 0 0 0 0 0 0 0 0 0 0 0 0 0 0 0 0 0 0 0 0 0 0 0 0 0 0 0 0 351 0 8 0 0 0 0 0 0 0 0 0 0 0 0 0 0 0 0
"Hydrochoerus_hyd" 0 0 3 0 1 0 2 0 0 0 0 0 1 0 0 0 0 0 0 0 0 0 0 0 0 0 0 0 0 0 0 0 0 0 0 0 0 0 0 0 0 0 1 2 3 1 0 0 0
"Leontopithecus_c" 0 0 0 0 0 0 0 0 0 0 0 0 0 0 0 0 0 0 0 0 0 0 0 0 0 0 0 0 0 0 0 0 0 0 0 0 0 0 0 0 0 0 0 0 0 0 0 379 120
"Leopardus_coloco" 0 0 0 0 0 0 0 0 0 0 0 0 0 0 0 0 0 0 0 0 0 0 0 0 0 0 0 0 0 0 0 0 0 0 0 0 0 0 0 0 0 0 0 0 2 0 0 0 0
"Leopardus_geoffr" 0 0 0 0 0 0 15 2 0 0 0 0 0 0 0 0 0 0 0 0 0 0 0 0 0 0 0 0 0 0 0 0 0 0 0 0 0 0 0 0 0 0 0 0 3 0 0 0 0
"Leopardus_pardal" 13 0 8 1 30 46 0 0 0 1 1 0 0 11 0 0 0 0 3 17 9 5 9 16 31 3 1 0 6 0 0 0 0 0 30 18 17 9 12 3 0 0 3 0 0 11 0 0 0
"Leopardus_tigrin" 0 0 0 2 0 0 0 0 0 0 0 0 0 0 0 0 0 0 0 0 0 0 0 0 1 0 0 0 0 0 0 0 0 0 0 0 0 0 0 0 0 0 0 0 0 0 0 0 0
"Leopardus_wiedii" 0 0 0 0 0 15 1 0 0 4 0 0 0 5 0 0 0 0 0 0 4 0 5 2 0 0 0 0 0 0 0 0 0 0 0 0 1 2 1 0 0 0 0 0 27 0 0 0 0
"Lepus_alleni" 0 0 0 0 0 0 0 0 0 0 0 0 0 0 0 0 0 0 0 0 0 0 0 0 0 0 0 0 0 0 0 0 0 0 0 0 0 0 0 25 0 0 0 0 0 0 0 0 0
"Lepus_americanus" 0 0 0 0 0 0 0 0 0 0 0 0 0 0 0 0 0 0 0 0 0 0 0 0 0 0 0 0 0 0 0 0 0 47 0 0 0 0 0 0 0 0 0 0 0 0 0 0 0
"Lepus_europaeus" 0 0 0 0 0 0 0 7 1 0 0 0 0 0 0 0 0 0 0 0 0 0 0 0 0 0 0 0 0 0 0 0 0 0 0 5 0 0 0 0 0 0 0 0 2 0 0 0 0
"Lontra_canadensi" 0 0 0 0 0 0 0 0 0 0 0 0 0 0 0 2 0 0 0 0 0 0 0 0 0 0 0 0 0 0 0 0 0 0 0 0 0 0 0 0 0 0 0 0 0 0 0 0 0
"Lontra_longicaud" 0 0 0 0 0 0 1 0 0 0 0 0 0 0 0 0 0 0 0 0 0 0 0 0 0 0 0 0 0 0 0 0 0 0 0 0 0 0 0 0 0 0 0 0 0 0 0 0 0
"Lycalopex_culpae" 0 0 0 0 0 0 0 0 0 0 0 0 0 0 0 0 0 0 0 0 0 0 0 0 0 0 0 0 4 0 0 0 0 0 0 0 0 0 0 0 0 0 0 0 0 0 0 0 0
"Lycalopex_gymnoc" 0 0 0 0 0 0 0 0 0 0 0 0 0 0 0 0 0 0 0 0 0 0 0 0 0 0 0 0 0 0 0 0 0 0 0 0 0 0 0 0 0 0 0 0 38 0 0 0 0
"Lynx_rufus" 0 0 0 0 0 0 0 0 0 0 0 0 0 0 13 4 3 0 0 0 0 0 0 0 0 0 0 2 0 10 11 3 0 1 0 0 0 0 0 13 15 0 0 0 0 0 0 0 0
"Mazama_americana" 2 4 0 0 0 39 0 0 0 0 347 0 0 0 0 0 0 0 3 0 0 0 0 20 21 0 0 0 0 0 0 0 0 0 0 0 0 37 0 0 0 0 0 0 0 0 0 0 0
"Mazama_gouazoubi" 0 2 0 3 0 53 24 15 3 0 0 0 0 0 0 0 0 0 0 0 0 0 22 24 0 0 0 0 0 0 0 0 0 0 0 5 0 0 0 0 0 0 0 0 72 0 0 0 0
"Mazama_nana" 0 0 0 0 0 0 0 0 0 0 0 0 0 0 0 0 0 0 0 0 0 0 0 0 1 0 0 0 0 0 0 0 0 0 0 0 0 0 0 0 0 0 0 0 0 0 0 0 0
"Mazama_nemorivag" 0 0 0 0 0 0 0 0 0 0 0 0 0 0 0 0 0 0 0 0 0 0 0 0 0 0 0 0 0 0 0 0 0 0 0 0 0 55 0 0 0 0 0 0 0 0 0 0 0
"Mazama_rufina" 0 0 0 0 0 0 0 0 0 0 0 0 0 0 0 0 0 0 0 0 0 0 0 0 0 0 0 0 0 0 0 0 10 0 0 0 0 0 0 0 0 0 0 0 0 0 0 0 0
"Mazama_temama" 0 0 0 0 0 0 0 0 0 0 0 0 0 0 0 0 0 0 0 0 9 1 0 0 0 0 0 0 0 0 0 0 0 0 0 0 0 0 0 0 0 0 0 0 0 0 0 0 0
"Mephitis_macrour" 0 0 0 0 0 0 0 0 0 6 0 0 0 4 0 0 0 0 0 1 0 0 0 0 0 0 0 0 0 0 0 0 0 0 0 0 0 0 0 0 0 0 0 0 0 0 0 0 0
"Mephitis_mephiti" 0 0 0 0 0 0 0 0 0 0 0 0 0 0 0 2 0 0 0 0 0 0 0 0 0 0 0 0 0 11 13 0 0 4 0 0 0 0 0 0 4 0 0 0 0 0 0 0 0
"Mustela_erminea" 0 0 0 0 0 0 0 0 0 0 0 0 0 0 0 0 0 0 0 0 0 0 0 0 0 0 0 0 0 0 0 0 0 3 0 0 0 0 0 0 0 0 0 0 0 0 0 0 0
"Mustela_frenata" 0 0 0 0 0 0 0 0 0 0 0 0 0 0 0 0 0 0 0 0 0 0 0 0 0 0 0 0 1 0 0 0 0 0 0 0 0 0 0 0 0 0 0 0 0 0 0 0 0
"Myoprocta_acouch" 0 0 0 0 0 17 0 0 0 0 0 0 0 0 0 0 0 0 0 0 0 0 0 0 0 0 0 0 0 0 0 0 0 0 0 0 0 77 0 0 0 0 0 0 0 0 0 0 0
"Myoprocta_partti" 0 0 0 0 0 0 0 0 0 0 16 0 0 0 0 0 0 0 0 0 0 0 0 0 0 0 0 0 0 0 0 0 0 0 0 0 0 0 0 0 0 0 0 0 0 0 0 0 0
"Myoprocta_pratti" 0 0 0 0 0 0 0 0 0 0 0 24 0 0 0 0 0 0 0 0 0 0 0 0 0 0 0 0 0 0 0 0 0 0 0 0 0 0 0 0 0 0 0 0 0 0 0 0 0
"Myrmecophaga_tri" 1 1 0 0 0 2 0 0 0 0 0 1 0 0 0 0 0 0 0 0 0 4 0 1 0 0 0 0 0 0 0 0 0 0 0 0 0 7 0 0 0 0 0 2 0 0 0 0 0
"Nasua_narica" 0 0 0 0 0 0 0 0 0 174 0 0 0 10 0 0 0 0 51 68 58 10 0 0 0 0 0 0 0 0 0 0 0 0 0 0 33 0 0 6 0 0 0 0 0 0 0 0 0
"Nasua_nasua" 0 0 0 2 26 4 0 0 0 0 1 0 39 0 0 0 0 0 0 0 0 0 2 2 2 0 0 0 0 0 0 0 0 0 0 3 0 2 12 0 0 0 0 0 0 0 0 31 2
"Nasuella_olivace" 0 0 0 0 0 0 0 0 0 0 0 0 0 0 0 0 0 0 0 0 0 0 0 0 0 0 0 0 0 0 0 0 2 0 0 0 0 0 0 0 0 0 0 0 0 0 0 0 0
"Odocoileus_hemio" 0 0 0 0 0 0 0 0 0 0 0 0 0 0 0 0 0 0 0 0 0 0 0 0 0 0 0 40 0 28 2059 0 0 0 0 0 0 0 0 0 0 0 0 0 0 0 0 0 0
"Odocoileus_virgi" 0 0 0 0 0 0 0 0 0 53 0 0 0 124 190 1603 32 10 65 9 103 7 0 0 0 0 0 0 10 0 0 178 0 1497 0 0 3 0 0 81 53 0 0 0 0 0 86 0 0
"Panthera_onca" 0 0 0 0 0 51 0 0 0 11 0 1 0 13 0 0 0 0 0 1 19 0 0 3 9 0 0 0 0 0 0 0 0 0 0 0 0 14 1 20 0 0 0 0 0 0 0 0 0
"Pecari_tajacu" 3 7 0 1 38 42 0 0 0 44 85 2 0 22 0 0 0 0 24 139 4 7 5 3 1 0 0 0 0 0 0 0 0 0 0 0 4 77 19 4 71 0 3 0 0 0 0 0 0
"Philander_opossu" 0 0 0 0 0 0 0 0 0 0 0 0 0 0 0 0 0 0 0 0 0 0 0 0 0 0 0 0 0 0 0 0 0 0 0 0 1 0 0 0 0 0 0 0 0 0 0 0 0
"Potos_flavus" 0 0 0 0 0 0 0 0 0 0 0 0 0 0 0 0 0 0 0 0 0 0 0 0 0 0 0 0 0 0 0 0 0 0 0 0 0 0 0 0 0 0 0 0 0 0 0 4 1
"Priodontes_maxim" 0 0 0 0 0 12 0 0 0 0 0 3 0 0 0 0 0 0 0 0 0 0 0 2 0 0 0 0 0 0 0 0 0 0 0 0 0 0 0 0 0 0 2 0 0 0 0 0 0
"Procyon_cancrivo" 3 0 6 2 21 1 6 0 0 0 0 0 4 0 0 0 0 0 0 0 0 0 0 0 0 0 0 0 0 0 0 0 0 0 6 5 0 2 0 0 0 0 0 0 8 3 0 13 25
"Procyon_lotor" 0 0 0 0 0 0 0 0 0 19 0 0 0 1 25 1093 62 19 1 1 0 0 0 0 0 0 0 4 0 0 0 223 0 758 0 0 7 0 0 1 67 0 0 0 0 0 0 0 0
"Proechimys_semis" 0 0 0 0 0 0 0 0 0 0 0 0 0 0 0 0 0 0 4 0 0 0 0 0 0 0 0 0 0 0 0 0 0 0 0 0 0 0 0 0 0 0 0 0 0 0 0 0 0
"Pseudalopex_gymn" 0 0 0 0 0 0 15 11 5 0 0 0 0 0 0 0 0 0 0 0 0 0 0 0 0 0 0 0 0 0 0 0 0 0 0 0 0 0 0 0 0 0 0 0 0 0 0 0 0
"Puma_concolor" 1 2 9 0 0 25 0 0 0 47 0 1 0 50 0 0 0 0 0 6 25 5 1 1 6 0 0 0 0 9 8 0 4 0 6 2 0 15 0 26 0 0 0 5 0 26 0 0 0
"Puma_yagouaround" 0 0 0 0 14 2 0 0 0 0 0 0 0 1 0 0 0 0 1 0 0 0 4 1 2 0 4 0 0 0 0 0 0 0 0 0 0 0 1 0 0 0 0 0 5 0 0 0 0
"Rangifer_tarandu" 0 0 0 0 0 0 0 0 0 0 0 0 0 0 0 0 0 0 0 0 0 0 0 0 0 0 0 0 0 0 0 0 0 0 0 0 0 0 0 0 0 2712 0 0 0 0 0 0 0
"Rattus_norvegicu" 0 0 0 0 0 0 0 0 0 0 0 0 0 0 0 0 0 0 0 0 0 0 0 0 0 0 0 0 0 0 0 20 0 0 0 0 0 0 0 0 0 0 0 0 0 0 0 0 0
"Saimiri_bolivien" 0 0 0 0 0 1 0 0 0 0 0 0 0 0 0 0 0 0 0 0 0 0 0 0 0 0 0 0 0 0 0 0 0 0 0 0 0 0 0 0 0 0 0 0 0 0 0 0 0
"Sapajus_nigritus" 0 0 0 0 0 0 0 0 0 0 0 0 0 0 0 0 0 0 0 0 0 0 0 0 0 0 0 0 0 0 0 0 0 0 0 0 0 0 0 0 0 0 0 4 0 0 0 0 0
"Sciurus_aberti" 0 0 0 0 0 0 0 0 0 0 0 0 0 0 0 0 0 0 0 0 0 0 0 0 0 0 0 0 0 0 40 0 0 0 0 0 0 0 0 0 0 0 0 0 0 0 0 0 0
"Sciurus_aestuans" 0 0 0 3 0 0 0 0 0 0 0 0 0 0 0 0 0 0 0 0 0 0 0 0 0 0 0 0 0 0 0 0 0 0 0 0 0 3 0 0 0 0 0 0 0 0 0 0 0
"Sciurus_aureogas" 0 0 0 0 0 0 0 0 0 19 0 0 0 0 0 0 0 0 0 2 0 0 0 0 0 0 0 0 0 0 0 0 0 0 0 0 0 0 0 0 0 0 0 0 0 0 0 0 0
"Sciurus_caroline" 0 0 0 0 0 0 0 0 0 0 0 0 0 0 55 1887 43 37 0 0 0 0 0 0 0 0 0 0 0 0 0 1044 0 0 0 0 0 0 0 0 0 0 0 0 0 0 0 0 0
"Sciurus_colliaei" 0 0 0 0 0 0 0 0 0 0 0 0 0 10 0 0 0 0 0 0 0 0 0 0 0 0 0 0 0 0 0 0 0 0 0 0 0 0 0 0 0 0 0 0 0 0 0 0 0
"Sciurus_granaten" 0 0 0 0 0 0 0 0 0 0 0 0 0 0 0 0 0 0 1 0 0 0 0 0 0 0 1 0 0 0 0 0 0 0 0 0 0 0 0 0 0 0 0 0 0 0 0 0 0
"Sciurus_ignivent" 0 0 0 0 0 0 0 0 0 0 1 0 0 0 0 0 0 0 0 0 0 0 0 0 0 0 0 0 0 0 0 0 0 0 0 0 0 0 0 0 0 0 0 0 0 0 0 0 0
"Sciurus_spadiceu" 0 0 0 0 0 5 0 0 0 0 0 0 0 0 0 0 0 0 0 0 0 0 0 0 0 0 0 0 0 0 0 0 0 0 0 0 0 0 0 0 0 0 0 0 0 0 0 0 0
"Speothos_venatic" 0 0 0 0 0 0 0 0 0 0 0 0 0 0 0 0 0 0 0 0 0 0 0 0 0 0 0 0 0 0 0 0 0 0 0 0 0 1 0 0 0 0 0 0 0 0 0 0 0
"Spermophilus_var" 0 0 0 0 0 0 0 0 0 0 0 0 0 0 0 0 0 0 0 0 0 0 0 0 0 0 0 0 0 0 0 0 0 0 0 0 0 0 0 5 0 0 0 0 0 0 0 0 0
"Sphiggurus_insid" 0 0 0 0 0 0 0 0 0 0 0 0 0 0 0 0 0 0 0 0 0 0 0 0 0 0 0 0 0 0 0 0 0 0 0 0 0 0 0 0 0 0 0 0 0 0 0 0 1
"Spilogale_putori" 0 0 0 0 0 0 0 0 0 2 0 0 0 0 0 0 0 0 0 0 0 0 0 0 0 0 0 0 0 0 0 0 0 0 0 0 0 0 0 2 0 0 0 0 0 0 0 0 0
"Spilogale_pygmae" 0 0 0 0 0 0 0 0 0 0 0 0 0 0 0 0 0 0 0 1 0 0 0 0 0 0 0 0 0 0 0 0 0 0 0 0 0 0 0 0 0 0 0 0 0 0 0 0 0
"Sus_scrofa" 0 0 0 0 0 0 2 1 1 0 0 0 0 0 0 0 0 0 0 0 0 0 14 0 0 0 0 0 0 0 0 0 0 0 0 0 0 0 0 0 189 0 0 0 0 0 0 0 0
"Sylvilagus_brasi" 0 0 10 0 105 3 0 0 0 0 0 0 0 0 0 0 0 0 1 0 0 0 72 7 29 0 0 0 0 0 0 0 2 0 0 36 0 0 1 0 0 0 0 0 0 9 0 0 1
"Sylvilagus_cunic" 0 0 0 0 0 0 0 0 0 36 0 0 0 0 0 0 0 0 0 0 0 0 0 0 0 0 0 0 0 0 0 0 0 0 0 0 0 0 0 0 0 0 0 0 0 0 0 0 0
"Sylvilagus_flori" 0 0 0 0 0 0 0 0 0 91 0 0 0 101 1 350 0 3 0 6 0 0 0 0 0 0 0 0 0 0 0 130 0 0 0 0 0 0 0 29 0 0 0 0 0 0 12 0 0
"Sylvilagus_nutta" 0 0 0 0 0 0 0 0 0 0 0 0 0 0 0 0 0 0 0 0 0 0 0 0 0 0 0 0 0 0 110 0 0 0 0 0 0 0 0 0 0 0 0 0 0 0 0 0 0
"Tamandua_mexican" 0 0 0 0 0 0 0 0 0 0 0 0 0 0 0 0 0 0 3 1 0 0 0 0 0 0 0 0 0 0 0 0 0 0 0 0 1 0 0 0 0 0 0 0 0 0 0 0 0
"Tamandua_tetrada" 1 0 1 0 1 4 0 0 0 0 0 0 1 0 0 0 0 0 0 0 0 0 0 0 0 0 0 0 0 0 0 0 0 0 0 0 0 2 0 0 0 0 1 4 6 0 0 0 0
"Tamias_striatus" 0 0 0 0 0 0 0 0 0 0 0 0 0 0 13 0 0 9 0 0 0 0 0 0 0 0 0 0 0 0 0 18 0 99 0 0 0 0 0 0 0 0 0 0 0 0 0 0 0
"Tapirus_bairdii" 0 0 0 0 0 0 0 0 0 0 0 0 0 0 0 0 0 0 0 0 0 33 0 0 0 0 0 0 0 0 0 0 0 0 0 0 9 0 0 0 0 0 0 0 0 0 0 0 0
"Tapirus_pinchaqu" 0 0 0 0 0 0 0 0 0 0 0 0 0 0 0 0 0 0 0 0 0 0 0 0 0 0 0 0 0 0 0 0 57 0 0 0 0 0 0 0 0 0 0 0 0 0 0 0 0
"Tapirus_terrestr" 2 2 0 0 15 102 0 0 0 0 305 2 0 0 0 0 0 0 0 0 0 0 2 23 20 0 0 0 0 0 0 0 0 0 17 0 0 12 8 0 0 0 0 0 0 0 0 0 0
"Taxidea_taxus" 0 0 0 0 0 0 0 0 0 0 0 0 0 0 0 0 0 0 0 0 0 0 0 0 0 0 0 0 0 0 0 0 0 5 0 0 0 0 0 1 0 0 0 0 0 0 0 0 0
"Tayassu_pecari" 1 0 0 0 0 210 0 0 0 0 6 0 0 0 0 0 0 0 0 0 0 0 0 6 0 0 0 0 0 0 0 0 0 0 0 0 0 0 0 0 0 0 0 0 0 0 0 0 0
"Tolypeutes_matac" 0 0 0 0 0 0 0 0 0 0 0 0 0 0 0 0 0 0 0 0 0 0 0 1 0 0 0 0 0 0 0 0 0 0 0 0 0 0 0 0 0 0 0 0 0 0 0 0 0
"Tremarctos_ornat" 0 0 0 0 0 0 0 0 0 0 0 0 0 0 0 0 0 0 0 0 0 0 0 0 0 0 0 0 3 0 0 0 8 0 0 0 0 0 0 0 0 0 0 0 0 0 0 0 0
"Urocyon_cinereoa" 0 0 0 0 0 0 0 0 0 66 0 0 0 3 5 8 34 0 0 1 5 0 0 0 0 0 0 0 0 0 0 39 0 0 0 0 0 0 0 88 0 0 0 0 0 0 0 0 0
"Ursus_americanus" 0 0 0 0 0 0 0 0 0 0 0 0 0 0 17 0 0 0 0 0 0 0 0 0 0 0 0 0 0 16 24 0 0 361 0 0 0 0 0 0 0 0 0 0 0 0 0 0 0
"Ursus_arctos" 0 0 0 0 0 0 0 0 0 0 0 0 0 0 0 0 0 0 0 0 0 0 0 0 0 0 0 0 0 0 0 0 0 0 0 0 0 0 0 0 0 1 0 0 0 0 0 0 0
"Vulpes_vulpes" 0 0 0 0 0 0 0 0 0 0 0 0 0 0 0 0 5 0 0 0 0 0 0 0 0 0 0 0 0 67 55 0 0 0 0 0 0 0 0 0 0 0 0 0 0 0 0 0 0
