<  File:  NWLgMamm.txt   Species:  126 Sites:   49 MatFill: 0.10 Occ:    597 0.500% Confidence limit  Index: c Model: fixed - fixed                      
 
#    No             Sp1                Sp2     S1  S2 Com  Obs.Score  Exp.Score  Exp.StDev   Skewness    LowerCL    UpperCL SigZ-Score      Alpha >MeanScore   >CLScore   >BJScore      Alpha
#     1 "Dasypus_novemcin" "Leopardus_pardal"  31  26  21      0.062      0.160      0.042      0.455      0.082      0.290      -2.32 0.02022678       0.00       0.00       0.00 1.00000000
#     2 "Dasypus_novemcin" "Pecari_tajacu"     31  22  18      0.076      0.190      0.058      0.487      0.103      0.370      -1.94 0.05200100       0.00       0.00       0.00 1.00000000
#     5 "Dasypus_novemcin" "Cuniculus_paca"    31  19  17      0.048      0.211      0.073      0.619      0.076      0.430      -2.25 0.02386785       0.00       0.00       0.00 1.00000000
#     8 "Dasypus_novemcin" "Canis_latrans"     31  16   6      0.504      0.234      0.086      0.074      0.069      0.435       3.14 0.00164658       0.00       0.00       0.00 1.00000000
#    10 "Dasypus_novemcin" "Procyon_cancrivo"  31  14  13      0.041      0.238      0.098      0.650      0.088      0.539      -2.01 0.04402453      -2.01       0.00       0.00 1.00000000
#    19 "Dasypus_novemcin" "Lynx_rufus"        31  10   1      0.871      0.279      0.120      0.177      0.071      0.523       4.94 0.00000072       0.00       0.00       4.48 0.00000683
#    37 "Dasypus_novemcin" "Sciurus_caroline"  31   5   0      1.000      0.315      0.181      0.304      0.000      0.774       3.78 0.00014657       3.78       3.78       3.18 0.00139953
#    39 "Dasypus_novemcin" "Tamias_striatus"   31   4   0      1.000      0.298      0.207      0.406      0.000      0.726       3.39 0.00066710       3.39       3.39       0.00 1.00000000
#   126 "Leopardus_pardal" "Pecari_tajacu"     26  22  19      0.037      0.247      0.068      0.422      0.105      0.498      -3.10 0.00186217      -3.10      -3.10       0.00 1.00000000
#   128 "Leopardus_pardal" "Eira_barbara"      26  20  17      0.052      0.261      0.069      0.364      0.138      0.475      -3.01 0.00252366       0.00       0.00       0.00 1.00000000
#   138 "Leopardus_pardal" "Tapirus_terrestr"  26  12  10      0.103      0.359      0.112      0.323      0.163      0.663      -2.28 0.02216899       0.00       0.00       0.00 1.00000000
#   143 "Leopardus_pardal" "Lynx_rufus"        26  10   1      0.865      0.358      0.134      0.095      0.065      0.738       3.79 0.00014019       0.00       0.00       3.20 0.00133863
#   149 "Leopardus_pardal" "Nasua_narica"      26   8   8      0.000      0.375      0.158      0.620      0.091      0.841      -2.37 0.01738840       0.00       0.00       0.00 1.00000000
#   150 "Leopardus_pardal" "Didelphis_marsup"  26   8   8      0.000      0.367      0.153      0.198      0.091      0.692      -2.41 0.01589125       0.00       0.00       0.00 1.00000000
#   161 "Leopardus_pardal" "Sciurus_caroline"  26   5   0      1.000      0.428      0.203      0.008      0.000      0.769       2.82 0.00466496       2.82       2.82       0.00 1.00000000
#   261 "Pecari_tajacu"    "Tapirus_terrestr"  22  12  11      0.042      0.421      0.123      0.444      0.148      0.758      -3.09 0.00193453      -3.09      -3.09       0.00 1.00000000
#   263 "Pecari_tajacu"    "Panthera_onca"     22  11  11      0.000      0.421      0.139      0.044      0.107      0.744      -3.04 0.00230020       0.00       0.00       0.00 1.00000000
#   272 "Pecari_tajacu"    "Nasua_narica"      22   8   8      0.000      0.442      0.169      0.426      0.085      0.835      -2.61 0.00891060       0.00       0.00       0.00 1.00000000
#   274 "Pecari_tajacu"    "Mazama_americana"  22   8   8      0.000      0.464      0.168      0.274      0.085      1.000      -2.76 0.00562370       0.00       0.00       0.00 1.00000000
#   385 "Puma_concolor"    "Panthera_onca"     22  11  10      0.050      0.428      0.120      0.337      0.174      0.744      -3.15 0.00157720      -3.15      -3.15       0.00 1.00000000
#   393 "Puma_concolor"    "Myrmecophaga_tri"  22   8   8      0.000      0.445      0.168      0.005      0.085      0.835      -2.64 0.00815243       0.00       0.00       0.00 1.00000000
#   498 "Eira_barbara"     "Canis_latrans"     20  16   1      0.891      0.378      0.115      0.944      0.141      0.788       4.45 0.00000793       0.00       0.00       3.94 0.00007570
#   499 "Eira_barbara"     "Procyon_lotor"     20  14   1      0.882      0.392      0.117      0.436      0.196      0.668       4.18 0.00002760       0.00       0.00       3.64 0.00026351
#   501 "Eira_barbara"     "Nasua_nasua"       20  13  11      0.069      0.430      0.130      0.433      0.115      0.762      -2.78 0.00527614       0.00       0.00       0.00 1.00000000
#   503 "Eira_barbara"     "Sylvilagus_brasi"  20  12   9      0.138      0.434      0.127      0.235      0.200      0.750      -2.34 0.01927119       0.00       0.00       0.00 1.00000000
#   507 "Eira_barbara"     "Didelphis_virgin"  20  10   0      1.000      0.473      0.153      0.210      0.120      0.855       3.45 0.00052834       3.45       3.45       0.00 1.00000000
#   509 "Eira_barbara"     "Lynx_rufus"        20  10   0      1.000      0.430      0.132     -0.131      0.120      0.720       4.32 0.00001496       4.32       4.32       3.79 0.00014286
#   513 "Eira_barbara"     "Urocyon_cinereoa"  20   9   0      1.000      0.483      0.164     -0.223      0.144      0.700       3.15 0.00156116       3.15       3.15       0.00 1.00000000
#   520 "Eira_barbara"     "Didelphis_aurita"  20   7   7      0.000      0.447      0.177     -0.114      0.100      0.814      -2.53 0.01133001       0.00       0.00       0.00 1.00000000
#   618 "Cuniculus_paca"   "Canis_latrans"     19  16   2      0.783      0.392      0.125      0.422      0.178      0.684       3.13 0.00166386       0.00       0.00       0.00 1.00000000
#   619 "Cuniculus_paca"   "Procyon_lotor"     19  14   2      0.767      0.419      0.132      0.187      0.188      0.662       2.63 0.00838053       0.00       0.00       0.00 1.00000000
#   627 "Cuniculus_paca"   "Didelphis_virgin"  19  10   0      1.000      0.475      0.162      0.451      0.116      0.853       3.23 0.00118083       3.23       3.23       0.00 1.00000000
#   629 "Cuniculus_paca"   "Lynx_rufus"        19  10   0      1.000      0.436      0.146      0.129      0.116      0.716       3.85 0.00010991       3.85       3.85       3.27 0.00104950
#   637 "Cuniculus_paca"   "Mazama_americana"  19   8   7      0.079      0.502      0.148      0.052      0.171      0.829      -2.86 0.00413245      -2.86       0.00       0.00 1.00000000
#   736 "Cerdocyon_thous"  "Odocoileus_virgi"  17  17   0      1.000      0.423      0.121      0.037      0.170      0.678       4.79 0.00000161       4.79       4.79       4.31 0.00001537
#   737 "Cerdocyon_thous"  "Canis_latrans"     17  16   0      1.000      0.431      0.136      0.504      0.154      0.772       4.19 0.00002593       4.19       4.19       3.65 0.00024758
#   738 "Cerdocyon_thous"  "Procyon_lotor"     17  14   0      1.000      0.443      0.137      0.633      0.118      0.874       4.08 0.00004333       4.08       4.08       3.52 0.00041377
#   740 "Cerdocyon_thous"  "Nasua_nasua"       17  13   9      0.145      0.444      0.137      0.694      0.204      0.869      -2.18 0.02909607       0.00       0.00       0.00 1.00000000
#   748 "Cerdocyon_thous"  "Lynx_rufus"        17  10   0      1.000      0.500      0.148      0.140      0.176      0.847       3.37 0.00070781       3.37       3.37       0.00 1.00000000
#   751 "Cerdocyon_thous"  "Sylvilagus_flori"  17   9   0      1.000      0.517      0.161      0.249      0.216      0.837       2.99 0.00268018       2.99       2.99       0.00 1.00000000
#   752 "Cerdocyon_thous"  "Urocyon_cinereoa"  17   9   0      1.000      0.490      0.163      0.109      0.131      0.837       3.13 0.00168777       3.13       3.13       0.00 1.00000000
#   762 "Cerdocyon_thous"  "Euphractus_sexci"  17   5   5      0.000      0.551      0.209      0.118      0.153      1.000      -2.64 0.00807190       0.00       0.00       0.00 1.00000000
#   771 "Cerdocyon_thous"  "Lepus_europaeus"   17   4   4      0.000      0.593      0.245      0.141      0.206      1.000      -2.42 0.01517385       0.00       0.00       0.00 1.00000000
#   855 "Odocoileus_virgi" "Canis_latrans"     17  16  13      0.044      0.413      0.128      0.589      0.154      0.882      -2.89 0.00377476      -2.89      -2.89       0.00 1.00000000
#   856 "Odocoileus_virgi" "Procyon_lotor"     17  14  13      0.017      0.477      0.134      0.184      0.227      0.756      -3.44 0.00055158      -3.44      -3.44       0.00 1.00000000
#   857 "Odocoileus_virgi" "Procyon_cancrivo"  17  14   0      1.000      0.451      0.130      0.373      0.168      0.874       4.23 0.00002199       4.23       4.23       3.69 0.00021001
#   858 "Odocoileus_virgi" "Nasua_nasua"       17  13   0      1.000      0.445      0.135      0.373      0.145      0.747       4.10 0.00003898       4.10       4.10       3.55 0.00037222
#   860 "Odocoileus_virgi" "Sylvilagus_brasi"  17  12   1      0.863      0.447      0.128      0.259      0.176      0.735       3.26 0.00108522       0.00       0.00       0.00 1.00000000
#   864 "Odocoileus_virgi" "Didelphis_virgin"  17  10  10      0.000      0.510      0.158      0.122      0.106      0.847      -3.23 0.00120497       0.00       0.00       0.00 1.00000000
#   868 "Odocoileus_virgi" "Tamandua_tetrada"  17   9   0      1.000      0.463      0.148      0.349      0.131      0.837       3.63 0.00026923       3.63       3.63       3.01 0.00257083
#   869 "Odocoileus_virgi" "Sylvilagus_flori"  17   9   9      0.000      0.517      0.149      0.419      0.216      1.000      -3.48 0.00048262       0.00       0.00      -2.82 0.00460836
#   870 "Odocoileus_virgi" "Urocyon_cinereoa"  17   9   9      0.000      0.519      0.157      0.702      0.216      1.000      -3.30 0.00091928       0.00       0.00       0.00 1.00000000
#   872 "Odocoileus_virgi" "Nasua_narica"      17   8   8      0.000      0.513      0.179      0.180      0.162      1.000      -2.86 0.00410002       0.00       0.00       0.00 1.00000000
#   875 "Odocoileus_virgi" "Hydrochoerus_hyd"  17   8   0      1.000      0.512      0.171      0.341      0.162      0.824       2.85 0.00421131       2.85       2.85       0.00 1.00000000
#   884 "Odocoileus_virgi" "Sciurus_caroline"  17   5   5      0.000      0.574      0.201      0.127      0.153      1.000      -2.86 0.00416237       0.00       0.00       0.00 1.00000000
#   973 "Canis_latrans"    "Procyon_lotor"     16  14  13      0.013      0.494      0.129      0.058      0.281      0.750      -3.72 0.00019151      -3.72      -3.72      -3.11 0.00182866
#   974 "Canis_latrans"    "Procyon_cancrivo"  16  14   0      1.000      0.485      0.134      0.280      0.281      0.750       3.84 0.00011498       3.84       3.84       3.25 0.00109788
#   975 "Canis_latrans"    "Nasua_nasua"       16  13   0      1.000      0.477      0.133      0.138      0.192      0.740       3.94 0.00007778       3.94       3.94       3.36 0.00074273
#   978 "Canis_latrans"    "Tapirus_terrestr"  16  12   0      1.000      0.492      0.126      0.209      0.234      0.859       4.01 0.00005639       4.01       4.01       3.45 0.00053841
#   981 "Canis_latrans"    "Didelphis_virgin"  16  10   9      0.044      0.534      0.178      0.467      0.250      1.000      -2.76 0.00558245      -2.76      -2.76       0.00 1.00000000
#   983 "Canis_latrans"    "Lynx_rufus"        16  10  10      0.000      0.517      0.160     -0.161      0.100      0.844      -3.23 0.00117850       0.00       0.00       0.00 1.00000000
#   986 "Canis_latrans"    "Sylvilagus_flori"  16   9   8      0.056      0.537      0.176      0.418      0.125      1.000      -2.74 0.00598836      -2.74      -2.74       0.00 1.00000000
#   987 "Canis_latrans"    "Urocyon_cinereoa"  16   9   8      0.056      0.542      0.158     -0.177      0.125      0.833      -3.07 0.00205266      -3.07      -3.07       0.00 1.00000000
#  1090 "Procyon_lotor"    "Procyon_cancrivo"  14  14   0      1.000      0.504      0.147      0.371      0.184      0.862       3.38 0.00068468       3.38       3.38       0.00 1.00000000
#  1091 "Procyon_lotor"    "Nasua_nasua"       14  13   0      1.000      0.484      0.140      0.422      0.165      0.857       3.68 0.00022131       3.68       3.68       3.06 0.00211323
#  1094 "Procyon_lotor"    "Tapirus_terrestr"  14  12   0      1.000      0.481      0.132      0.544      0.208      0.851       3.93 0.00008166       3.93       3.93       3.35 0.00077973
#  1097 "Procyon_lotor"    "Didelphis_virgin"  14  10  10      0.000      0.565      0.171      0.088      0.229      1.000      -3.32 0.00087786       0.00       0.00       0.00 1.00000000
#  1099 "Procyon_lotor"    "Lynx_rufus"        14  10   8      0.086      0.542      0.157      0.461      0.229      1.000      -2.91 0.00355226      -2.91       0.00       0.00 1.00000000
#  1102 "Procyon_lotor"    "Sylvilagus_flori"  14   9   8      0.048      0.565      0.165      0.193      0.190      1.000      -3.13 0.00167733      -3.13      -3.13       0.00 1.00000000
#  1103 "Procyon_lotor"    "Urocyon_cinereoa"  14   9   8      0.048      0.581      0.153     -0.349      0.190      0.825      -3.49 0.00045383      -3.49      -3.49      -2.84 0.00433347
#  1131 "Procyon_lotor"    "Mephitis_macrour"  14   3   3      0.000      0.657      0.265      0.009      0.286      1.000      -2.48 0.01291072       0.00       0.00       0.00 1.00000000
#  1216 "Procyon_cancrivo" "Tamandua_tetrada"  14   9   7      0.111      0.531      0.161      0.155      0.190      0.825      -2.61 0.00894278       0.00       0.00       0.00 1.00000000
#  1225 "Procyon_cancrivo" "Didelphis_aurita"  14   7   7      0.000      0.591      0.189      0.109      0.184      1.000      -3.13 0.00170547       0.00       0.00       0.00 1.00000000
#  1339 "Nasua_nasua"      "Didelphis_aurita"  13   7   6      0.077      0.604      0.177     -0.111      0.176      1.000      -2.98 0.00280303      -2.98      -2.98       0.00 1.00000000
#  1462 "Canis_lupus"      "Felis_catus"       13   4   4      0.000      0.699      0.228     -0.277      0.192      1.000      -3.07 0.00205129       0.00       0.00       0.00 1.00000000
#  1466 "Canis_lupus"      "Bos_taurus"        13   3   3      0.000      0.658      0.264      0.009      0.282      1.000      -2.49 0.01241654       0.00       0.00       0.00 1.00000000
#  1552 "Sylvilagus_brasi" "Puma_yagouaround"  12  10   7      0.125      0.579      0.178      0.002      0.200      1.000      -2.56 0.01039070      -2.56       0.00       0.00 1.00000000
#  1663 "Tapirus_terrestr" "Puma_yagouaround"  12  10   6      0.200      0.588      0.178      0.194      0.292      1.000      -2.18 0.02900475       0.00       0.00       0.00 1.00000000
#  1669 "Tapirus_terrestr" "Myrmecophaga_tri"  12   8   6      0.125      0.615      0.196      0.197      0.219      1.000      -2.50 0.01220244      -2.50      -2.50       0.00 1.00000000
#  1672 "Tapirus_terrestr" "Mazama_americana"  12   8   7      0.052      0.606      0.201      0.024      0.125      1.000      -2.76 0.00568354      -2.76      -2.76       0.00 1.00000000
#  1686 "Tapirus_terrestr" "Tayassu_pecari"    12   4   4      0.000      0.686      0.226     -0.050      0.188      1.000      -3.03 0.00235832       0.00       0.00       0.00 1.00000000
#  1771 "Leopardus_wiedii" "Panthera_onca"     11  11   7      0.132      0.582      0.180      0.302      0.207      1.000      -2.50 0.01214588      -2.50       0.00       0.00 1.00000000
#  1773 "Leopardus_wiedii" "Puma_yagouaround"  11  10   6      0.182      0.603      0.167      0.338      0.273      1.000      -2.52 0.01136446       0.00       0.00       0.00 1.00000000
#  1909 "Panthera_onca"    "Conepatus_leucon"  11   3   3      0.000      0.772      0.263     -0.641      0.273      1.000      -2.93 0.00328726       0.00       0.00       0.00 1.00000000
#  1991 "Didelphis_virgin" "Lynx_rufus"        10  10   6      0.160      0.603      0.182      0.468      0.250      1.000      -2.44 0.01443475       0.00       0.00       0.00 1.00000000
#  1994 "Didelphis_virgin" "Sylvilagus_flori"  10   9   8      0.022      0.636      0.176      0.409      0.333      1.000      -3.49 0.00046253      -3.49      -3.49      -2.84 0.00441656
#  1995 "Didelphis_virgin" "Urocyon_cinereoa"  10   9   8      0.022      0.635      0.197      0.002      0.222      1.000      -3.11 0.00181895      -3.11      -3.11       0.00 1.00000000
#  2009 "Didelphis_virgin" "Sciurus_caroline"  10   5   5      0.000      0.690      0.225     -0.102      0.280      1.000      -3.07 0.00206405       0.00       0.00       0.00 1.00000000
#  2017 "Didelphis_virgin" "Conepatus_leucon"  10   3   3      0.000      0.737      0.230     -0.111      0.267      1.000      -3.20 0.00133836       0.00       0.00       0.00 1.00000000
#  2219 "Lynx_rufus"       "Mephitis_mephiti"  10   5   5      0.000      0.710      0.246     -0.366      0.120      1.000      -2.89 0.00375950       0.00       0.00       0.00 1.00000000
#  2228 "Lynx_rufus"       "Ursus_americanus"  10   4   4      0.000      0.747      0.242     -0.446      0.175      1.000      -3.09 0.00196660       0.00       0.00       0.00 1.00000000
#  2234 "Lynx_rufus"       "Odocoileus_hemio"  10   3   3      0.000      0.723      0.270     -0.340      0.267      1.000      -2.67 0.00736839       0.00       0.00       0.00 1.00000000
#  2238 "Lynx_rufus"       "Vulpes_vulpes"     10   3   3      0.000      0.723      0.247     -0.200      0.267      1.000      -2.93 0.00330800       0.00       0.00       0.00 1.00000000
#  2322 "Mazama_gouazoubi" "Sus_scrofa"        10   5   4      0.120      0.722      0.214     -0.220      0.280      1.000      -2.82 0.00474608      -2.82      -2.82       0.00 1.00000000
#  2323 "Mazama_gouazoubi" "Euphractus_sexci"  10   5   4      0.120      0.695      0.224     -0.087      0.280      1.000      -2.57 0.01007962      -2.57      -2.57       0.00 1.00000000
#  2337 "Mazama_gouazoubi" "Leopardus_geoffr"  10   3   3      0.000      0.783      0.253     -0.659      0.267      1.000      -3.09 0.00193226       0.00       0.00       0.00 1.00000000
#  2422 "Tamandua_tetrada" "Hydrochoerus_hyd"   9   8   6      0.083      0.644      0.175     -0.030      0.278      1.000      -3.20 0.00131595      -3.20      -3.20       0.00 1.00000000
#  2459 "Tamandua_tetrada" "Myoprocta_acouch"   9   2   2      0.000      0.817      0.261     -0.745      0.444      1.000      -3.13 0.00170910       0.00       0.00       0.00 1.00000000
#  2520 "Sylvilagus_flori" "Urocyon_cinereoa"   9   9   7      0.049      0.628      0.209     -0.091      0.198      1.000      -2.76 0.00556326      -2.76      -2.76       0.00 1.00000000
#  2534 "Sylvilagus_flori" "Sciurus_caroline"   9   5   4      0.111      0.720      0.210      0.012      0.267      1.000      -2.90 0.00367349      -2.90      -2.90       0.00 1.00000000
#  2542 "Sylvilagus_flori" "Conepatus_leucon"   9   3   3      0.000      0.761      0.245     -0.402      0.259      1.000      -3.11 0.00182027       0.00       0.00       0.00 1.00000000
#  2624 "Urocyon_cinereoa" "Nasua_narica"       9   8   5      0.167      0.666      0.179      0.128      0.278      1.000      -2.79 0.00516683       0.00       0.00       0.00 1.00000000
#  2636 "Urocyon_cinereoa" "Sciurus_caroline"   9   5   4      0.111      0.727      0.219     -0.094      0.267      1.000      -2.81 0.00479966      -2.81      -2.81       0.00 1.00000000
#  2650 "Urocyon_cinereoa" "Mephitis_macrour"   9   3   3      0.000      0.760      0.264     -0.549      0.259      1.000      -2.88 0.00389963       0.00       0.00       0.00 1.00000000
#  2727 "Myrmecophaga_tri" "Mazama_americana"   8   8   5      0.141      0.690      0.187      0.018      0.250      1.000      -2.93 0.00325346      -2.93      -2.93       0.00 1.00000000
#  2845 "Nasua_narica"     "Conepatus_leucon"   8   3   3      0.000      0.787      0.257     -0.696      0.250      1.000      -3.06 0.00210536       0.00       0.00       0.00 1.00000000
#  2851 "Nasua_narica"     "Mephitis_macrour"   8   3   3      0.000      0.718      0.261     -0.237      0.250      1.000      -2.75 0.00574219       0.00       0.00       0.00 1.00000000
#  2928 "Didelphis_marsup" "Dasyprocta_punct"   8   7   5      0.107      0.679      0.184      0.179      0.357      1.000      -3.11 0.00181609      -3.11      -3.11       0.00 1.00000000
#  3038 "Mazama_americana" "Tayassu_pecari"     8   4   4      0.000      0.744      0.252     -0.465      0.156      1.000      -2.96 0.00299966       0.00       0.00       0.00 1.00000000
#  3068 "Mazama_americana" "Dasypus_kappleri"   8   2   2      0.000      0.809      0.266     -0.696      0.438      1.000      -3.04 0.00232685       0.00       0.00       0.00 1.00000000
#  3130 "Hydrochoerus_hyd" "Didelphis_albive"   8   5   4      0.100      0.758      0.220     -0.428      0.250      1.000      -3.00 0.00263548      -3.00      -3.00       0.00 1.00000000
#  3361 "Didelphis_aurita" "Potos_flavus"       7   2   2      0.000      0.851      0.251     -1.128      0.429      1.000      -3.40 0.00065273       0.00       0.00       0.00 1.00000000
#  3507 "Sus_scrofa"       "Conepatus_chinga"   5   5   3      0.160      0.838      0.203     -0.719      0.360      1.000      -3.35 0.00077635      -3.35      -3.35       0.00 1.00000000
#  3611 "Euphractus_sexci" "Leopardus_geoffr"   5   3   3      0.000      0.858      0.227     -1.140      0.200      1.000      -3.78 0.00014687       0.00       0.00      -3.18 0.00140237
#  3698 "Mephitis_mephiti" "Ursus_americanus"   5   4   3      0.100      0.850      0.204     -0.784      0.300      1.000      -3.67 0.00022817      -3.67      -3.67      -3.05 0.00217868
#  3781 "Conepatus_chinga" "Didelphis_albive"   5   5   3      0.160      0.803      0.224     -0.572      0.360      1.000      -2.87 0.00394166      -2.87      -2.87       0.00 1.00000000
#  3787 "Conepatus_chinga" "Lepus_europaeus"    5   4   3      0.100      0.833      0.222     -0.831      0.300      1.000      -3.30 0.00093675      -3.30      -3.30       0.00 1.00000000
#  3792 "Conepatus_chinga" "Leopardus_geoffr"   5   3   3      0.000      0.847      0.225     -0.896      0.200      1.000      -3.77 0.00015694       0.00       0.00      -3.16 0.00149856
#  3793 "Conepatus_chinga" "Pseudalopex_gymn"   5   3   3      0.000      0.871      0.215     -1.181      0.200      1.000      -4.05 0.00004905       0.00       0.00      -3.49 0.00046841
#  3881 "Didelphis_albive" "Leopardus_geoffr"   5   3   3      0.000      0.837      0.245     -1.069      0.200      1.000      -3.42 0.00061041       0.00       0.00       0.00 1.00000000
#  3961 "Sciurus_caroline" "Tamias_striatus"    5   4   3      0.100      0.815      0.233     -0.746      0.300      1.000      -3.06 0.00211620      -3.06      -3.06       0.00 1.00000000
#  4065 "Priodontes_maxim" "Atelocynus_micro"   4   2   2      0.000      0.887      0.240     -1.717      0.375      1.000      -3.70 0.00020802       0.00       0.00      -3.08 0.00198631
#  4256 "Felis_catus"      "Potos_flavus"       4   2   2      0.000      0.831      0.277     -1.068      0.375      1.000      -3.00 0.00265265       0.00       0.00       0.00 1.00000000
#  4482 "Ursus_americanus" "Vulpes_vulpes"      4   3   2      0.167      0.880      0.214     -1.255      0.500      1.000      -3.34 0.00080222      -3.34      -3.34       0.00 1.00000000
#  4641 "Conepatus_leucon" "Mephitis_macrour"   3   3   3      0.000      0.889      0.222     -1.546      0.444      1.000      -4.00 0.00005984       0.00       0.00      -3.43 0.00057142
#  4650 "Conepatus_leucon" "Sciurus_aureogas"   3   2   2      0.000      0.940      0.191     -2.953      0.333      1.000      -4.93 0.00000077      -4.93      -4.93      -4.47 0.00000740
#  5109 "Mephitis_macrour" "Sciurus_aureogas"   3   2   2      0.000      0.947      0.181     -3.191      0.333      1.000      -5.23 0.00000018      -5.23      -5.23      -4.77 0.00000171
#  5181 "Dasyprocta_lepor" "Sciurus_aestuans"   3   2   2      0.000      0.933      0.200     -2.749      0.333      1.000      -4.67 0.00000286      -4.67       0.00      -4.18 0.00002732
#  5331 "Callithrix_kuhli" "Cebus_xanthoster"   2   2   2      0.000      0.895      0.260     -2.139      0.250      1.000      -3.44 0.00055826       0.00       0.00       0.00 1.00000000
#  5334 "Callithrix_kuhli" "Leontopithecus_c"   2   2   2      0.000      0.940      0.203     -3.191      0.250      1.000      -4.62 0.00000364      -4.62      -4.62      -4.13 0.00003472
#  5341 "Callithrix_kuhli" "Potos_flavus"       2   2   2      0.000      0.933      0.215     -2.953      0.250      1.000      -4.34 0.00001311      -4.34       0.00      -3.82 0.00012521
#  5405 "Conepatus_semist" "Tapirus_bairdii"    2   2   2      0.000      0.955      0.178     -3.819      0.250      1.000      -5.36 0.00000012      -5.36      -5.36      -4.85 0.00000114
#  5535 "Bassariscus_astu" "Spilogale_putori"   2   2   2      0.000      0.947      0.191     -3.474      0.250      1.000      -4.95 0.00000072      -4.95      -4.95      -4.48 0.00000683
#  6051 "Myoprocta_acouch" "Dasypus_kappleri"   2   2   2      0.000      0.947      0.191     -3.474      0.250      1.000      -4.95 0.00000072      -4.95      -4.95      -4.48 0.00000683
#  6108 "Cebus_xanthoster" "Leontopithecus_c"   2   2   2      0.000      0.940      0.203     -3.191      0.250      1.000      -4.62 0.00000364      -4.62      -4.62      -4.13 0.00003472
#  6115 "Cebus_xanthoster" "Potos_flavus"       2   2   2      0.000      0.925      0.225     -2.749      0.250      1.000      -4.11 0.00003713      -4.11       0.00      -3.56 0.00035458
#  6286 "Leontopithecus_c" "Potos_flavus"       2   2   2      0.000      0.933      0.215     -2.953      0.250      1.000      -4.34 0.00001311      -4.34       0.00      -3.82 0.00012521
#  6715 "Cabassous_tatoua" "Sapajus_nigritus"   2   1   1      0.000      1.000      0.000      0.000      1.000      1.000      -1.00 0.31722987      -1.00      -1.00       0.00 1.00000000
 
> Name               SP   CL+   CL-   BM+   BM-   BC+   BC-   BY+   BY-       NR   CL+   CL+
> NWLgMamm.txt     7875    32   106    24    48    24    39    18    21   787500  7875  7875
 
& File           Speci   Individ     BRInd       BRZ Cscoreind   CscoreZ Soeren.In  Soeren.Z    AbsInd      AbsZ CheckerIn  CheckerZ   CombInd     CombZ   CorrInd     CorrZ    SchInd      SchZ
& NWLgMamm.txt     126  30026.00    0.5645   -1.9544    0.0302    6.9426   -0.0004   -0.0191   -0.0001   -0.1061    0.0729   15.1446    0.4349    1.9943    0.0302    1.3969   -0.0062   -4.1628
 
%          Observed numbers                                          Expected numbers
% Class    Pairs   CL+   CL-   BM+   BM-   BC+   BC-   BY+   BY-       NR   CL+   CL-
% 0.000      892     0    57     0    12     0     8     0    17    72225   753   735
% 0.025       14     0    14     0    13     0    12     0     3       10     0     0
% 0.075       22     0    11     0     7     0     5     0     0      332     2     2
% 0.125       43     0    17     0    13     0    11     0     1      844     5    11
% 0.175       52     0     6     0     3     0     3     0     0     2438    31    32
% 0.225       38     0     1     0     0     0     0     0     0     3831    46    39
% 0.275       56     0     0     0     0     0     0     0     0     9704    86    88
% 0.325       71     0     0     0     0     0     0     0     0    10599    95    97
% 0.375       42     0     0     0     0     0     0     0     0     7868    83    74
% 0.425       94     0     0     0     0     0     0     0     0    19085   206   167
% 0.475      148     0     0     0     0     0     0     0     0    29536   276   299
% 0.525       31     1     0     0     0     0     0     0     0    10144   100   115
% 0.575       30     0     0     0     0     0     0     0     0     8648    84    77
% 0.625       73     0     0     0     0     0     0     0     0    15863   157   179
% 0.675       34     0     0     0     0     0     0     0     0     8488    96    93
% 0.725       34     0     0     0     0     0     0     0     0     7967    75    78
% 0.775       33     2     0     0     0     0     0     0     0     4938    46    57
% 0.825       17     0     0     0     0     0     0     0     0     2569    29    34
% 0.875        7     5     0     0     0     0     0     4     0       91     2     0
% 0.925        0     0     0     0     0     0     0     0     0        0     0     0
% 0.975        0     0     0     0     0     0     0     0     0        0     0     0
% 1.000     6144    24     0    24     0    24     0    14     0   572320  5703  5698
