Packed matrix: SBBats.txt                                        
 
                                 "X129 "X752 "X128 "X801 "X930 "X174 "X175 "X746 "X918 "X173 "X173 "X944 "X932 "X920 "X952 "X936 "X953 "X946 "X950 "X945 "X129 "X747 "X816 "X949 "X921 "X174 "X129 "X951 "X947 "X175       "X927 "X815 "X954 "X174 "X955 "X169
 
"Artibeus_lituratus"                38   119     0    32    79    72    25     5    60  1255   349     4    40    39   106   301   238     0    96    22   324     2     0   463    21    33   234     2   177     1     9    25    26    90     0    80    51      33
"Carollia_perspicil"               464   109   228   391   387   440   562    47     0     6   211   306    13    43    24    70    29     1    58    42    29    43     0     1    14    23    67    12    59     0     0    14     0     0     0     1     1      30
"Sturnira_lilium"                   61    25   279     4    75    34     5    34     2   157     1     0     0   132     4    21    25     3    42    80    59    50     0   125     0    10    41    59     5     0    55     8    26     0    67     0     0      29
"Desmodus_rotundus"                  9    26     5     1   128    40    25   132     5    49    25    31     0    77    10     0     9    45     0    10    31     2     0     0     0     0     0     1     4     0     7     7     0     1     0     0     0      24
"Platyrrhinus_linea"                15    41     0     0    12     0     0    33    50   173     0    32    18     3     0    71    15    76     1    31     7    41     0    10     0    12     1     1     0     0     0     4     0     1     0    10     0      23
"Glossophaga_sorici"                27     3     1     5    39     1     0   228    80    35    46    32     5     0     2    39     0     5     0    42     1    14     0     0     2     0     0     0     0     0     7     3     3     0     0     0     0      22
"Myotis_nigricans"                   4    23     0    13    46     0     0     0    13    33     0     0     1     3     0     7     1     0     6     0     4     1     2     0     0     2    14     0     0     0     1     1     4     0     0     8     0      20
"Artibeus_fimbriatu"                 4    31     0     1    30     0     0     0     2   939    37     0     3     2     0     0    36     0     0     0     0     0     0     0     8     4     0     2    19     0    18     0    12     8     0     0     0      17
"Anoura_caudifer"                    0    13     0     0     5     0     2    13     0     0     6     4     0     3     2     4     0     5     1     5     3    11     0     0     0     0     0     3     0     0     0     0     0     0     0     5     6      17
"Phyllostomus_hasta"                10    19     0     0   111     7     1     6     0    36    11     0     0     0    16     1     5     2     0     0     0     0     0     3     0     0     5     0     0     0     0     0     0     0     0     0     0      14
"Artibeus_obscurus"                150   142     0   139    15    31    27     0     0    22     0     0     0     0     3     0     0    15     0     4     0     0     0     0     1     2     0     0     0     0     0     3     0     0     0     0     0      13
"Artibeus_planirost"                 0   140     0     0    24     0     0    91     1   155     0    20     0     0     1   168     0    32     0    85     0     6     0     0     0     9     0     0     0     0     0     0     0     0     0     0     0      12
"Molossus_molossus"                  0   266    21     0     1     0     0     0   141    45     0     0     2     0     0     0     0     0     0     0     1     0    18     1     0     0     0     0     0     9    14     0     0     0     0     6     0      12
"Micronycteris_mega"                 0     5     1     0     6     0     0     0     0     0     0     0     0     0     2     0     2     1     6     1     0     0     0     0     0     0     2     1     1     0     0     0     0     0     0     0     0      11
"Chrotopterus_aurit"                 1     0     0     1     0     0     0     7     0     0     1     1     0     3     0     0     1     0     8     2     0     1     0     0     0     0     0     0     0     0     0     0     0     3     0     0     0      11
"Artibeus_jamaicens"                22     0     4     7     0     7     6     0     0     0     0     0     0     0     0     0    28     0    13     0     0     0     0     0     0     0     7     0     5     0     0     0     0     2     0     0     0      10
"Chiroderma_villosu"                 5     2     0     3     0     1     0     0     0     1     0     0     0     0     0     1     0     4     0     0     0     0     0     0     1     0     0     0     1     0     0     0     0     0     0     0     0       9
"Platyrrhinus_recif"                21    29     0     2    15     0     0     0     0     5    21     0     1     2     0     0     0     0     0     0     0     0     0     0     3     0     0     0     0     0     0     0     0     0     0     0     0       9
"Lasiurus_ega"                       0     1     1     0     2     0     0     1     0     1     0     0     0     0     0     0     0     0     0     0     2     0     1     0     0     1     0     0     0     3     0     0     0     0     0     0     0       9
"Vampyressa_pusilla"                 3     6     0     0     0     0     0     0     0     0    10     0     0     3     2     0     0     9     0     0     0     0     0     0     1     0     6     0     2     0     0     0     0     0     0     0     0       9
"Pygoderma_bilabiat"                 0     0     0     0     0     0     0     0     0     0     2     0     0     1     0     0     0     0     3     1    11     0     0     7     0     0     4     0     0     0     0     0     1     0     0     0     0       8
"Myotis_riparius"                    0    35     0     0    14     0     0     0     0     8    13     0     1     0     0     0     0     0     0     0     0     0     0     6     0     0     0     4     0     0     0     0     0     0     4     0     0       8
"Lasiurus_blossevil"                 0     1     6     0     0     0     0     0     0     1     0     0     1     0     0     0     1     0     0     0     0     0     0     1     0     0     0     0     0     6     0     0     0     0     1     0     0       8
"Eptesicus_furinali"                 0     0     2     0     0     0     0     0     2     0     0     0     0     3     0     0     0     0     1     0     0     1     3    18     0     0     0     0     0     0     0     0     0     0     0     0     0       7
"Chiroderma_doriae"                  0     1     0     0     0     0     0     0     0     3     3     0     0     0     1     6     0     0     0     2     0     2     0     0     0     0     0     0     0     0     0     0     0     0     0     0     0       7
"Noctilio_leporinus"                 0     8     0     0   284     0     0     0     0     4     0     0     1     0     3     0     0     0     0     0     0     0     2     1     0     0     0     0     0     0     0     0     0     0     0     0     0       7
"Phyllostomus_disco"                85     0     0     0     0     0     0     2     0     0     0     5     2     0     0     7     4     0     0     0     0     0     0     0     0     4     0     0     0     0     0     0     0     0     0     0     0       7
"Anoura_geoffroyi"                   3     1     3     0    43     0     0    98     0     0     0     2     0     0     0     0     0     7     0     0     0     0     0     0     0     0     0     0     0     0     0     0     0     0     0     0     0       7
"Artibeus_cinereus"                 47     0     0    49     0     0     0    13     0     0     1     1     7     0     0     0     0     0     0     0     0     0     0     0     0     0     0     0     0     0     0     0     0     0     0     0     0       6
"Trachops_cirrhosus"                 2     6     0     1     1     0     0     0     0     0     2     2     0     0     0     0     0     0     0     0     0     0     0     0     0     0     0     0     0     0     0     0     0     0     0     0     0       6
"Diphylla_ecaudata"                  0     0     0     0     5     1     1     0     0     0     1     0     0     0     2     0     0     3     0     0     0     0     0     0     0     0     0     0     0     0     0     0     0     0     0     0     0       6
"Molossus_rufus"                     0    11     0     0   395     0     0     0     5     0     0     0     0     0     0     0     0     0     0     0     0     0     0     0     0     0     0     0     0     1     1     0     0     0     0     0     0       5
"Tonatia_bidens"                     0    21     0     0    26     0     0     0     0     0     0     7     0     0     2     0     0     0     0     0     0     0     0     0     1     0     0     0     0     0     0     0     0     0     0     0     0       5
"Carollia_brevicaud"                14     0   550    12     0    24    29     0     0     0     0     0     0     0     0     0     0     0     0     0     0     0     0     0     0     0     0     0     0     0     0     0     0     0     0     0     0       5
"Platyrrhinus_helle"                 0     0     0     0     0     5     2     4     0     0     0     4     0     0     0     2     0     0     0     0     0     0     0     0     0     0     0     0     0     0     0     0     0     0     0     0     0       5
"Vampyrodes_caracci"                 0    14     1     1     0     8     5     0     0     0     0     0     0     0     0     0     0     0     0     0     0     0     0     0     0     0     0     0     0     0     0     0     0     0     0     0     0       5
"Histiotus_velatus"                  0     0     2     0     0     0     0     0     8     0     0     0     0     0     0     0     0     0     2     0     0     0     0     0     0     0     0     0     0     0     4     0     0     0     0     0     0       4
"Lophostoma_silvico"                 1     0     0     1     0     7     1     0     0     0     0     0     0     0     0     0     0     0     0     0     0     0     0     0     0     0     0     0     0     0     0     0     0     0     0     0     0       4
"Sturnira_oporaphil"                 0     0   327     0     0    13     5     0     0     0     0     0     0     0     0     0     0     0     0     0     0     0     0     0     0     0     0     0     0     0     0     0     0     0     2     0     0       4
"Eptesicus_brasilie"                 1     1     0     1     0     0     0     0     0     0     0     0     0     0     0     0     0     0     0     0     8     0     0     0     0     0     0     0     0     0     0     0     0     0     0     0     0       4
"Micronycteris_minu"                 0     0     0     0     2     1     0     4     0     0     0     0     0     1     0     0     0     0     0     0     0     0     0     0     0     0     0     0     0     0     0     0     0     0     0     0     0       4
"Uroderma_bilobatum"                68     0     0     1     0    32     2     0     0     0     0     0     0     0     0     0     0     0     0     0     0     0     0     0     0     0     0     0     0     0     0     0     0     0     0     0     0       4
"Molossops_temminck"                 0     0     0     0     0     0     0    15     0     0     0     8     0     0     0     3     0     0     0     0     0     0     7     0     0     0     0     0     0     0     0     0     0     0     0     0     0       4
"Promops_nasutus"                    0     0     1     0     0     0     0     0     3     0     0     0     0     0     0     0     0     0     0     0     0     0     5     0     0     0     0     0     0     3     0     0     0     0     0     0     0       4
"Choeroniscus_minor"                 2     0    22     0     0     4     0     0     0     0     0     0     0     0     0     0     0     0     0     0     0     0     0     0     0     0     0     0     0     0     0     0     0     0     0     0     0       3
"Micronycteris_schm"                 1     0     0     1     0     0     0     0     0     0     0     0     0     0     0     0     0     0     0     0     0     0     0     0     1     0     0     0     0     0     0     0     0     0     0     0     0       3
"Sturnira_erythromo"                 0     0    11     0     0     1     0     0     0     0     0     0     0     0     0     0     0     0     0     0     0     0     0     0     0     0     0     0     0     0     0     0     0     0   845     0     0       3
"Mimon_bennettii"                    0     0     0     0     0     0     0     2     0     0     0     0     0     1     1     0     0     0     0     0     0     0     0     0     0     0     0     0     0     0     0     0     0     0     0     0     0       3
"Nyctinomops_latica"                 0    27     0     0     0     0     0     0     6     0     0     0     0     0     0     0     0     0     0     0     0     0     0     0     0     0     0     0     0    12     0     0     0     0     0     0     0       3
"Mimon_crenulatum"                   7     0     0     0     0     0     0     1     0     0     0     0     0     0     0     0     0     0     0     0     0     4     0     0     0     0     0     0     0     0     0     0     0     0     0     0     0       3
"Lophostoma_brasili"                 8     0     0     1     0     0     0    10     0     0     0     0     0     0     0     0     0     0     0     0     0     0     0     0     0     0     0     0     0     0     0     0     0     0     0     0     0       3
"Eptesicus_diminutu"                 0     0     0     0     0     0     0     1     0     0     0     0     0     0     0     0     0     0     1     0     0     0     0     0     0     0     0     0     0     0     0     0     3     0     0     0     0       3
"Uroderma_magnirost"                 0     0     0     0     0     1     0     0     0     0     0     0     1     0     0     0     0     0     0     0     0     0     0     0     1     0     0     0     0     0     0     0     0     0     0     0     0       3
"Carollia_benkeithi"                 0     0     3     0     0     9    10     0     0     0     0     0     0     0     0     0     0     0     0     0     0     0     0     0     0     0     0     0     0     0     0     0     0     0     0     0     0       3
"Myotis_levis"                       0     0     0     0     0     0     0     0     0     0     0     0     0     1     0     0     3     0     0     0     0     0     0     0     0     0     0     0     0     0     0     0     1     0     0     0     0       3
"Enchisthenes_harti"                 0     0     0     0     0     5     1     0     0     0     0     0     0     0     0     0     0     0     0     0     0     0     0     0     0     0     0     0     0     0     0     0     0     0     0     0     0       2
"Artibeus_gnomus"                    8     0     0     6     0     0     0     0     0     0     0     0     0     0     0     0     0     0     0     0     0     0     0     0     0     0     0     0     0     0     0     0     0     0     0     0     0       2
"Nyctinomops_macrot"                 0     2     0     0     0     0     0     0    12     0     0     0     0     0     0     0     0     0     0     0     0     0     0     0     0     0     0     0     0     0     0     0     0     0     0     0     0       2
"Phylloderma_stenop"                 2     0     0     0     2     0     0     0     0     0     0     0     0     0     0     0     0     0     0     0     0     0     0     0     0     0     0     0     0     0     0     0     0     0     0     0     0       2
"Mesophylla_macconn"                 0     0     2     0     0     0     0     1     0     0     0     0     0     0     0     0     0     0     0     0     0     0     0     0     0     0     0     0     0     0     0     0     0     0     0     0     0       2
"Micronycteris_hirs"                 2     0     0     2     0     0     0     0     0     0     0     0     0     0     0     0     0     0     0     0     0     0     0     0     0     0     0     0     0     0     0     0     0     0     0     0     0       2
"Platyrrhinus_brach"                 0     0     0     0     0     5     1     0     0     0     0     0     0     0     0     0     0     0     0     0     0     0     0     0     0     0     0     0     0     0     0     0     0     0     0     0     0       2
"Artibeus_anderseni"                 0     0     1     0     0     0     1     0     0     0     0     0     0     0     0     0     0     0     0     0     0     0     0     0     0     0     0     0     0     0     0     0     0     0     0     0     0       2
"Platyrrhinus_infus"                 0     0     0     0     0     6     4     0     0     0     0     0     0     0     0     0     0     0     0     0     0     0     0     0     0     0     0     0     0     0     0     0     0     0     0     0     0       2
"Micronycteris_micr"                 0     0     0     2     0     0     0     0     0     0     5     0     0     0     0     0     0     0     0     0     0     0     0     0     0     0     0     0     0     0     0     0     0     0     0     0     0       2
"Artibeus_glaucus"                   0     0     0     0     0    10     5     0     0     0     0     0     0     0     0     0     0     0     0     0     0     0     0     0     0     0     0     0     0     0     0     0     0     0     0     0     0       2
"Eumops_auripendulu"                 0     0     0     0     0     0     0     0     3     0     0     0     1     0     0     0     0     0     0     0     0     0     0     0     0     0     0     0     0     0     0     0     0     0     0     0     0       2
"Pteronotus_parnell"                 0     0     0     0     0     0     0     2     0     0     0     6     0     0     0     0     0     0     0     0     0     0     0     0     0     0     0     0     0     0     0     0     0     0     0     0     0       2
"Eumops_glaucinus"                   0     0     0     0     0     0     0     0    10     0     0     0     0     0     0     0     0     0     0     0     0     0     5     0     0     0     0     0     0     0     0     0     0     0     0     0     0       2
"Rhinophylla_pumili"               199     0     0   413     0     0     0     0     0     0     0     0     0     0     0     0     0     0     0     0     0     0     0     0     0     0     0     0     0     0     0     0     0     0     0     0     0       2
"Rhogeessa_io"                       0     0     1     0     0     1     0     0     0     0     0     0     0     0     0     0     0     0     0     0     0     0     0     0     0     0     0     0     0     0     0     0     0     0     0     0     0       2
"Saccopteryx_biline"                 2     0     0     2     0     0     0     0     0     0     0     0     0     0     0     0     0     0     0     0     0     0     0     0     0     0     0     0     0     0     0     0     0     0     0     0     0       2
"Cynomops_planirost"                 1     0     0     0     0     0     0     0     0     0     0     0     0     0     0     0     0     0     0     0     0     0     2     0     0     0     0     0     0     0     0     0     0     0     0     0     0       2
"Histiotus_macrotus"                 0     0     0     0     0     0     0     0     0     0     0     0     0     0     0     0     0     0     0     0     0     0     4     0     0     0     0     0     0     0     0     0     0     0     8     0     0       2
"Sturnira_magna"                     0     0     1     0     0     0    10     0     0     0     0     0     0     0     0     0     0     0     0     0     0     0     0     0     0     0     0     0     0     0     0     0     0     0     0     0     0       2
"Chiroderma_salvini"                 0     0     0     0     0     1     1     0     0     0     0     0     0     0     0     0     0     0     0     0     0     0     0     0     0     0     0     0     0     0     0     0     0     0     0     0     0       2
"Sturnira_tildae"                    8     0    16     0     0     0     0     0     0     0     0     0     0     0     0     0     0     0     0     0     0     0     0     0     0     0     0     0     0     0     0     0     0     0     0     0     0       2
"Tadarida_brasilien"                 0     0     0     0     0     0     0     0    40     0     0     0     0     0     0     0     0     0     0     0     0     0     0     0     0     0     0     0     0   245     0     0     0     0     0     0     0       2
"Diaemus_youngi"                     0     1     0     0     2     0     0     0     0     0     0     0     0     0     0     0     0     0     0     0     0     0     0     0     0     0     0     0     0     0     0     0     0     0     0     0     0       2
"Tonatia_saurophila"                 0     0     0     1     0     0     0     0     0     0     0     0     2     0     0     0     0     0     0     0     0     0     0     0     0     0     0     0     0     0     0     0     0     0     0     0     0       2
"Myotis_keaysi"                      0     0    19     0     0     0     1     0     0     0     0     0     0     0     0     0     0     0     0     0     0     0     0     0     0     0     0     0     0     0     0     0     0     0     0     0     0       2
"Chiroderma_trinita"                 0     0    25     0     0     4     0     0     0     0     0     0     0     0     0     0     0     0     0     0     0     0     0     0     0     0     0     0     0     0     0     0     0     0     0     0     0       2
"Lonchophylla_boker"                 0     1     0     0    13     0     0     0     0     0     0     0     0     0     0     0     0     0     0     0     0     0     0     0     0     0     0     0     0     0     0     0     0     0     0     0     0       2
"Lonchophylla_morda"                 8     0     0     5     0     0     0     0     0     0     0     0     0     0     0     0     0     0     0     0     0     0     0     0     0     0     0     0     0     0     0     0     0     0     0     0     0       2
"Myotis_ruber"                       0     0     0     0     0     0     0     0     0     0     0     0     0     0     0     0     0     0     3     0     2     0     0     0     0     0     0     0     0     0     0     0     0     0     0     0     0       2
"Lichonycteris_obsc"                 0     0     0     0     0     0     1     0     0     0     0     0     0     0     0     0     0     0     0     0     0     0     0     0     0     0     0     0     0     0     0     0     0     0     0     0     0       1
"Natalus_stramineus"                 0     0     0     0     0     0     0     0     0     0     0     1     0     0     0     0     0     0     0     0     0     0     0     0     0     0     0     0     0     0     0     0     0     0     0     0     0       1
"Noctilio_albiventr"                 0     0     0     0     0     0     0     0     0     0     0     0     0     0     0     0     0     0     0     0     0     0     0     0     0     3     0     0     0     0     0     0     0     0     0     0     0       1
"Eptesicus_andinus"                  0     0     3     0     0     0     0     0     0     0     0     0     0     0     0     0     0     0     0     0     0     0     0     0     0     0     0     0     0     0     0     0     0     0     0     0     0       1
"Lonchophylla_dekey"                 0     0     0     0     0     0     0     0     0     0     0    41     0     0     0     0     0     0     0     0     0     0     0     0     0     0     0     0     0     0     0     0     0     0     0     0     0       1
"Saccopteryx_leptur"                 0     1     0     0     0     0     0     0     0     0     0     0     0     0     0     0     0     0     0     0     0     0     0     0     0     0     0     0     0     0     0     0     0     0     0     0     0       1
"Glyphonycteris_beh"                 0     0     0     0     0     0     0     1     0     0     0     0     0     0     0     0     0     0     0     0     0     0     0     0     0     0     0     0     0     0     0     0     0     0     0     0     0       1
"Peropteryx_macroti"                 0     0     0     0     1     0     0     0     0     0     0     0     0     0     0     0     0     0     0     0     0     0     0     0     0     0     0     0     0     0     0     0     0     0     0     0     0       1
"Molossops_neglectu"                 0     0     0     0     0     0     0     0     0     0     0     0     0     0     0     0     0     0     0     0     0     0     0    13     0     0     0     0     0     0     0     0     0     0     0     0     0       1
"Lonchorhina_aurita"                 0     0     0     0     0     0     0     0     0     0     0     0     0     0     0     0     0     0     0     0     0     0     0     0     0     0     0     2     0     0     0     0     0     0     0     0     0       1
"Phyllostomus_elong"                 0     0     0     2     0     0     0     0     0     0     0     0     0     0     0     0     0     0     0     0     0     0     0     0     0     0     0     0     0     0     0     0     0     0     0     0     0       1
"Eumops_bonariensis"                 0     0     0     0     0     0     0     0     2     0     0     0     0     0     0     0     0     0     0     0     0     0     0     0     0     0     0     0     0     0     0     0     0     0     0     0     0       1
"Thyroptera_tricolo"                 1     0     0     0     0     0     0     0     0     0     0     0     0     0     0     0     0     0     0     0     0     0     0     0     0     0     0     0     0     0     0     0     0     0     0     0     0       1
"Cynomops_abrasus"                   0     2     0     0     0     0     0     0     0     0     0     0     0     0     0     0     0     0     0     0     0     0     0     0     0     0     0     0     0     0     0     0     0     0     0     0     0       1
"Myotis_albescens"                   0     0     0     0     0     0     0     0     0     0     0     0     0     0     0     0     0     0     0     0     0     0     3     0     0     0     0     0     0     0     0     0     0     0     0     0     0       1
"Lampronycteris_bra"                 1     0     0     0     0     0     0     0     0     0     0     0     0     0     0     0     0     0     0     0     0     0     0     0     0     0     0     0     0     0     0     0     0     0     0     0     0       1
"Trinycteris_nicefo"                 7     0     0     0     0     0     0     0     0     0     0     0     0     0     0     0     0     0     0     0     0     0     0     0     0     0     0     0     0     0     0     0     0     0     0     0     0       1
"Eumops_patagonicus"                 0     0     0     0     0     0     0     0     0     0     0     0     0     0     0     0     0     0     0     0     0     0    23     0     0     0     0     0     0     0     0     0     0     0     0     0     0       1
"Platyrrhinus_masu"                  0     0    50     0     0     0     0     0     0     0     0     0     0     0     0     0     0     0     0     0     0     0     0     0     0     0     0     0     0     0     0     0     0     0     0     0     0       1
"Lasiurus_cinereus"                  0     0     0     0     0     0     0     0     0     0     0     0     0     0     0     0     0     0     0     0     0     0     0     0     0     0     0     0     0    44     0     0     0     0     0     0     0       1
"Vampyressa_thyone"                  0     0    48     0     0     0     0     0     0     0     0     0     0     0     0     0     0     0     0     0     0     0     0     0     0     0     0     0     0     0     0     0     0     0     0     0     0       1
"Eumops_perotis"                     0     0     0     0     0     0     0     0     6     0     0     0     0     0     0     0     0     0     0     0     0     0     0     0     0     0     0     0     0     0     0     0     0     0     0     0     0       1
 
                                    38    34    29    29    28    28    25    24    20    19    18    18    16    16    16    14    14    14    14    13    13    13    12    12    11    11    10    10     9     9     9     8     8     6     6     6     3
 
Last packed randomized matrix: SBBats.txt     No. of Swaps:    39590
 
                                 "X129 "X752 "X128 "X801 "X930 "X174 "X175 "X746 "X918 "X173 "X173 "X944 "X932 "X920 "X952 "X936 "X953 "X946 "X950 "X945 "X129 "X747 "X816 "X949 "X921 "X174 "X129 "X951 "X947 "X175       "X927 "X815 "X954 "X174 "X955 "X169
 
"Artibeus_lituratus"                38   119    25    32    79    72    25     5    60  1255   349     4   463    39   106   301    40     0    51    22    90     1    80     0    21    33   234     2   177    26     9     2   324   238     0    96     0      33
"Carollia_perspicil"               562    70   228   391   387    14     6    47     0    29    43   306    13     1    24   211    43   109    58    42   464     1    29    14     0   440     0    12    59     0    23     1    67     0     1     0     0      30
"Sturnira_lilium"                   61    25    59    80   132    34    34     8   157     4     1    26     5   125     5    21    25    75    42    41   279     0     0    50     3     0     4     0    10    59     0     2     0     0    67    55     0      29
"Desmodus_rotundus"                  4    10   128     1    77    25   132    10    40     5    49     1     7     0     7    25    31     0     0    45     0    26     2     0     0     0    31     5     0     0     9     0     0     0     0     9     1      24
"Platyrrhinus_linea"                41    15     1     7    10    12     1    12    71   173    50    32     3     4     0    76     0     0    41     1    15     0    18     0    31     0     0     0     0    33    10     0     1     0     0     0     0      23
"Glossophaga_sorici"                 0     1     0    39     0     1     5     3    32    35     0     0     0     0    46     3     5     2     5   228    14     0     0     3     1     0     7    27     0     2    42    80    39     0     0     0     0      22
"Myotis_nigricans"                  13    23     4     0    46     2     1     4     6     1    13    33     0     0     2     8    14     0     4     7     0     0     0     1     0     1     0     3     0     0     0     0     0     1     0     0     0      20
"Artibeus_fimbriatu"                19    31    37     0     3     0    30     2    36     1     8     2     0     0     0   939     0    12     0     0     0     4     0     0     8     0     0     0     0     0     0     0    18     2     4     0     0      17
"Anoura_caudifer"                    4     0     3     2     5     6     3     6     5     0     0     0     4     5    13     0     0     5    13     0     0     0     0     1     0     0     0     0     3     0     0     0     0    11     0     0     2      17
"Phyllostomus_hasta"                 5     0    19     0     3   111     0     0     1     0    11     7     6     2     0     5     0     0     0     0     0     0     0    16    10    36     0     0     0     1     0     0     0     0     0     0     0      14
"Artibeus_obscurus"                  3     0    31     0     0    22     0     0     0     1     0     0    15     0   142     4   150     0     0     0     0     0    15     0     0     0    27     0   139     0     0     0     3     0     2     0     0      13
"Artibeus_planirost"                24   168     0     0     9    91    85     0     0   140     0     0   155     0     1     0    20     0     0     0     0     0     0     6     0     0    32     0     0     0     1     0     0     0     0     0     0      12
"Molossus_molossus"                  0     1   266    14     0     0     0     0     0     6     0     1    21    45     0     9     0     0     0     0     0     1    18     0     0     0     0     0     0     0     0     0     0   141     2     0     0      12
"Micronycteris_mega"                 6     2     1     2     1     2     0     1     1     1     0     0     0     0     0     0     5     0     0     0     0     0     0     0     0     6     0     0     0     0     0     0     0     0     0     0     0      11
"Chrotopterus_aurit"                 0     7     0     0     2     0     1     1     0     3     0     0     0     8     0     0     1     0     1     1     3     0     0     0     1     0     0     0     0     0     0     0     0     0     0     0     0      11
"Artibeus_jamaicens"                 7     4     0     0     5     2     0     6     0     0     7     0     0     0     0    28    22     0     0     0     0     0     0     0     0     0     0     0    13     0     0     0     0     0     0     7     0      10
"Chiroderma_villosu"                 1     2     0     0     1     1     5     4     1     0     0     0     0     0     0     0     0     0     0     3     0     0     0     0     0     1     0     0     0     0     0     0     0     0     0     0     0       9
"Platyrrhinus_recif"                 0     2    29     0     0     0     0     0     0     0    21     1     0     0     0     0     0    21     0     0     3     0     0     0     0     5     0     0     2     0     0     0     0     0     0    15     0       9
"Lasiurus_ega"                       0     2     0     0     1     0     1     0     1     1     0     1     0     0     0     0     3     0     0     0     0     1     0     2     0     0     0     0     0     0     0     0     0     0     0     0     0       9
"Vampyressa_pusilla"                10     9     2     0     0     0     0     0     0     2     0     0     3     0     0     1     6     0     0     6     0     0     0     0     0     0     0     3     0     0     0     0     0     0     0     0     0       9
"Pygoderma_bilabiat"                 0     1    11     1     0     7     0     0     0     3     0     0     0     0     4     0     0     2     0     0     0     0     0     0     0     0     1     0     0     0     0     0     0     0     0     0     0       8
"Myotis_riparius"                    0    13     0     0     0     4     6    35     0     0    14     0     0     4     0     0     0     0     1     0     0     8     0     0     0     0     0     0     0     0     0     0     0     0     0     0     0       8
"Lasiurus_blossevil"                 6     1     0     0     0     0     1     0     0     0     0     1     0     0     0     0     0     0     0     0     0     0     0     0     0     1     0     1     0     0     0     0     0     0     6     0     1       8
"Eptesicus_furinali"                 0     0     0     3    18     0     1     0     3     0     0     0     0     2     0     0     0     0     0     0     2     0     1     0     0     0     0     0     0     0     0     0     0     0     0     0     0       7
"Chiroderma_doriae"                  6     0     1     0     0     0     0     2     0     0     0     0     0     0     0     0     0     0     0     0     3     0     0     0     2     3     0     0     0     1     0     0     0     0     0     0     0       7
"Noctilio_leporinus"                 1     0     0     3   284     0     0     0     1     0     0     8     4     0     0     0     0     2     0     0     0     0     0     0     0     0     0     0     0     0     0     0     0     0     0     0     0       7
"Phyllostomus_disco"                85     0     7     4     0     0     0     0     0     0     0     4     0     0     0     5     0     0     0     0     2     0     0     0     0     0     2     0     0     0     0     0     0     0     0     0     0       7
"Anoura_geoffroyi"                  43     0     0     0     2     0     0     0     0     0     0     0     0     0     0     0     0    98     0     0     1     7     0     3     0     0     0     0     0     0     3     0     0     0     0     0     0       7
"Artibeus_cinereus"                  0     0     1     0    47     0     0    13     0     0     1     7     0     0     0     0     0     0     0     0     0     0    49     0     0     0     0     0     0     0     0     0     0     0     0     0     0       6
"Trachops_cirrhosus"                 6     0     1     0     0     0     0     2     0     0     0     0     0     1     0     0     0     2     0     0     0     2     0     0     0     0     0     0     0     0     0     0     0     0     0     0     0       6
"Diphylla_ecaudata"                  0     1     2     3     0     0     0     0     0     0     0     0     5     0     0     0     0     0     0     0     1     1     0     0     0     0     0     0     0     0     0     0     0     0     0     0     0       6
"Molossus_rufus"                   395     0     0     0    11     0     0     0     0     0     0     1     0     1     0     0     0     0     0     0     0     0     0     0     5     0     0     0     0     0     0     0     0     0     0     0     0       5
"Tonatia_bidens"                     7     0     2     1     0     0    26     0     0     0     0     0     0     0     0     0     0    21     0     0     0     0     0     0     0     0     0     0     0     0     0     0     0     0     0     0     0       5
"Carollia_brevicaud"                29    14     0     0     0     0     0     0     0    12     0     0     0     0   550     0     0     0     0     0     0     0     0     0    24     0     0     0     0     0     0     0     0     0     0     0     0       5
"Platyrrhinus_helle"                 0     2     2     4     0     0     0     0     0     0     0     0     0     4     0     0     0     0     0     0     0     0     0     0     0     0     0     0     0     0     0     0     0     0     0     5     0       5
"Vampyrodes_caracci"                 0     0    14     1     8     1     0     0     0     0     0     0     0     0     0     0     0     0     0     0     0     5     0     0     0     0     0     0     0     0     0     0     0     0     0     0     0       5
"Histiotus_velatus"                  0     2     0     0     0     0     8     0     0     0     4     2     0     0     0     0     0     0     0     0     0     0     0     0     0     0     0     0     0     0     0     0     0     0     0     0     0       4
"Lophostoma_silvico"                 0     7     0     0     0     0     0     0     0     0     1     0     0     0     0     0     0     1     0     0     0     0     0     0     0     0     0     0     0     1     0     0     0     0     0     0     0       4
"Sturnira_oporaphil"                 0     0     0     0     0     0     0     0   327     0     0     0    13     0     5     0     0     0     0     0     0     2     0     0     0     0     0     0     0     0     0     0     0     0     0     0     0       4
"Eptesicus_brasilie"                 8     0     0     0     1     0     1     0     0     0     1     0     0     0     0     0     0     0     0     0     0     0     0     0     0     0     0     0     0     0     0     0     0     0     0     0     0       4
"Micronycteris_minu"                 4     0     0     1     0     2     0     0     0     1     0     0     0     0     0     0     0     0     0     0     0     0     0     0     0     0     0     0     0     0     0     0     0     0     0     0     0       4
"Uroderma_bilobatum"                 0     0     1     0     0     0     0     0     2     0     0     0     0     0    68     0     0     0     0     0     0     0     0     0     0    32     0     0     0     0     0     0     0     0     0     0     0       4
"Molossops_temminck"                 0     0     0     0     8     3     0     0     0     0     0     0     0     0     0     0     0     0     0    15     0     0     0     7     0     0     0     0     0     0     0     0     0     0     0     0     0       4
"Promops_nasutus"                    0     3     0     0     0     3     0     0     0     0     0     0     5     0     0     0     0     0     0     0     0     0     1     0     0     0     0     0     0     0     0     0     0     0     0     0     0       4
"Choeroniscus_minor"                 0     0     0     0     0     0     0     2     0     0     0     0     0     0    22     0     0     0     0     0     0     0     0     0     0     0     0     4     0     0     0     0     0     0     0     0     0       3
"Micronycteris_schm"                 0     0     0     1     0     0     0     0     0     0     0     0     0     0     0     0     0     0     0     0     0     0     0     0     0     0     0     0     0     1     0     0     0     1     0     0     0       3
"Sturnira_erythromo"                 0     0     0   845    11     0     0     0     0     0     0     0     0     0     0     0     0     0     1     0     0     0     0     0     0     0     0     0     0     0     0     0     0     0     0     0     0       3
"Mimon_bennettii"                    0     0     2     0     0     0     0     0     0     0     0     0     0     0     0     0     0     0     0     0     0     0     0     0     0     1     0     0     1     0     0     0     0     0     0     0     0       3
"Nyctinomops_latica"                 0     0    12     0     0     0     0     0     0     6     0     0     0     0     0     0     0     0     0     0     0     0     0     0     0     0     0    27     0     0     0     0     0     0     0     0     0       3
"Mimon_crenulatum"                   1     0     0     0     0     0     0     0     0     0     0     0     0     7     0     0     0     0     0     0     0     0     0     0     0     0     4     0     0     0     0     0     0     0     0     0     0       3
"Lophostoma_brasili"                 0     0     0     0     0     0     1     0     8     0     0     0     0     0     0     0     0     0    10     0     0     0     0     0     0     0     0     0     0     0     0     0     0     0     0     0     0       3
"Eptesicus_diminutu"                 0     1     0     3     0     0     0     0     0     0     0     0     0     0     0     0     0     0     0     0     0     1     0     0     0     0     0     0     0     0     0     0     0     0     0     0     0       3
"Uroderma_magnirost"                 1     0     0     0     0     0     0     1     0     0     0     0     0     0     0     0     0     0     0     0     0     0     0     0     0     0     0     0     0     0     0     1     0     0     0     0     0       3
"Carollia_benkeithi"                 0     0     0     9     0     0     0     0     0     0     0     0     0     0     0     0    10     0     0     0     0     0     0     0     3     0     0     0     0     0     0     0     0     0     0     0     0       3
"Myotis_levis"                       0     0     0     0     0     0     0     0     0     0     0     0     0     0     1     0     0     0     0     0     0     0     0     0     0     0     0     0     0     0     3     0     1     0     0     0     0       3
"Enchisthenes_harti"                 0     0     0     1     0     5     0     0     0     0     0     0     0     0     0     0     0     0     0     0     0     0     0     0     0     0     0     0     0     0     0     0     0     0     0     0     0       2
"Artibeus_gnomus"                    0     0     0     0     0     0     8     0     0     0     0     0     0     0     0     0     0     0     6     0     0     0     0     0     0     0     0     0     0     0     0     0     0     0     0     0     0       2
"Nyctinomops_macrot"                12     0     0     0     0     0     0     0     0     0     0     0     0     0     2     0     0     0     0     0     0     0     0     0     0     0     0     0     0     0     0     0     0     0     0     0     0       2
"Phylloderma_stenop"                 0     0     0     0     0     2     0     0     0     0     0     0     0     0     0     0     0     0     0     0     0     0     0     0     0     0     2     0     0     0     0     0     0     0     0     0     0       2
"Mesophylla_macconn"                 2     0     0     0     0     0     0     0     0     0     0     0     0     0     0     0     0     0     0     0     0     0     0     0     0     0     0     0     0     0     0     1     0     0     0     0     0       2
"Micronycteris_hirs"                 0     0     0     0     0     0     0     0     0     0     0     0     0     0     0     0     0     2     0     0     0     0     2     0     0     0     0     0     0     0     0     0     0     0     0     0     0       2
"Platyrrhinus_brach"                 0     0     0     0     0     0     0     0     0     0     5     0     0     0     0     0     0     0     0     0     1     0     0     0     0     0     0     0     0     0     0     0     0     0     0     0     0       2
"Artibeus_anderseni"                 0     0     0     0     0     0     0     0     0     0     0     0     0     0     0     0     0     0     0     1     0     0     0     0     0     0     0     0     0     0     1     0     0     0     0     0     0       2
"Platyrrhinus_infus"                 0     0     6     0     0     0     0     0     4     0     0     0     0     0     0     0     0     0     0     0     0     0     0     0     0     0     0     0     0     0     0     0     0     0     0     0     0       2
"Micronycteris_micr"                 0     0     0     0     0     0     0     2     0     0     5     0     0     0     0     0     0     0     0     0     0     0     0     0     0     0     0     0     0     0     0     0     0     0     0     0     0       2
"Artibeus_glaucus"                   0     0     0     5     0     0    10     0     0     0     0     0     0     0     0     0     0     0     0     0     0     0     0     0     0     0     0     0     0     0     0     0     0     0     0     0     0       2
"Eumops_auripendulu"                 0     0     0     0     0     0     0     0     1     0     0     0     0     0     0     0     0     0     0     3     0     0     0     0     0     0     0     0     0     0     0     0     0     0     0     0     0       2
"Pteronotus_parnell"                 0     0     6     0     0     2     0     0     0     0     0     0     0     0     0     0     0     0     0     0     0     0     0     0     0     0     0     0     0     0     0     0     0     0     0     0     0       2
"Eumops_glaucinus"                   0    10     0     0     0     0     0     0     0     0     0     5     0     0     0     0     0     0     0     0     0     0     0     0     0     0     0     0     0     0     0     0     0     0     0     0     0       2
"Rhinophylla_pumili"               413     0     0     0     0     0     0     0     0     0   199     0     0     0     0     0     0     0     0     0     0     0     0     0     0     0     0     0     0     0     0     0     0     0     0     0     0       2
"Rhogeessa_io"                       0     1     0     0     1     0     0     0     0     0     0     0     0     0     0     0     0     0     0     0     0     0     0     0     0     0     0     0     0     0     0     0     0     0     0     0     0       2
"Saccopteryx_biline"                 2     0     0     0     0     0     0     0     0     0     0     0     0     0     0     0     0     0     0     0     0     0     0     2     0     0     0     0     0     0     0     0     0     0     0     0     0       2
"Cynomops_planirost"                 0     2     0     0     0     1     0     0     0     0     0     0     0     0     0     0     0     0     0     0     0     0     0     0     0     0     0     0     0     0     0     0     0     0     0     0     0       2
"Histiotus_macrotus"                 8     0     0     0     0     0     0     4     0     0     0     0     0     0     0     0     0     0     0     0     0     0     0     0     0     0     0     0     0     0     0     0     0     0     0     0     0       2
"Sturnira_magna"                     0     0     0     0     1     0     0     0     0     0     0     0     0     0     0     0     0     0     0     0     0     0    10     0     0     0     0     0     0     0     0     0     0     0     0     0     0       2
"Chiroderma_salvini"                 0     0     0     0     0     1     0     0     0     0     0     0     0     1     0     0     0     0     0     0     0     0     0     0     0     0     0     0     0     0     0     0     0     0     0     0     0       2
"Sturnira_tildae"                    0     8    16     0     0     0     0     0     0     0     0     0     0     0     0     0     0     0     0     0     0     0     0     0     0     0     0     0     0     0     0     0     0     0     0     0     0       2
"Tadarida_brasilien"                 0     0     0     0     0     0   245    40     0     0     0     0     0     0     0     0     0     0     0     0     0     0     0     0     0     0     0     0     0     0     0     0     0     0     0     0     0       2
"Diaemus_youngi"                     0     0     0     0     0     0     0     0     0     0     0     0     0     0     0     0     0     0     0     0     0     0     0     0     0     0     0     1     0     0     0     2     0     0     0     0     0       2
"Tonatia_saurophila"                 0     2     0     0     0     0     0     0     0     0     0     0     0     1     0     0     0     0     0     0     0     0     0     0     0     0     0     0     0     0     0     0     0     0     0     0     0       2
"Myotis_keaysi"                      0     1     0     0     0     0    19     0     0     0     0     0     0     0     0     0     0     0     0     0     0     0     0     0     0     0     0     0     0     0     0     0     0     0     0     0     0       2
"Chiroderma_trinita"                 4     0     0     0     0     0     0     0     0     0     0     0     0     0     0     0     0     0     0     0     0     0    25     0     0     0     0     0     0     0     0     0     0     0     0     0     0       2
"Lonchophylla_boker"                 0     1     0     0     0     0     0    13     0     0     0     0     0     0     0     0     0     0     0     0     0     0     0     0     0     0     0     0     0     0     0     0     0     0     0     0     0       2
"Lonchophylla_morda"                 0     0     0     0     0     8     0     0     5     0     0     0     0     0     0     0     0     0     0     0     0     0     0     0     0     0     0     0     0     0     0     0     0     0     0     0     0       2
"Myotis_ruber"                       0     0     0     0     0     2     0     0     0     0     0     0     3     0     0     0     0     0     0     0     0     0     0     0     0     0     0     0     0     0     0     0     0     0     0     0     0       2
"Lichonycteris_obsc"                 0     0     0     0     1     0     0     0     0     0     0     0     0     0     0     0     0     0     0     0     0     0     0     0     0     0     0     0     0     0     0     0     0     0     0     0     0       1
"Natalus_stramineus"                 0     0     0     1     0     0     0     0     0     0     0     0     0     0     0     0     0     0     0     0     0     0     0     0     0     0     0     0     0     0     0     0     0     0     0     0     0       1
"Noctilio_albiventr"                 3     0     0     0     0     0     0     0     0     0     0     0     0     0     0     0     0     0     0     0     0     0     0     0     0     0     0     0     0     0     0     0     0     0     0     0     0       1
"Eptesicus_andinus"                  0     0     0     0     0     0     0     0     0     0     0     0     0     0     0     0     0     0     0     0     0     0     0     0     0     0     0     0     0     0     0     3     0     0     0     0     0       1
"Lonchophylla_dekey"                41     0     0     0     0     0     0     0     0     0     0     0     0     0     0     0     0     0     0     0     0     0     0     0     0     0     0     0     0     0     0     0     0     0     0     0     0       1
"Saccopteryx_leptur"                 0     0     0     1     0     0     0     0     0     0     0     0     0     0     0     0     0     0     0     0     0     0     0     0     0     0     0     0     0     0     0     0     0     0     0     0     0       1
"Glyphonycteris_beh"                 0     0     0     0     0     0     0     1     0     0     0     0     0     0     0     0     0     0     0     0     0     0     0     0     0     0     0     0     0     0     0     0     0     0     0     0     0       1
"Peropteryx_macroti"                 0     0     0     0     1     0     0     0     0     0     0     0     0     0     0     0     0     0     0     0     0     0     0     0     0     0     0     0     0     0     0     0     0     0     0     0     0       1
"Molossops_neglectu"                 0     0     0     0     0     0     0     0     0     0     0     0     0     0     0     0     0    13     0     0     0     0     0     0     0     0     0     0     0     0     0     0     0     0     0     0     0       1
"Lonchorhina_aurita"                 2     0     0     0     0     0     0     0     0     0     0     0     0     0     0     0     0     0     0     0     0     0     0     0     0     0     0     0     0     0     0     0     0     0     0     0     0       1
"Phyllostomus_elong"                 0     0     0     0     0     0     0     0     0     0     0     0     0     0     0     0     0     0     0     0     0     0     0     0     0     0     0     0     2     0     0     0     0     0     0     0     0       1
"Eumops_bonariensis"                 0     0     0     0     0     0     0     0     0     0     0     0     0     0     0     0     0     0     2     0     0     0     0     0     0     0     0     0     0     0     0     0     0     0     0     0     0       1
"Thyroptera_tricolo"                 0     0     0     0     0     0     0     0     0     0     0     0     0     0     0     0     0     0     0     0     0     0     0     0     0     0     0     0     0     0     0     0     1     0     0     0     0       1
"Cynomops_abrasus"                   0     0     0     2     0     0     0     0     0     0     0     0     0     0     0     0     0     0     0     0     0     0     0     0     0     0     0     0     0     0     0     0     0     0     0     0     0       1
"Myotis_albescens"                   0     0     0     0     0     0     0     0     0     0     0     0     0     0     0     0     0     0     0     0     0     0     0     3     0     0     0     0     0     0     0     0     0     0     0     0     0       1
"Lampronycteris_bra"                 0     0     0     0     0     0     0     0     0     0     0     0     0     0     0     0     0     0     0     0     0     0     0     0     0     0     0     0     0     1     0     0     0     0     0     0     0       1
"Trinycteris_nicefo"                 0     0     0     7     0     0     0     0     0     0     0     0     0     0     0     0     0     0     0     0     0     0     0     0     0     0     0     0     0     0     0     0     0     0     0     0     0       1
"Eumops_patagonicus"                 0     0     0     0     0    23     0     0     0     0     0     0     0     0     0     0     0     0     0     0     0     0     0     0     0     0     0     0     0     0     0     0     0     0     0     0     0       1
"Platyrrhinus_masu"                  0     0     0     0     0     0     0     0     0     0     0     0     0     0     0     0     0     0    50     0     0     0     0     0     0     0     0     0     0     0     0     0     0     0     0     0     0       1
"Lasiurus_cinereus"                  0     0     0    44     0     0     0     0     0     0     0     0     0     0     0     0     0     0     0     0     0     0     0     0     0     0     0     0     0     0     0     0     0     0     0     0     0       1
"Vampyressa_thyone"                 48     0     0     0     0     0     0     0     0     0     0     0     0     0     0     0     0     0     0     0     0     0     0     0     0     0     0     0     0     0     0     0     0     0     0     0     0       1
"Eumops_perotis"                     0     0     0     0     0     0     6     0     0     0     0     0     0     0     0     0     0     0     0     0     0     0     0     0     0     0     0     0     0     0     0     0     0     0     0     0     0       1
 
                                    38    34    29    29    28    28    25    24    20    19    18    18    16    16    16    14    14    14    14    13    13    13    12    12    11    11    10    10     9     9     9     8     8     6     6     6     3
