<  File:  SBBats.txt     Species:  107 Sites:   37 MatFill: 0.15 Occ:    583 0.500% Confidence limit  Index: c Model: fixed - fixed                      
 
#    No             Sp1                Sp2     S1  S2 Com  Obs.Score  Exp.Score  Exp.StDev   Skewness    LowerCL    UpperCL SigZ-Score      Alpha >MeanScore   >CLScore   >BJScore      Alpha
#    73 "Artibeus_lituratu "Histiotus_macrotu  33   2   0      1.000      0.068      0.168      2.139      0.000      0.485       5.54 0.00000006       5.54       0.00       5.00 0.00000055
#   452 "Platyrrhinus_line "Sturnira_oporaphi  23   4   0      1.000      0.270      0.212      0.339      0.000      0.717       3.45 0.00053412       3.45       0.00       2.80 0.00492474
#   467 "Platyrrhinus_line "Carollia_benkeith  23   3   0      1.000      0.233      0.230      0.517      0.000      0.638       3.34 0.00080544       3.34       0.00       0.00 1.00000000
#   526 "Glossophaga_soric "Artibeus_planiros  22  12  11      0.042      0.211      0.080      0.214      0.091      0.364      -2.12 0.03340596      -2.12       0.00       0.00 1.00000000
#   653 "Myotis_nigricans" "Sturnira_oporaphi  20   4   0      1.000      0.308      0.214      0.458      0.000      0.712       3.23 0.00118488       3.23       0.00       0.00 1.00000000
#   731 "Artibeus_fimbriat "Platyrrhinus_reci  17   9   9      0.000      0.324      0.126      0.377      0.059      0.686      -2.58 0.00968158       0.00       0.00       0.00 1.00000000
#   748 "Artibeus_fimbriat "Platyrrhinus_hell  17   5   0      1.000      0.390      0.172      0.254      0.153      0.753       3.54 0.00038505       0.00       0.00       2.91 0.00355025
#   834 "Anoura_caudifer"  "Lasiurus_blossevi  17   8   1      0.824      0.345      0.133      0.090      0.074      0.662       3.60 0.00030804       0.00       0.00       2.98 0.00284020
#   939 "Phyllostomus_hast "Diphylla_ecaudata  14   6   6      0.000      0.419      0.169      0.044      0.107      0.774      -2.47 0.01316446       0.00       0.00       0.00 1.00000000
#  1115 "Artibeus_planiros "Artibeus_jamaicen  12  10   0      1.000      0.411      0.164      0.759      0.125      0.825       3.60 0.00030512       0.00       0.00       2.98 0.00281327
#  1208 "Molossus_molossus "Chrotopterus_auri  12  11   0      1.000      0.379      0.140      0.513      0.045      0.833       4.42 0.00000918       4.42       0.00       3.92 0.00008463
#  1209 "Molossus_molossus "Artibeus_jamaicen  12  10   1      0.825      0.395      0.166      0.245      0.067      0.667       2.58 0.00957090       0.00       0.00       0.00 1.00000000
#  1225 "Molossus_molossus "Molossus_rufus"    12   5   5      0.000      0.484      0.218      0.192      0.133      1.000      -2.22 0.02621412       0.00       0.00       0.00 1.00000000
#  1503 "Artibeus_jamaicen "Carollia_brevicau  10   5   5      0.000      0.508      0.231      0.382      0.120      1.000      -2.20 0.02753109       0.00       0.00       0.00 1.00000000
#  1507 "Artibeus_jamaicen "Lophostoma_silvic  10   4   4      0.000      0.552      0.236      0.294      0.175      1.000      -2.34 0.01890343       0.00       0.00       0.00 1.00000000
#  2972 "Carollia_brevicau "Vampyrodes_caracc   5   5   4      0.040      0.677      0.244      0.025      0.160      1.000      -2.61 0.00878721      -2.61       0.00       0.00 1.00000000
#  2974 "Carollia_brevicau "Lophostoma_silvic   5   4   4      0.000      0.741      0.249     -0.322      0.100      1.000      -2.98 0.00283653       0.00       0.00       0.00 1.00000000
#  2978 "Carollia_brevicau "Uroderma_bilobatu   5   4   4      0.000      0.703      0.259     -0.206      0.100      1.000      -2.72 0.00641352       0.00       0.00       0.00 1.00000000
#  2990 "Carollia_brevicau "Carollia_benkeith   5   3   3      0.000      0.749      0.275     -0.452      0.200      1.000      -2.73 0.00623208       0.00       0.00       0.00 1.00000000
#  3051 "Platyrrhinus_hell "Molossops_temminc   5   4   3      0.100      0.698      0.260     -0.076      0.300      1.000      -2.30 0.02098042      -2.30       0.00       0.00 1.00000000
#  3074 "Platyrrhinus_hell "Artibeus_glaucus"   5   2   2      0.000      0.754      0.295     -0.377      0.400      1.000      -2.56 0.01041716       0.00       0.00       0.00 1.00000000
#  3076 "Platyrrhinus_hell "Pteronotus_parnel   5   2   2      0.000      0.760      0.294     -0.421      0.400      1.000      -2.59 0.00953120       0.00       0.00       0.00 1.00000000
#  3117 "Vampyrodes_caracc "Lophostoma_silvic   5   4   3      0.100      0.695      0.246      0.018      0.300      1.000      -2.42 0.01530170       0.00       0.00       0.00 1.00000000
#  3133 "Vampyrodes_caracc "Carollia_benkeith   5   3   3      0.000      0.817      0.245     -0.774      0.200      1.000      -3.34 0.00080317       0.00       0.00       0.00 1.00000000
#  3260 "Lophostoma_silvic "Uroderma_bilobatu   4   4   4      0.000      0.652      0.271      0.059      0.062      1.000      -2.41 0.01580840       0.00       0.00       0.00 1.00000000
#  3333 "Sturnira_oporaphi "Sturnira_erythrom   4   3   3      0.000      0.813      0.253     -0.744      0.167      1.000      -3.21 0.00126082       0.00       0.00       0.00 1.00000000
#  3340 "Sturnira_oporaphi "Carollia_benkeith   4   3   3      0.000      0.812      0.264     -0.882      0.167      1.000      -3.07 0.00205553       0.00       0.00       0.00 1.00000000
#  3357 "Sturnira_oporaphi "Rhogeessa_io"       4   2   2      0.000      0.825      0.281     -1.010      0.375      1.000      -2.94 0.00318694       0.00       0.00       0.00 1.00000000
#  3367 "Sturnira_oporaphi "Myotis_keaysi"      4   2   2      0.000      0.863      0.259     -1.393      0.375      1.000      -3.33 0.00082922      -3.33       0.00       0.00 1.00000000
#  3556 "Uroderma_bilobatu "Saccopteryx_bilin   4   2   2      0.000      0.825      0.281     -1.010      0.375      1.000      -2.94 0.00318694       0.00       0.00       0.00 1.00000000
#  3791 "Micronycteris_sch "Artibeus_gnomus"    3   2   2      0.000      0.840      0.285     -1.255      0.333      1.000      -2.95 0.00308096       0.00       0.00       0.00 1.00000000
#  3818 "Micronycteris_sch "Lonchophylla_mord   3   2   2      0.000      0.827      0.292     -1.128      0.333      1.000      -2.83 0.00457633       0.00       0.00       0.00 1.00000000
#  4085 "Lophostoma_brasil "Micronycteris_hir   3   2   2      0.000      0.860      0.272     -1.468      0.333      1.000      -3.17 0.00148416      -3.17       0.00       0.00 1.00000000
#  4267 "Carollia_benkeith "Myotis_keaysi"      3   2   2      0.000      0.827      0.292     -1.128      0.333      1.000      -2.83 0.00457621       0.00       0.00       0.00 1.00000000
#  4351 "Enchisthenes_hart "Platyrrhinus_brac   2   2   2      0.000      0.895      0.260     -2.139      0.250      1.000      -3.44 0.00055826      -3.44       0.00       0.00 1.00000000
#  4355 "Enchisthenes_hart "Artibeus_glaucus"   2   2   2      0.000      0.910      0.244     -2.411      0.250      1.000      -3.73 0.00017911      -3.73      -3.73      -3.14 0.00165147
#  4365 "Enchisthenes_hart "Chiroderma_salvin   2   2   2      0.000      0.858      0.294     -1.629      0.250      1.000      -2.91 0.00346124      -2.91       0.00       0.00 1.00000000
#  4400 "Artibeus_gnomus"  "Micronycteris_hir   2   2   2      0.000      0.880      0.275     -1.912      0.250      1.000      -3.20 0.00132120      -3.20       0.00       0.00 1.00000000
#  4409 "Artibeus_gnomus"  "Rhinophylla_pumil   2   2   2      0.000      0.850      0.300     -1.546      0.250      1.000      -2.83 0.00448513      -2.83       0.00       0.00 1.00000000
#  4411 "Artibeus_gnomus"  "Saccopteryx_bilin   2   2   2      0.000      0.873      0.282     -1.811      0.250      1.000      -3.10 0.00188857      -3.10       0.00       0.00 1.00000000
#  4599 "Micronycteris_hir "Rhinophylla_pumil   2   2   2      0.000      0.790      0.337     -1.010      0.250      1.000      -2.35 0.01871723       0.00       0.00       0.00 1.00000000
#  4601 "Micronycteris_hir "Saccopteryx_bilin   2   2   2      0.000      0.895      0.260     -2.139      0.250      1.000      -3.44 0.00055826      -3.44       0.00       0.00 1.00000000
#  4613 "Micronycteris_hir "Lonchophylla_mord   2   2   2      0.000      0.850      0.300     -1.546      0.250      1.000      -2.83 0.00448513      -2.83       0.00       0.00 1.00000000
#  4638 "Platyrrhinus_brac "Platyrrhinus_infu   2   2   2      0.000      0.842      0.305     -1.468      0.250      1.000      -2.76 0.00567567       0.00       0.00       0.00 1.00000000
#  4640 "Platyrrhinus_brac "Artibeus_glaucus"   2   2   2      0.000      0.873      0.282     -1.811      0.250      1.000      -3.10 0.00188857      -3.10       0.00       0.00 1.00000000
#  4693 "Artibeus_andersen "Sturnira_magna"     2   2   2      0.000      0.910      0.244     -2.411      0.250      1.000      -3.73 0.00017911      -3.73       0.00      -3.14 0.00165147
#  4727 "Platyrrhinus_infu "Artibeus_glaucus"   2   2   2      0.000      0.820      0.320     -1.255      0.250      1.000      -2.56 0.01026928       0.00       0.00       0.00 1.00000000
#  4737 "Platyrrhinus_infu "Chiroderma_salvin   2   2   2      0.000      0.865      0.288     -1.717      0.250      1.000      -3.00 0.00259840      -3.00       0.00       0.00 1.00000000
#  4970 "Rhinophylla_pumil "Saccopteryx_bilin   2   2   2      0.000      0.820      0.320     -1.255      0.250      1.000      -2.56 0.01026928       0.00       0.00       0.00 1.00000000
#  5016 "Rhogeessa_io"     "Chiroderma_trinit   2   2   2      0.000      0.873      0.282     -1.811      0.250      1.000      -3.10 0.00188857      -3.10       0.00       0.00 1.00000000
#  5053 "Saccopteryx_bilin "Lonchophylla_mord   2   2   2      0.000      0.858      0.294     -1.629      0.250      1.000      -2.91 0.00346124      -2.91       0.00       0.00 1.00000000
#  5149 "Sturnira_magna"   "Myotis_keaysi"      2   2   2      0.000      0.858      0.294     -1.629      0.250      1.000      -2.91 0.00346124      -2.91       0.00       0.00 1.00000000
#  5269 "Diaemus_youngi"   "Lonchophylla_boke   2   2   2      0.000      0.895      0.260     -2.139      0.250      1.000      -3.44 0.00055826      -3.44       0.00       0.00 1.00000000
 
> Name               SP   CL+   CL-   BM+   BM-   BC+   BC-   BY+   BY-       NR   CL+   CL+
> SBBats.txt       5671     9    44     5    20     0     1     6     2   567100  5671  5671
 
& File           Speci   Individ     BRInd       BRZ Cscoreind   CscoreZ Soeren.In  Soeren.Z    AbsInd      AbsZ CheckerIn  CheckerZ   CombInd     CombZ   CorrInd     CorrZ    SchInd      SchZ
& SBBats.txt       107  20362.00    0.4648    2.7024    0.0689    7.3435    0.1039    5.5970    0.0028    4.5685    0.0351    2.5357    1.8302    5.6930    0.0435    2.3156   -0.0082   -3.8777
 
%          Observed numbers                                          Expected numbers
% Class    Pairs   CL+   CL-   BM+   BM-   BC+   BC-   BY+   BY-       NR   CL+   CL-
% 0.000      997     0    40     0    17     0     1     0     2    83513   857   870
% 0.025       19     0     2     0     2     0     0     0     0     1224    16    15
% 0.075       34     0     0     0     0     0     0     0     0     3768    35    37
% 0.125       58     0     2     0     1     0     0     0     0     5074    44    54
% 0.175       71     0     0     0     0     0     0     0     0     7007    56    69
% 0.225       81     0     0     0     0     0     0     0     0     9123    93    81
% 0.275      166     0     0     0     0     0     0     0     0    17687   164   159
% 0.325      148     0     0     0     0     0     0     0     0    16533   180   145
% 0.375      115     0     0     0     0     0     0     0     0    14048   143   128
% 0.425      239     0     0     0     0     0     0     0     0    33652   325   334
% 0.475      191     0     0     0     0     0     0     0     0    25111   246   270
% 0.525       85     0     0     0     0     0     0     0     0     9639    98    97
% 0.575       99     0     0     0     0     0     0     0     0    11265   118   113
% 0.625       96     0     0     0     0     0     0     0     0    11094   123   125
% 0.675       43     0     0     0     0     0     0     0     0     6202    70    66
% 0.725       38     0     0     0     0     0     0     0     0     3914    36    32
% 0.775       23     0     0     0     0     0     0     0     0     1941    20    19
% 0.825        7     2     0     0     0     0     0     1     0      213     1     0
% 0.875        0     0     0     0     0     0     0     0     0        1     0     0
% 0.925        0     0     0     0     0     0     0     0     0        0     0     0
% 0.975        0     0     0     0     0     0     0     0     0        0     0     0
% 1.000     3161     7     0     5     0     0     0     5     0   306091  3046  3057
