<  File:  NAmBats.txt    Species:  110 Sites:   47 MatFill: 0.12 Occ:    609 0.500% Confidence limit  Index: c Model: fixed - fixed                      
 
#    No             Sp1                Sp2     S1  S2 Com  Obs.Score  Exp.Score  Exp.StDev   Skewness    LowerCL    UpperCL SigZ-Score      Alpha >MeanScore   >CLScore   >BJScore      Alpha
#     1 "Artibeus_jamaicen "Eptesicus_fuscus"  23  23   1      0.915      0.214      0.068      0.632      0.093      0.371      10.29 0.00000000      10.29      10.29      10.29 0.00000000
#     2 "Artibeus_jamaicen "Glossophaga_soric  23  21  21      0.000      0.248      0.082      0.498      0.099      0.464      -3.01 0.00249118       0.00       0.00       0.00 1.00000000
#     3 "Artibeus_jamaicen "Artibeus_lituratu  23  20  20      0.000      0.259      0.082      0.666      0.117      0.517      -3.18 0.00143218       0.00       0.00       0.00 1.00000000
#     4 "Artibeus_jamaicen "Artibeus_phaeotis  23  19  19      0.000      0.253      0.074      0.313      0.103      0.439      -3.42 0.00059372       0.00       0.00       0.00 1.00000000
#     5 "Artibeus_jamaicen "Sturnira_lilium"   23  19  19      0.000      0.281      0.088      0.217      0.103      0.577      -3.21 0.00126290       0.00       0.00       0.00 1.00000000
#     6 "Artibeus_jamaicen "Lasiurus_cinereus  23  17   0      1.000      0.279      0.094      0.713      0.102      0.552       7.69 0.00000000       7.69       7.69       7.69 0.00000000
#     7 "Artibeus_jamaicen "Myotis_lucifugus"  23  15   0      1.000      0.288      0.091      0.514      0.096      0.522       7.81 0.00000000       7.81       7.81       7.81 0.00000000
#     8 "Artibeus_jamaicen "Centurio_senex"    23  15  15      0.000      0.294      0.111      0.837      0.096      0.606      -2.63 0.00828326       0.00       0.00       0.00 1.00000000
#     9 "Artibeus_jamaicen "Lasiurus_borealis  23  14   0      1.000      0.296      0.105      0.291      0.068      0.590       6.69 0.00000000       6.69       6.69       6.69 0.00000000
#    10 "Artibeus_jamaicen "Desmodus_rotundus  23  14  14      0.000      0.285      0.103      1.045      0.112      0.683      -2.77 0.00545949       0.00       0.00       0.00 1.00000000
#    11 "Artibeus_jamaicen "Myotis_keenii"     23  13   0      1.000      0.310      0.113      0.709      0.080      0.669       6.13 0.00000000       6.13       6.13       6.13 0.00000000
#    12 "Artibeus_jamaicen "Carollia_perspici  23  13  13      0.000      0.300      0.128      0.431      0.080      0.669      -2.34 0.01914257       0.00       0.00       0.00 1.00000000
#    13 "Artibeus_jamaicen "Platyrrhinus_hell  23  13  13      0.000      0.335      0.122      0.425      0.080      0.669      -2.73 0.00612974       0.00       0.00       0.00 1.00000000
#    14 "Artibeus_jamaicen "Lasionycteris_noc  23  13   0      1.000      0.320      0.109      0.446      0.130      0.669       6.27 0.00000000       6.27       6.27       6.27 0.00000000
#    15 "Artibeus_jamaicen "Uroderma_bilobatu  23  13  13      0.000      0.314      0.104      0.572      0.130      0.572      -3.01 0.00256068       0.00       0.00       0.00 1.00000000
#    16 "Artibeus_jamaicen "Artibeus_toltecus  23  12  12      0.000      0.309      0.114      0.458      0.043      0.761      -2.71 0.00667000       0.00       0.00       0.00 1.00000000
#    17 "Artibeus_jamaicen "Pteronotus_parnel  23  12  12      0.000      0.342      0.121      0.157      0.043      0.652      -2.82 0.00467902       0.00       0.00       0.00 1.00000000
#    18 "Artibeus_jamaicen "Artibeus_watsoni"  23  11  11      0.000      0.344      0.129      0.447      0.111      0.747      -2.66 0.00773454       0.00       0.00       0.00 1.00000000
#    19 "Artibeus_jamaicen "Perimyotis_subfla  23  10   0      1.000      0.338      0.121      0.455      0.061      0.730       5.47 0.00000006       5.47       5.47       5.00 0.00000055
#    21 "Artibeus_jamaicen "Tadarida_brasilie  23   9   0      1.000      0.377      0.138      0.164      0.072      0.710       4.51 0.00000602       4.51       4.51       4.02 0.00005584
#    22 "Artibeus_jamaicen "Myotis_leibii"     23   9   0      1.000      0.346      0.153      0.431      0.072      0.850       4.27 0.00001848       4.27       4.27       3.74 0.00017139
#    23 "Artibeus_jamaicen "Pteronotus_davyi"  23   8   8      0.000      0.364      0.160      0.563      0.087      0.837      -2.27 0.02301395       0.00       0.00       0.00 1.00000000
#    24 "Artibeus_jamaicen "Choeroniscus_godm  23   8   8      0.000      0.368      0.160      0.496      0.087      0.837      -2.30 0.02113539       0.00       0.00       0.00 1.00000000
#    29 "Artibeus_jamaicen "Vampyressa_pusill  23   7   7      0.000      0.349      0.170      0.513      0.106      0.820      -2.05 0.03986394       0.00       0.00       0.00 1.00000000
#    31 "Artibeus_jamaicen "Antrozous_pallidu  23   6   0      1.000      0.364      0.163      0.403      0.000      0.797       3.89 0.00009423       3.89       3.89       3.32 0.00087411
#    34 "Artibeus_jamaicen "Myotis_volans"     23   6   0      1.000      0.389      0.177      0.124      0.000      0.797       3.45 0.00053161       3.45       3.45       2.80 0.00493119
#    35 "Artibeus_jamaicen "Nycticeius_humera  23   6   0      1.000      0.353      0.196     -0.064      0.000      0.797       3.30 0.00092179       3.30       3.30       0.00 1.00000000
#    38 "Artibeus_jamaicen "Corynorhinus_town  23   6   0      1.000      0.359      0.182      0.709      0.000      0.797       3.52 0.00041676       3.52       3.52       2.88 0.00386578
#    40 "Artibeus_jamaicen "Myotis_yumanensis  23   5   0      1.000      0.355      0.197      0.344      0.000      0.765       3.27 0.00104088       3.27       3.27       0.00 1.00000000
#    44 "Artibeus_jamaicen "Myotis_californic  23   5   0      1.000      0.338      0.199      0.281      0.000      0.765       3.33 0.00083101       3.33       3.33       0.00 1.00000000
#    45 "Artibeus_jamaicen "Myotis_sodalis"    23   5   0      1.000      0.353      0.189     -0.058      0.000      0.765       3.43 0.00058663       3.43       3.43       0.00 1.00000000
#   110 "Eptesicus_fuscus" "Glossophaga_soric  23  21   1      0.911      0.232      0.079      0.514      0.099      0.464       8.60 0.00000000       0.00       0.00       8.60 0.00000000
#   111 "Eptesicus_fuscus" "Artibeus_lituratu  23  20   1      0.909      0.249      0.077      0.610      0.087      0.517       8.58 0.00000000       0.00       0.00       8.58 0.00000000
#   112 "Eptesicus_fuscus" "Artibeus_phaeotis  23  19   0      1.000      0.251      0.087      0.787      0.103      0.506       8.59 0.00000000       8.59       8.59       8.59 0.00000000
#   113 "Eptesicus_fuscus" "Sturnira_lilium"   23  19   1      0.906      0.258      0.076      0.044      0.073      0.439       8.58 0.00000000       0.00       0.00       8.58 0.00000000
#   114 "Eptesicus_fuscus" "Lasiurus_cinereus  23  17  15      0.041      0.281      0.095      0.315      0.069      0.552      -2.53 0.01130974       0.00       0.00       0.00 1.00000000
#   115 "Eptesicus_fuscus" "Myotis_lucifugus"  23  15  14      0.026      0.289      0.106      0.535      0.096      0.606      -2.48 0.01275593      -2.48      -2.48       0.00 1.00000000
#   116 "Eptesicus_fuscus" "Centurio_senex"    23  15   0      1.000      0.281      0.099      0.563      0.096      0.606       7.24 0.00000000       7.24       7.24       7.24 0.00000000
#   117 "Eptesicus_fuscus" "Lasiurus_borealis  23  14  12      0.068      0.310      0.099      0.259      0.112      0.503      -2.45 0.01413089       0.00       0.00       0.00 1.00000000
#   118 "Eptesicus_fuscus" "Desmodus_rotundus  23  14   1      0.888      0.312      0.098      0.162      0.112      0.503       5.89 0.00000000       0.00       0.00       5.89 0.00000000
#   119 "Eptesicus_fuscus" "Myotis_keenii"     23  13  12      0.037      0.294      0.103      0.471      0.080      0.572      -2.51 0.01191920      -2.51      -2.51       0.00 1.00000000
#   120 "Eptesicus_fuscus" "Carollia_perspici  23  13   1      0.883      0.299      0.101      0.314      0.080      0.572       5.76 0.00000000       0.00       0.00       5.76 0.00000000
#   121 "Eptesicus_fuscus" "Platyrrhinus_hell  23  13   0      1.000      0.318      0.097      0.363      0.130      0.572       7.04 0.00000000       7.04       7.04       7.04 0.00000000
#   123 "Eptesicus_fuscus" "Uroderma_bilobatu  23  13   0      1.000      0.320      0.091      0.387      0.130      0.572       7.49 0.00000000       7.49       7.49       7.49 0.00000000
#   124 "Eptesicus_fuscus" "Artibeus_toltecus  23  12   0      1.000      0.319      0.123      0.619      0.094      0.652       5.55 0.00000006       5.55       5.55       5.00 0.00000055
#   125 "Eptesicus_fuscus" "Pteronotus_parnel  23  12   1      0.877      0.300      0.114      0.090      0.094      0.551       5.07 0.00000042       0.00       0.00       4.60 0.00000387
#   126 "Eptesicus_fuscus" "Artibeus_watsoni"  23  11   0      1.000      0.329      0.137      0.764      0.051      0.747       4.88 0.00000101       4.88       4.88       4.42 0.00000940
#   131 "Eptesicus_fuscus" "Pteronotus_davyi"  23   8   0      1.000      0.347      0.133      0.526      0.087      0.837       4.90 0.00000095       4.90       4.90       4.43 0.00000885
#   132 "Eptesicus_fuscus" "Choeroniscus_godm  23   8   0      1.000      0.367      0.153      0.485      0.000      0.837       4.15 0.00003117       4.15       4.15       3.61 0.00028916
#   133 "Eptesicus_fuscus" "Mormoops_megaloph  23   8   0      1.000      0.344      0.146      0.248      0.087      0.685       4.49 0.00000679       4.49       4.49       3.99 0.00006303
#   134 "Eptesicus_fuscus" "Carollia_sowelli"  23   8   1      0.837      0.335      0.154      0.405      0.000      0.685       3.25 0.00110817       0.00       0.00       0.00 1.00000000
#   135 "Eptesicus_fuscus" "Artibeus_intermed  23   8   0      1.000      0.363      0.150      0.271      0.000      0.837       4.24 0.00002128       4.24       4.24       3.71 0.00019738
#   137 "Eptesicus_fuscus" "Vampyressa_pusill  23   7   0      1.000      0.377      0.170      0.593      0.106      0.820       3.66 0.00024366       3.66       3.66       3.04 0.00226020
#   140 "Eptesicus_fuscus" "Glossophaga_commi  23   6   0      1.000      0.335      0.174      0.626      0.000      0.797       3.82 0.00012434       3.82       3.82       3.24 0.00115332
#   141 "Eptesicus_fuscus" "Saccopteryx_bilin  23   6   0      1.000      0.360      0.186      0.186      0.000      0.797       3.44 0.00055474       3.44       3.44       0.00 1.00000000
#   144 "Eptesicus_fuscus" "Parastrellus_hesp  23   6   6      0.000      0.370      0.166      0.389      0.130      0.797      -2.24 0.02494889       0.00       0.00       0.00 1.00000000
#   156 "Eptesicus_fuscus" "Trachops_cirrhosu  23   4   0      1.000      0.398      0.185      0.201      0.000      0.717       3.25 0.00112903       3.25       3.25       0.00 1.00000000
#   157 "Eptesicus_fuscus" "Micronycteris_meg  23   4   0      1.000      0.337      0.234      0.257      0.000      0.717       2.83 0.00446826       2.83       2.83       0.00 1.00000000
#   218 "Glossophaga_soric "Artibeus_lituratu  21  20  18      0.014      0.268      0.084     -0.008      0.071      0.433      -3.03 0.00233161      -3.03       0.00       0.00 1.00000000
#   219 "Glossophaga_soric "Artibeus_phaeotis  21  19  18      0.008      0.285      0.093      0.732      0.120      0.561      -2.99 0.00267220      -2.99      -2.99       0.00 1.00000000
#   220 "Glossophaga_soric "Sturnira_lilium"   21  19  18      0.008      0.282      0.081      0.973      0.120      0.561      -3.38 0.00069654      -3.38      -3.38       0.00 1.00000000
#   221 "Glossophaga_soric "Lasiurus_cinereus  21  17   0      1.000      0.278      0.099      0.551      0.090      0.538       7.30 0.00000000       7.30       7.30       7.30 0.00000000
#   222 "Glossophaga_soric "Myotis_lucifugus"  21  15   0      1.000      0.318      0.115      0.682      0.127      0.594       5.92 0.00000000       5.92       5.92       5.92 0.00000000
#   223 "Glossophaga_soric "Centurio_senex"    21  15  13      0.051      0.301      0.098      0.299      0.086      0.508      -2.55 0.01045781       0.00       0.00       0.00 1.00000000
#   224 "Glossophaga_soric "Lasiurus_borealis  21  14   0      1.000      0.307      0.112      0.422      0.102      0.578       6.17 0.00000000       6.17       6.17       6.17 0.00000000
#   225 "Glossophaga_soric "Desmodus_rotundus  21  14  13      0.027      0.317      0.110      0.391      0.102      0.673      -2.64 0.00811028      -2.64      -2.64       0.00 1.00000000
#   226 "Glossophaga_soric "Myotis_keenii"     21  13   0      1.000      0.337      0.112      0.567      0.121      0.659       5.92 0.00000000       5.92       5.92       5.92 0.00000000
#   227 "Glossophaga_soric "Carollia_perspici  21  13  13      0.000      0.343      0.110      0.800      0.121      0.766      -3.12 0.00173110       0.00       0.00       0.00 1.00000000
#   228 "Glossophaga_soric "Platyrrhinus_hell  21  13  13      0.000      0.342      0.123      0.723      0.033      0.879      -2.77 0.00538856       0.00       0.00       0.00 1.00000000
#   229 "Glossophaga_soric "Lasionycteris_noc  21  13   0      1.000      0.333      0.115      0.403      0.121      0.659       5.79 0.00000000       5.79       5.79       5.79 0.00000000
#   230 "Glossophaga_soric "Uroderma_bilobatu  21  13  12      0.033      0.344      0.102      0.509      0.121      0.659      -3.04 0.00226551      -3.04      -3.04       0.00 1.00000000
#   231 "Glossophaga_soric "Artibeus_toltecus  21  12  11      0.040      0.362      0.140      0.387      0.087      0.754      -2.31 0.02065611      -2.31      -2.31       0.00 1.00000000
#   232 "Glossophaga_soric "Pteronotus_parnel  21  12  12      0.000      0.316      0.110      0.249      0.087      0.540      -2.86 0.00409549       0.00       0.00       0.00 1.00000000
#   233 "Glossophaga_soric "Artibeus_watsoni"  21  11  11      0.000      0.337      0.115      0.303      0.104      0.623      -2.93 0.00331670       0.00       0.00       0.00 1.00000000
#   234 "Glossophaga_soric "Perimyotis_subfla  21  10   0      1.000      0.361      0.115      0.568      0.124      0.724       5.56 0.00000006       5.56       5.56       5.00 0.00000055
#   235 "Glossophaga_soric "Phyllostomus_disc  21  10   9      0.057      0.362      0.134      0.311      0.124      0.724      -2.27 0.02264369       0.00       0.00       0.00 1.00000000
#   236 "Glossophaga_soric "Tadarida_brasilie  21   9   0      1.000      0.376      0.140      0.484      0.148      0.847       4.46 0.00000781       4.46       4.46       3.95 0.00007243
#   237 "Glossophaga_soric "Myotis_leibii"     21   9   0      1.000      0.367      0.165      0.526      0.069      0.847       3.85 0.00011271       3.85       3.85       3.27 0.00104551
#   240 "Glossophaga_soric "Mormoops_megaloph  21   8   8      0.000      0.403      0.160      0.547      0.083      0.833      -2.52 0.01166564       0.00       0.00       0.00 1.00000000
#   241 "Glossophaga_soric "Carollia_sowelli"  21   8   8      0.000      0.384      0.142      0.210      0.083      0.679      -2.70 0.00670773       0.00       0.00       0.00 1.00000000
#   246 "Glossophaga_soric "Antrozous_pallidu  21   6   0      1.000      0.397      0.176      0.078      0.000      0.794       3.43 0.00058120       3.43       3.43       0.00 1.00000000
#   248 "Glossophaga_soric "Saccopteryx_bilin  21   6   6      0.000      0.392      0.168      0.682      0.127      0.794      -2.34 0.01902980       0.00       0.00       0.00 1.00000000
#   249 "Glossophaga_soric "Myotis_volans"     21   6   0      1.000      0.391      0.182      0.217      0.000      0.794       3.34 0.00080210       3.34       3.34       0.00 1.00000000
#   251 "Glossophaga_soric "Parastrellus_hesp  21   6   0      1.000      0.373      0.174     -0.135      0.000      0.794       3.60 0.00030488       3.60       3.60       2.98 0.00282801
#   254 "Glossophaga_soric "Vampyrodes_caracc  21   6   6      0.000      0.415      0.185      0.417      0.127      1.000      -2.24 0.02451938       0.00       0.00       0.00 1.00000000
#   255 "Glossophaga_soric "Myotis_yumanensis  21   5   0      1.000      0.396      0.202      0.083      0.000      0.762       2.99 0.00273657       2.99       2.99       0.00 1.00000000
#   325 "Artibeus_lituratu "Artibeus_phaeotis  20  19  17      0.016      0.292      0.100      0.249      0.111      0.553      -2.75 0.00576907      -2.75      -2.75       0.00 1.00000000
#   326 "Artibeus_lituratu "Sturnira_lilium"   20  19  16      0.032      0.277      0.088      0.394      0.111      0.553      -2.77 0.00548065      -2.77       0.00       0.00 1.00000000
#   327 "Artibeus_lituratu "Lasiurus_cinereus  20  17   0      1.000      0.317      0.095      0.085      0.082      0.529       7.20 0.00000000       7.20       7.20       7.20 0.00000000
#   328 "Artibeus_lituratu "Myotis_lucifugus"  20  15   0      1.000      0.317      0.111      0.358      0.120      0.587       6.13 0.00000000       6.13       6.13       6.13 0.00000000
#   329 "Artibeus_lituratu "Centurio_senex"    20  15  13      0.047      0.340      0.110      0.211      0.120      0.587      -2.68 0.00726235      -2.68      -2.68       0.00 1.00000000
#   330 "Artibeus_lituratu "Lasiurus_borealis  20  14   0      1.000      0.349      0.115      0.823      0.096      0.771       5.66 0.00000000       5.66       5.66       5.66 0.00000000
#   331 "Artibeus_lituratu "Desmodus_rotundus  20  14  11      0.096      0.341      0.095      0.342      0.143      0.571      -2.57 0.00988954       0.00       0.00       0.00 1.00000000
#   332 "Artibeus_lituratu "Myotis_keenii"     20  13   0      1.000      0.349      0.116      0.203      0.069      0.654       5.59 0.00000006       5.59       5.59       5.00 0.00000055
#   333 "Artibeus_lituratu "Carollia_perspici  20  13  13      0.000      0.357      0.121      0.562      0.169      0.762      -2.96 0.00300872       0.00       0.00       0.00 1.00000000
#   334 "Artibeus_lituratu "Platyrrhinus_hell  20  13  13      0.000      0.356      0.133      0.623      0.115      0.762      -2.68 0.00710577       0.00       0.00       0.00 1.00000000
#   335 "Artibeus_lituratu "Lasionycteris_noc  20  13   0      1.000      0.344      0.111      0.245      0.115      0.654       5.90 0.00000000       5.90       5.90       5.90 0.00000000
#   336 "Artibeus_lituratu "Uroderma_bilobatu  20  13  13      0.000      0.345      0.115      0.534      0.115      0.654      -3.01 0.00254881       0.00       0.00       0.00 1.00000000
#   337 "Artibeus_lituratu "Artibeus_toltecus  20  12  12      0.000      0.352      0.110      0.014      0.083      0.637      -3.18 0.00139534       0.00       0.00       0.00 1.00000000
#   339 "Artibeus_lituratu "Artibeus_watsoni"  20  11  11      0.000      0.367      0.126      0.500      0.100      0.736      -2.93 0.00332534       0.00       0.00       0.00 1.00000000
#   340 "Artibeus_lituratu "Perimyotis_subfla  20  10   0      1.000      0.389      0.137      0.197      0.120      0.720       4.46 0.00000775       4.46       4.46       3.96 0.00007188
#   341 "Artibeus_lituratu "Phyllostomus_disc  20  10  10      0.000      0.372      0.118      0.446      0.055      0.720      -3.17 0.00149363       0.00       0.00       0.00 1.00000000
#   342 "Artibeus_lituratu "Tadarida_brasilie  20   9   0      1.000      0.385      0.137      0.412      0.144      0.700       4.49 0.00000685       4.49       4.49       3.99 0.00006358
#   343 "Artibeus_lituratu "Myotis_leibii"     20   9   0      1.000      0.382      0.157      0.426      0.067      0.844       3.95 0.00007510       3.95       3.95       3.38 0.00069664
#   345 "Artibeus_lituratu "Choeroniscus_godm  20   8   8      0.000      0.396      0.135      0.542      0.081      0.831      -2.93 0.00330842       0.00       0.00       0.00 1.00000000
#   347 "Artibeus_lituratu "Carollia_sowelli"  20   8   8      0.000      0.398      0.151      0.215      0.081      0.675      -2.63 0.00828272       0.00       0.00       0.00 1.00000000
#   349 "Artibeus_lituratu "Sturnira_ludovici  20   7   7      0.000      0.371      0.170      0.305      0.100      0.814      -2.19 0.02844572       0.00       0.00       0.00 1.00000000
#   355 "Artibeus_lituratu "Myotis_volans"     20   6   0      1.000      0.437      0.202      0.209      0.000      0.792       2.79 0.00515479       2.79       2.79       0.00 1.00000000
#   356 "Artibeus_lituratu "Nycticeius_humera  20   6   0      1.000      0.444      0.190      0.076      0.125      0.792       2.92 0.00341409       2.92       2.92       0.00 1.00000000
#   357 "Artibeus_lituratu "Parastrellus_hesp  20   6   0      1.000      0.399      0.183      0.237      0.000      0.792       3.29 0.00097752       3.29       3.29       0.00 1.00000000
#   359 "Artibeus_lituratu "Corynorhinus_town  20   6   0      1.000      0.414      0.185      0.083      0.000      0.792       3.16 0.00149965       3.16       3.16       0.00 1.00000000
#   367 "Artibeus_lituratu "Myotis_thysanodes  20   5   0      1.000      0.435      0.213     -0.114      0.000      0.760       2.65 0.00784338       2.65       2.65       0.00 1.00000000
#   431 "Artibeus_phaeotis "Sturnira_lilium"   19  19  17      0.011      0.291      0.088      0.594      0.136      0.543      -3.19 0.00136226      -3.19      -3.19       0.00 1.00000000
#   432 "Artibeus_phaeotis "Lasiurus_cinereus  19  17   0      1.000      0.318      0.105      0.563      0.074      0.604       6.52 0.00000000       6.52       6.52       6.52 0.00000000
#   433 "Artibeus_phaeotis "Myotis_lucifugus"  19  15   0      1.000      0.344      0.110      0.715      0.112      0.775       5.98 0.00000000       5.98       5.98       5.98 0.00000000
#   434 "Artibeus_phaeotis "Centurio_senex"    19  15  13      0.042      0.335      0.112      0.709      0.112      0.775      -2.61 0.00896347      -2.61      -2.61       0.00 1.00000000
#   435 "Artibeus_phaeotis "Lasiurus_borealis  19  14   0      1.000      0.365      0.106      0.374      0.188      0.662       5.97 0.00000000       5.97       5.97       5.97 0.00000000
#   436 "Artibeus_phaeotis "Desmodus_rotundus  19  14  12      0.053      0.348      0.102      0.345      0.135      0.662      -2.89 0.00370640       0.00       0.00       0.00 1.00000000
#   437 "Artibeus_phaeotis "Myotis_keenii"     19  13   0      1.000      0.352      0.124      0.372      0.109      0.757       5.24 0.00000018       5.24       5.24       4.78 0.00000166
#   438 "Artibeus_phaeotis "Carollia_perspici  19  13  12      0.028      0.363      0.130      0.349      0.109      0.757      -2.58 0.00964409      -2.58      -2.58       0.00 1.00000000
#   439 "Artibeus_phaeotis "Platyrrhinus_hell  19  13  13      0.000      0.359      0.121      0.236      0.109      0.648      -2.97 0.00284344       0.00       0.00       0.00 1.00000000
#   440 "Artibeus_phaeotis "Lasionycteris_noc  19  13   0      1.000      0.356      0.129      0.976      0.109      0.757       5.01 0.00000054       5.01       5.01       4.55 0.00000498
#   441 "Artibeus_phaeotis "Uroderma_bilobatu  19  13  12      0.028      0.365      0.122      0.922      0.162      0.757      -2.76 0.00557315      -2.76      -2.76       0.00 1.00000000
#   442 "Artibeus_phaeotis "Artibeus_toltecus  19  12  12      0.000      0.371      0.124      0.227      0.132      0.746      -3.00 0.00262928       0.00       0.00       0.00 1.00000000
#   444 "Artibeus_phaeotis "Artibeus_watsoni"  19  11  11      0.000      0.384      0.141      0.327      0.096      0.732      -2.72 0.00641793       0.00       0.00       0.00 1.00000000
#   445 "Artibeus_phaeotis "Perimyotis_subfla  19  10   0      1.000      0.388      0.128      0.185      0.116      0.716       4.79 0.00000155       4.79       4.79       4.32 0.00001438
#   447 "Artibeus_phaeotis "Tadarida_brasilie  19   9   0      1.000      0.419      0.155      0.626      0.140      0.842       3.75 0.00016713       3.75       3.75       3.15 0.00155029
#   448 "Artibeus_phaeotis "Myotis_leibii"     19   9   0      1.000      0.399      0.163      0.384      0.064      0.842       3.69 0.00021422       3.69       3.69       3.08 0.00198707
#   451 "Artibeus_phaeotis "Mormoops_megaloph  19   8   8      0.000      0.412      0.151      0.290      0.079      0.829      -2.73 0.00620008       0.00       0.00       0.00 1.00000000
#   455 "Artibeus_phaeotis "Vampyressa_pusill  19   7   7      0.000      0.400      0.178      0.467      0.098      0.812      -2.25 0.02424449       0.00       0.00       0.00 1.00000000
#   459 "Artibeus_phaeotis "Saccopteryx_bilin  19   6   6      0.000      0.465      0.194      0.050      0.123      1.000      -2.40 0.01630080       0.00       0.00       0.00 1.00000000
#   461 "Artibeus_phaeotis "Nycticeius_humera  19   6   0      1.000      0.392      0.192      0.302      0.000      0.789       3.16 0.00151384       3.16       3.16       0.00 1.00000000
#   462 "Artibeus_phaeotis "Parastrellus_hesp  19   6   0      1.000      0.416      0.178      0.383      0.123      0.789       3.28 0.00100505       3.28       3.28       0.00 1.00000000
#   536 "Sturnira_lilium"  "Lasiurus_cinereus  19  17   0      1.000      0.303      0.092      0.583      0.108      0.604       7.59 0.00000000       7.59       7.59       7.59 0.00000000
#   537 "Sturnira_lilium"  "Myotis_lucifugus"  19  15   0      1.000      0.341      0.111      0.282      0.074      0.674       5.91 0.00000000       5.91       5.91       5.91 0.00000000
#   538 "Sturnira_lilium"  "Centurio_senex"    19  15  12      0.074      0.358      0.109      0.325      0.158      0.674      -2.60 0.00901258       0.00       0.00       0.00 1.00000000
#   539 "Sturnira_lilium"  "Lasiurus_borealis  19  14   0      1.000      0.376      0.128      0.431      0.090      0.767       4.90 0.00000095       4.90       4.90       4.43 0.00000885
#   540 "Sturnira_lilium"  "Desmodus_rotundus  19  14  14      0.000      0.339      0.107      0.427      0.090      0.662      -3.16 0.00154245       0.00       0.00       0.00 1.00000000
#   541 "Sturnira_lilium"  "Myotis_keenii"     19  13   0      1.000      0.379      0.127      0.531      0.109      0.757       4.87 0.00000107       4.87       4.87       4.40 0.00000995
#   542 "Sturnira_lilium"  "Carollia_perspici  19  13  11      0.065      0.359      0.108      0.105      0.109      0.648      -2.71 0.00650150       0.00       0.00       0.00 1.00000000
#   543 "Sturnira_lilium"  "Platyrrhinus_hell  19  13  11      0.065      0.375      0.117     -0.003      0.109      0.648      -2.65 0.00790852       0.00       0.00       0.00 1.00000000
#   544 "Sturnira_lilium"  "Lasionycteris_noc  19  13   0      1.000      0.384      0.141      0.823      0.162      0.874       4.38 0.00001103       4.38       4.38       3.87 0.00010228
#   547 "Sturnira_lilium"  "Pteronotus_parnel  19  12  12      0.000      0.368      0.121      0.290      0.132      0.632      -3.05 0.00222522       0.00       0.00       0.00 1.00000000
#   549 "Sturnira_lilium"  "Perimyotis_subfla  19  10   0      1.000      0.403      0.130      0.234      0.116      0.853       4.61 0.00000387       4.61       4.61       4.12 0.00003594
#   551 "Sturnira_lilium"  "Tadarida_brasilie  19   9   0      1.000      0.421      0.142      0.243      0.140      0.696       4.08 0.00004190       4.08       4.08       3.54 0.00038868
#   552 "Sturnira_lilium"  "Myotis_leibii"     19   9   0      1.000      0.391      0.150      0.227      0.064      0.842       4.06 0.00004572       4.06       4.06       3.51 0.00042406
#   555 "Sturnira_lilium"  "Mormoops_megaloph  19   8   8      0.000      0.396      0.156      0.255      0.079      0.829      -2.54 0.01082468       0.00       0.00       0.00 1.00000000
#   558 "Sturnira_lilium"  "Sturnira_ludovici  19   7   7      0.000      0.408      0.151      0.302      0.098      0.812      -2.70 0.00680596       0.00       0.00       0.00 1.00000000
#   561 "Sturnira_lilium"  "Antrozous_pallidu  19   6   0      1.000      0.442      0.186      0.098      0.123      0.789       3.01 0.00255638       3.01       3.01       0.00 1.00000000
#   641 "Lasiurus_cinereus "Centurio_senex"    17  15   0      1.000      0.364      0.105      0.561      0.094      0.659       6.04 0.00000000       6.04       6.04       6.04 0.00000000
#   643 "Lasiurus_cinereus "Desmodus_rotundus  17  14   0      1.000      0.372      0.107      0.469      0.168      0.647       5.88 0.00000000       5.88       5.88       5.88 0.00000000
#   645 "Lasiurus_cinereus "Carollia_perspici  17  13   0      1.000      0.392      0.130      0.295      0.145      0.747       4.68 0.00000274       4.68       4.68       4.20 0.00002543
#   646 "Lasiurus_cinereus "Platyrrhinus_hell  17  13   0      1.000      0.406      0.110      0.345      0.204      0.747       5.38 0.00000006       5.38       5.38       5.00 0.00000055
#   647 "Lasiurus_cinereus "Lasionycteris_noc  17  13  12      0.023      0.393      0.120      0.182      0.145      0.633      -3.08 0.00201315      -3.08      -3.08       0.00 1.00000000
#   648 "Lasiurus_cinereus "Uroderma_bilobatu  17  13   0      1.000      0.402      0.121      0.318      0.095      0.747       4.94 0.00000072       4.94       4.94       4.49 0.00000663
#   649 "Lasiurus_cinereus "Artibeus_toltecus  17  12   0      1.000      0.406      0.122      0.218      0.176      0.618       4.87 0.00000107       4.87       4.87       4.40 0.00000995
#   651 "Lasiurus_cinereus "Artibeus_watsoni"  17  11   0      1.000      0.381      0.117      0.370      0.086      0.722       5.31 0.00000012       5.31       5.31       4.85 0.00000111
#   653 "Lasiurus_cinereus "Phyllostomus_disc  17  10   0      1.000      0.432      0.134      0.271      0.176      0.706       4.24 0.00002086       4.24       4.24       3.71 0.00019351
#   656 "Lasiurus_cinereus "Pteronotus_davyi"  17   8   0      1.000      0.428      0.160      0.401      0.074      0.824       3.57 0.00033504       3.57       3.57       2.95 0.00310777
#   660 "Lasiurus_cinereus "Artibeus_intermed  17   8   0      1.000      0.441      0.178      0.246      0.074      0.824       3.14 0.00162947       3.14       3.14       0.00 1.00000000
#   662 "Lasiurus_cinereus "Vampyressa_pusill  17   7   0      1.000      0.466      0.164     -0.144      0.092      0.807       3.25 0.00110006       3.25       3.25       0.00 1.00000000
#   666 "Lasiurus_cinereus "Saccopteryx_bilin  17   6   0      1.000      0.483      0.176     -0.009      0.118      0.784       2.94 0.00319701       2.94       2.94       0.00 1.00000000
#   672 "Lasiurus_cinereus "Vampyrodes_caracc  17   6   0      1.000      0.491      0.195     -0.093      0.000      0.784       2.62 0.00873667       2.62       2.62       0.00 1.00000000
#   679 "Lasiurus_cinereus "Myotis_thysanodes  17   5   5      0.000      0.474      0.202      0.480      0.153      1.000      -2.34 0.01880467       0.00       0.00       0.00 1.00000000
#   743 "Myotis_lucifugus" "Centurio_senex"    15  15   0      1.000      0.394      0.121      0.040      0.160      0.640       5.01 0.00000054       5.01       5.01       4.55 0.00000498
#   745 "Myotis_lucifugus" "Desmodus_rotundus  15  14   0      1.000      0.397      0.131      0.676      0.200      0.743       4.61 0.00000376       4.61       4.61       4.13 0.00003483
#   746 "Myotis_lucifugus" "Myotis_keenii"     15  13  11      0.041      0.437      0.141      0.627      0.123      0.862      -2.81 0.00480896      -2.81      -2.81       0.00 1.00000000
#   747 "Myotis_lucifugus" "Carollia_perspici  15  13   0      1.000      0.418      0.133      0.185      0.179      0.733       4.39 0.00001091       4.39       4.39       3.87 0.00010118
#   748 "Myotis_lucifugus" "Platyrrhinus_hell  15  13   0      1.000      0.444      0.141      0.388      0.179      0.733       3.95 0.00007468       3.95       3.95       3.38 0.00069277
#   750 "Myotis_lucifugus" "Uroderma_bilobatu  15  13   0      1.000      0.414      0.123      0.112      0.123      0.733       4.76 0.00000185       4.76       4.76       4.29 0.00001714
#   751 "Myotis_lucifugus" "Artibeus_toltecus  15  12   0      1.000      0.404      0.134      0.053      0.100      0.722       4.44 0.00000852       4.44       4.44       3.93 0.00007906
#   752 "Myotis_lucifugus" "Pteronotus_parnel  15  12   0      1.000      0.408      0.132      0.430      0.100      0.722       4.47 0.00000721       4.47       4.47       3.97 0.00006690
#   753 "Myotis_lucifugus" "Artibeus_watsoni"  15  11   0      1.000      0.442      0.164      0.017      0.127      0.848       3.41 0.00062954       3.41       3.41       0.00 1.00000000
#   755 "Myotis_lucifugus" "Phyllostomus_disc  15  10   0      1.000      0.462      0.144      0.319      0.160      0.840       3.73 0.00018233       3.73       3.73       3.13 0.00169128
#   761 "Myotis_lucifugus" "Carollia_sowelli"  15   8   0      1.000      0.444      0.148      0.436      0.150      0.817       3.75 0.00017059       3.75       3.75       3.15 0.00158236
#   845 "Centurio_senex"   "Lasiurus_borealis  15  14   0      1.000      0.378      0.135      0.712      0.143      0.867       4.62 0.00000364       4.62       4.62       4.13 0.00003373
#   847 "Centurio_senex"   "Myotis_keenii"     15  13   0      1.000      0.408      0.129      0.168      0.123      0.733       4.60 0.00000405       4.60       4.60       4.11 0.00003760
#   848 "Centurio_senex"   "Carollia_perspici  15  13   9      0.123      0.423      0.113      0.195      0.179      0.733      -2.65 0.00779331       0.00       0.00       0.00 1.00000000
#   849 "Centurio_senex"   "Platyrrhinus_hell  15  13   9      0.123      0.447      0.156      0.689      0.179      0.862      -2.08 0.03762782       0.00       0.00       0.00 1.00000000
#   850 "Centurio_senex"   "Lasionycteris_noc  15  13   0      1.000      0.420      0.142      0.517      0.179      0.862       4.07 0.00004345       4.07       4.07       3.53 0.00040305
#   854 "Centurio_senex"   "Artibeus_watsoni"  15  11   8      0.127      0.447      0.144      0.594      0.194      1.000      -2.22 0.02617919       0.00       0.00       0.00 1.00000000
#   855 "Centurio_senex"   "Perimyotis_subfla  15  10   0      1.000      0.425      0.138      0.073      0.093      0.840       4.17 0.00002873       4.17       4.17       3.63 0.00026649
#   857 "Centurio_senex"   "Tadarida_brasilie  15   9   0      1.000      0.467      0.165      0.279      0.119      0.830       3.22 0.00121891       3.22       3.22       0.00 1.00000000
#   858 "Centurio_senex"   "Myotis_leibii"     15   9   0      1.000      0.490      0.172     -0.085      0.000      0.830       2.96 0.00298017       2.96       2.96       0.00 1.00000000
#   875 "Centurio_senex"   "Vampyrodes_caracc  15   6   6      0.000      0.526      0.193     -0.040      0.111      1.000      -2.73 0.00626045       0.00       0.00       0.00 1.00000000
#   946 "Lasiurus_borealis "Desmodus_rotundus  14  14   0      1.000      0.412      0.128      0.386      0.128      0.735       4.60 0.00000399       4.60       4.60       4.11 0.00003704
#   947 "Lasiurus_borealis "Myotis_keenii"     14  13  11      0.033      0.427      0.149      0.421      0.165      0.857      -2.65 0.00792205      -2.65      -2.65       0.00 1.00000000
#   948 "Lasiurus_borealis "Carollia_perspici  14  13   0      1.000      0.432      0.148      0.411      0.110      0.857       3.83 0.00012094       3.83       3.83       3.25 0.00112181
#   949 "Lasiurus_borealis "Platyrrhinus_hell  14  13   0      1.000      0.455      0.137      0.431      0.165      0.857       3.97 0.00006670       3.97       3.97       3.41 0.00061868
#   951 "Lasiurus_borealis "Uroderma_bilobatu  14  13   0      1.000      0.442      0.141      0.290      0.165      0.857       3.97 0.00006819       3.97       3.97       3.41 0.00063250
#   952 "Lasiurus_borealis "Artibeus_toltecus  14  12   0      1.000      0.431      0.137      0.525      0.143      0.851       4.15 0.00003123       4.15       4.15       3.61 0.00028971
#   953 "Lasiurus_borealis "Pteronotus_parnel  14  12   0      1.000      0.423      0.130      0.461      0.143      0.714       4.43 0.00000870       4.43       4.43       3.93 0.00008072
#   954 "Lasiurus_borealis "Artibeus_watsoni"  14  11   0      1.000      0.468      0.142      0.397      0.182      0.844       3.75 0.00016689       3.75       3.75       3.15 0.00154808
#   955 "Lasiurus_borealis "Perimyotis_subfla  14  10   9      0.036      0.476      0.157      0.604      0.086      1.000      -2.81 0.00488740      -2.81      -2.81       0.00 1.00000000
#   962 "Lasiurus_borealis "Carollia_sowelli"  14   8   0      1.000      0.506      0.152      0.107      0.143      0.812       3.25 0.00111246       3.25       3.25       0.00 1.00000000
#   971 "Lasiurus_borealis "Nycticeius_humera  14   6   6      0.000      0.533      0.201      0.309      0.107      1.000      -2.65 0.00792581       0.00       0.00       0.00 1.00000000
#  1046 "Desmodus_rotundus "Myotis_keenii"     14  13   0      1.000      0.415      0.136      0.160      0.165      0.725       4.30 0.00001574       4.30       4.30       3.78 0.00014596
#  1049 "Desmodus_rotundus "Lasionycteris_noc  14  13   0      1.000      0.419      0.124      0.667      0.165      0.857       4.69 0.00000256       4.69       4.69       4.21 0.00002377
#  1052 "Desmodus_rotundus "Pteronotus_parnel  14  12  10      0.048      0.434      0.131      0.298      0.208      0.714      -2.94 0.00315571      -2.94      -2.94       0.00 1.00000000
#  1054 "Desmodus_rotundus "Perimyotis_subfla  14  10   0      1.000      0.468      0.151      0.281      0.150      0.836       3.53 0.00040323       3.53       3.53       2.89 0.00374028
#  1057 "Desmodus_rotundus "Myotis_leibii"     14   9   0      1.000      0.464      0.159      0.150      0.111      0.825       3.38 0.00069135       3.38       3.38       0.00 1.00000000
#  1063 "Desmodus_rotundus "Sturnira_ludovici  14   7   7      0.000      0.494      0.186      0.361      0.184      1.000      -2.66 0.00769210       0.00       0.00       0.00 1.00000000
#  1068 "Desmodus_rotundus "Saccopteryx_bilin  14   6   5      0.107      0.556      0.210      0.538      0.238      1.000      -2.14 0.03214437       0.00       0.00       0.00 1.00000000
#  1078 "Desmodus_rotundus "Carollia_brevicau  14   5   5      0.000      0.585      0.233     -0.017      0.143      1.000      -2.51 0.01176691       0.00       0.00       0.00 1.00000000
#  1145 "Myotis_keenii"    "Carollia_perspici  13  13   0      1.000      0.448      0.134      0.066      0.148      0.852       4.12 0.00003511       4.12       4.12       3.58 0.00032565
#  1146 "Myotis_keenii"    "Platyrrhinus_hell  13  13   0      1.000      0.453      0.165      0.487      0.148      0.852       3.33 0.00084645       3.33       3.33       0.00 1.00000000
#  1148 "Myotis_keenii"    "Uroderma_bilobatu  13  13   0      1.000      0.466      0.141      0.233      0.213      0.852       3.79 0.00014359       3.79       3.79       3.20 0.00133190
#  1149 "Myotis_keenii"    "Artibeus_toltecus  13  12   0      1.000      0.485      0.161      0.005      0.128      0.846       3.20 0.00133055       3.20       3.20       0.00 1.00000000
#  1153 "Myotis_keenii"    "Phyllostomus_disc  13  10   0      1.000      0.491      0.168      0.291      0.138      0.831       3.03 0.00234836       3.03       3.03       0.00 1.00000000
#  1243 "Carollia_perspici "Platyrrhinus_hell  13  13  12      0.006      0.443      0.140      0.620      0.148      0.852      -3.12 0.00175112      -3.12      -3.12       0.00 1.00000000
#  1245 "Carollia_perspici "Uroderma_bilobatu  13  13  10      0.053      0.463      0.142      0.648      0.148      1.000      -2.88 0.00388837      -2.88       0.00       0.00 1.00000000
#  1246 "Carollia_perspici "Artibeus_toltecus  13  12   9      0.077      0.461      0.136      0.264      0.192      0.846      -2.82 0.00474519       0.00       0.00       0.00 1.00000000
#  1248 "Carollia_perspici "Artibeus_watsoni"  13  11  11      0.000      0.500      0.163      0.195      0.168      0.839      -3.07 0.00204796       0.00       0.00       0.00 1.00000000
#  1249 "Carollia_perspici "Perimyotis_subfla  13  10   0      1.000      0.496      0.164      0.131      0.215      0.831       3.08 0.00203282       3.08       3.08       0.00 1.00000000
#  1250 "Carollia_perspici "Phyllostomus_disc  13  10   8      0.077      0.498      0.166      0.304      0.138      1.000      -2.54 0.01083541      -2.54      -2.54       0.00 1.00000000
#  1251 "Carollia_perspici "Tadarida_brasilie  13   9   0      1.000      0.506      0.168      0.093      0.179      0.821       2.94 0.00320315       2.94       2.94       0.00 1.00000000
#  1256 "Carollia_perspici "Carollia_sowelli"  13   8   8      0.000      0.503      0.196      0.273      0.058      1.000      -2.57 0.00987744       0.00       0.00       0.00 1.00000000
#  1258 "Carollia_perspici "Sturnira_ludovici  13   7   6      0.077      0.515      0.180      0.183      0.176      1.000      -2.43 0.01475155      -2.43      -2.43       0.00 1.00000000
#  1259 "Carollia_perspici "Vampyressa_pusill  13   7   6      0.077      0.533      0.213      0.165      0.176      1.000      -2.14 0.03193927      -2.14      -2.14       0.00 1.00000000
#  1269 "Carollia_perspici "Vampyrodes_caracc  13   6   6      0.000      0.548      0.209     -0.033      0.103      1.000      -2.63 0.00846595       0.00       0.00       0.00 1.00000000
#  1272 "Carollia_perspici "Lampronycteris_br  13   5   5      0.000      0.554      0.203      0.143      0.138      1.000      -2.73 0.00615442       0.00       0.00       0.00 1.00000000
#  1340 "Platyrrhinus_hell "Lasionycteris_noc  13  13   0      1.000      0.460      0.149      0.359      0.148      0.852       3.62 0.00028098       3.62       3.62       3.00 0.00260631
#  1341 "Platyrrhinus_hell "Uroderma_bilobatu  13  13  11      0.024      0.467      0.132      0.211      0.148      0.852      -3.36 0.00074905      -3.36      -3.36       0.00 1.00000000
#  1342 "Platyrrhinus_hell "Artibeus_toltecus  13  12  10      0.038      0.468      0.143      0.493      0.192      0.846      -3.01 0.00256395      -3.01      -3.01       0.00 1.00000000
#  1344 "Platyrrhinus_hell "Artibeus_watsoni"  13  11  11      0.000      0.464      0.147      0.908      0.245      1.000      -3.16 0.00149912       0.00       0.00       0.00 1.00000000
#  1346 "Platyrrhinus_hell "Phyllostomus_disc  13  10   8      0.077      0.469      0.162      0.376      0.138      0.831      -2.42 0.01542461      -2.42       0.00       0.00 1.00000000
#  1348 "Platyrrhinus_hell "Myotis_leibii"     13   9   0      1.000      0.536      0.171      0.146      0.179      0.821       2.71 0.00662166       2.71       2.71       0.00 1.00000000
#  1350 "Platyrrhinus_hell "Choeroniscus_godm  13   8   6      0.135      0.561      0.186      0.175      0.231      1.000      -2.29 0.02185082       0.00       0.00       0.00 1.00000000
#  1355 "Platyrrhinus_hell "Vampyressa_pusill  13   7   7      0.000      0.532      0.197      0.248      0.077      1.000      -2.70 0.00676835       0.00       0.00       0.00 1.00000000
#  1359 "Platyrrhinus_hell "Saccopteryx_bilin  13   6   5      0.103      0.557      0.199      0.286      0.231      1.000      -2.28 0.02229160       0.00       0.00       0.00 1.00000000
#  1365 "Platyrrhinus_hell "Vampyrodes_caracc  13   6   6      0.000      0.570      0.184      0.212      0.231      1.000      -3.09 0.00190681       0.00       0.00       0.00 1.00000000
#  1368 "Platyrrhinus_hell "Lampronycteris_br  13   5   5      0.000      0.574      0.207     -0.094      0.138      1.000      -2.78 0.00529617       0.00       0.00       0.00 1.00000000
#  1369 "Platyrrhinus_hell "Carollia_brevicau  13   5   5      0.000      0.578      0.203     -0.016      0.138      1.000      -2.85 0.00427276       0.00       0.00       0.00 1.00000000
#  1436 "Lasionycteris_noc "Uroderma_bilobatu  13  13   0      1.000      0.450      0.152      0.534      0.148      0.852       3.63 0.00027132       3.63       3.63       3.01 0.00251674
#  1437 "Lasionycteris_noc "Artibeus_toltecus  13  12   0      1.000      0.471      0.151      0.245      0.128      0.846       3.51 0.00043547       3.51       3.51       2.87 0.00403939
#  1439 "Lasionycteris_noc "Artibeus_watsoni"  13  11   0      1.000      0.481      0.176      0.275      0.105      0.839       2.95 0.00312978       2.95       2.95       0.00 1.00000000
#  1445 "Lasionycteris_noc "Choeroniscus_godm  13   8   0      1.000      0.526      0.168      0.106      0.135      0.808       2.83 0.00456679       2.83       2.83       0.00 1.00000000
#  1531 "Uroderma_bilobatu "Artibeus_toltecus  13  12  10      0.038      0.456      0.138      0.723      0.192      0.846      -3.01 0.00251639      -3.01      -3.01       0.00 1.00000000
#  1533 "Uroderma_bilobatu "Artibeus_watsoni"  13  11  10      0.021      0.511      0.162      0.233      0.168      0.839      -3.02 0.00245196      -3.02      -3.02       0.00 1.00000000
#  1534 "Uroderma_bilobatu "Perimyotis_subfla  13  10   0      1.000      0.483      0.152      0.490      0.138      0.831       3.39 0.00066280       3.39       3.39       0.00 1.00000000
#  1535 "Uroderma_bilobatu "Phyllostomus_disc  13  10   8      0.077      0.488      0.158      0.697      0.138      1.000      -2.61 0.00891298      -2.61       0.00       0.00 1.00000000
#  1544 "Uroderma_bilobatu "Vampyressa_pusill  13   7   6      0.077      0.556      0.196      0.183      0.176      1.000      -2.44 0.01438755      -2.44      -2.44       0.00 1.00000000
#  1554 "Uroderma_bilobatu "Vampyrodes_caracc  13   6   6      0.000      0.564      0.206      0.167      0.103      1.000      -2.74 0.00594044       0.00       0.00       0.00 1.00000000
#  1558 "Uroderma_bilobatu "Carollia_brevicau  13   5   5      0.000      0.552      0.225      0.073      0.138      1.000      -2.46 0.01367772       0.00       0.00       0.00 1.00000000
#  1626 "Artibeus_toltecus "Artibeus_watsoni"  12  11   9      0.045      0.505      0.163      0.714      0.227      1.000      -2.83 0.00452930      -2.83      -2.83       0.00 1.00000000
#  1627 "Artibeus_toltecus "Perimyotis_subfla  12  10   0      1.000      0.466      0.150     -0.126      0.067      0.825       3.56 0.00035453       3.56       3.56       2.93 0.00328857
#  1637 "Artibeus_toltecus "Vampyressa_pusill  12   7   6      0.071      0.571      0.188      0.131      0.167      1.000      -2.65 0.00781953      -2.65      -2.65       0.00 1.00000000
#  1651 "Artibeus_toltecus "Carollia_brevicau  12   5   5      0.000      0.603      0.228      0.332      0.133      1.000      -2.64 0.00807863       0.00       0.00       0.00 1.00000000
#  1722 "Pteronotus_parnel "Myotis_leibii"     12   9   0      1.000      0.502      0.165      0.146      0.093      0.815       3.01 0.00252128       3.01       3.01       0.00 1.00000000
#  1725 "Pteronotus_parnel "Mormoops_megaloph  12   8   7      0.052      0.495      0.173      0.167      0.125      1.000      -2.56 0.01016676      -2.56      -2.56       0.00 1.00000000
#  1729 "Pteronotus_parnel "Vampyressa_pusill  12   7   6      0.071      0.547      0.192      0.509      0.167      1.000      -2.48 0.01297188      -2.48      -2.48       0.00 1.00000000
#  1737 "Pteronotus_parnel "Leptonycteris_yer  12   6   5      0.097      0.569      0.189      0.117      0.222      1.000      -2.50 0.01219195      -2.50      -2.50       0.00 1.00000000
#  1741 "Pteronotus_parnel "Natalus_stramineu  12   5   5      0.000      0.582      0.248      0.132      0.133      1.000      -2.35 0.01866752       0.00       0.00       0.00 1.00000000
#  1743 "Pteronotus_parnel "Carollia_brevicau  12   5   5      0.000      0.574      0.231      0.042      0.133      1.000      -2.48 0.01296222       0.00       0.00       0.00 1.00000000
#  1752 "Pteronotus_parnel "Eptesicus_furinal  12   4   4      0.000      0.579      0.237      0.085      0.188      1.000      -2.44 0.01432794       0.00       0.00       0.00 1.00000000
#  1811 "Artibeus_watsoni" "Phyllostomus_disc  11  10   8      0.055      0.539      0.161      0.373      0.182      1.000      -3.00 0.00259823      -3.00      -3.00       0.00 1.00000000
#  1817 "Artibeus_watsoni" "Carollia_sowelli"  11   8   7      0.045      0.552      0.180      0.338      0.114      1.000      -2.81 0.00480372      -2.81      -2.81       0.00 1.00000000
#  1819 "Artibeus_watsoni" "Sturnira_ludovici  11   7   5      0.156      0.604      0.187      0.194      0.273      1.000      -2.39 0.01652604       0.00       0.00       0.00 1.00000000
#  1821 "Artibeus_watsoni" "Chiroderma_villos  11   6   5      0.091      0.570      0.223      0.373      0.212      1.000      -2.15 0.03106844      -2.15      -2.15       0.00 1.00000000
#  1830 "Artibeus_watsoni" "Vampyrodes_caracc  11   6   6      0.000      0.601      0.217      0.140      0.212      1.000      -2.77 0.00550157       0.00       0.00       0.00 1.00000000
#  1833 "Artibeus_watsoni" "Lampronycteris_br  11   5   4      0.127      0.589      0.211      0.372      0.291      1.000      -2.19 0.02841729       0.00       0.00       0.00 1.00000000
#  1854 "Artibeus_watsoni" "Bauerus_dubiaquer  11   3   3      0.000      0.647      0.260      0.070      0.273      1.000      -2.49 0.01273036       0.00       0.00       0.00 1.00000000
#  1999 "Phyllostomus_disc "Vampyressa_pusill  10   7   5      0.143      0.552      0.194      0.655      0.257      1.000      -2.11 0.03438026       0.00       0.00       0.00 1.00000000
#  2009 "Phyllostomus_disc "Vampyrodes_caracc  10   6   5      0.083      0.597      0.182      0.420      0.350      1.000      -2.81 0.00476283      -2.81      -2.81       0.00 1.00000000
#  2013 "Phyllostomus_disc "Carollia_brevicau  10   5   4      0.120      0.640      0.213      0.053      0.280      1.000      -2.44 0.01432723      -2.44       0.00       0.00 1.00000000
#  2089 "Tadarida_brasilie "Antrozous_pallidu   9   6   6      0.000      0.638      0.222      0.019      0.074      1.000      -2.88 0.00387907       0.00       0.00       0.00 1.00000000
#  2092 "Tadarida_brasilie "Myotis_volans"      9   6   5      0.074      0.643      0.219      0.140      0.185      1.000      -2.60 0.00922304      -2.60      -2.60       0.00 1.00000000
#  2094 "Tadarida_brasilie "Parastrellus_hesp   9   6   6      0.000      0.641      0.216      0.079      0.185      1.000      -2.96 0.00294816       0.00       0.00       0.00 1.00000000
#  2096 "Tadarida_brasilie "Corynorhinus_town   9   6   6      0.000      0.616      0.211      0.164      0.185      1.000      -2.92 0.00335789       0.00       0.00       0.00 1.00000000
#  2098 "Tadarida_brasilie "Myotis_yumanensis   9   5   4      0.111      0.667      0.218      0.084      0.267      1.000      -2.56 0.01039380      -2.56       0.00       0.00 1.00000000
#  2104 "Tadarida_brasilie "Myotis_thysanodes   9   5   4      0.111      0.662      0.212      0.095      0.267      1.000      -2.59 0.00939733      -2.59       0.00       0.00 1.00000000
#  2255 "Pteronotus_davyi" "Choeroniscus_godm   8   8   6      0.062      0.635      0.215     -0.202      0.141      1.000      -2.67 0.00748235      -2.67      -2.67       0.00 1.00000000
#  2256 "Pteronotus_davyi" "Mormoops_megaloph   8   8   5      0.141      0.612      0.185      0.149      0.250      1.000      -2.54 0.01090258       0.00       0.00       0.00 1.00000000
#  2268 "Pteronotus_davyi" "Leptonycteris_yer   8   6   5      0.062      0.633      0.202      0.169      0.167      1.000      -2.82 0.00467169      -2.82      -2.82       0.00 1.00000000
#  2358 "Choeroniscus_godm "Lampronycteris_br   8   5   4      0.100      0.688      0.221     -0.136      0.250      1.000      -2.66 0.00757825      -2.66      -2.66       0.00 1.00000000
#  2430 "Mormoops_megaloph "Chiroderma_villos   8   6   4      0.167      0.653      0.183      0.037      0.312      1.000      -2.65 0.00784361       0.00       0.00       0.00 1.00000000
#  2437 "Mormoops_megaloph "Leptonycteris_yer   8   6   5      0.062      0.625      0.215     -0.007      0.167      1.000      -2.61 0.00889760      -2.61      -2.61       0.00 1.00000000
#  2441 "Mormoops_megaloph "Natalus_stramineu   8   5   4      0.100      0.673      0.228      0.009      0.250      1.000      -2.51 0.01170230      -2.51      -2.51       0.00 1.00000000
#  2449 "Mormoops_megaloph "Micronycteris_meg   8   4   4      0.000      0.673      0.228      0.117      0.156      1.000      -2.95 0.00304276       0.00       0.00       0.00 1.00000000
#  2629 "Artibeus_intermed "Micronycteris_mic   8   3   3      0.000      0.672      0.263     -0.017      0.250      1.000      -2.56 0.01036119       0.00       0.00       0.00 1.00000000
#  2688 "Sturnira_ludovici "Lampronycteris_br   7   5   4      0.086      0.729      0.250     -0.252      0.229      1.000      -2.57 0.00992346      -2.57      -2.57       0.00 1.00000000
#  2759 "Vampyressa_pusill "Saccopteryx_bilin   7   6   5      0.048      0.687      0.217     -0.130      0.143      1.000      -2.94 0.00315523      -2.94      -2.94       0.00 1.00000000
#  2768 "Vampyressa_pusill "Lampronycteris_br   7   5   4      0.086      0.682      0.263     -0.148      0.229      1.000      -2.26 0.02327347      -2.26      -2.26       0.00 1.00000000
#  2769 "Vampyressa_pusill "Carollia_brevicau   7   5   5      0.000      0.672      0.228     -0.019      0.229      1.000      -2.95 0.00309336       0.00       0.00       0.00 1.00000000
#  2789 "Vampyressa_pusill "Bauerus_dubiaquer   7   3   3      0.000      0.736      0.286     -0.479      0.238      1.000      -2.58 0.00977665       0.00       0.00       0.00 1.00000000
#  2838 "Chiroderma_villos "Saccopteryx_bilin   6   6   4      0.111      0.687      0.219     -0.197      0.250      1.000      -2.63 0.00832713      -2.63      -2.63       0.00 1.00000000
#  2844 "Chiroderma_villos "Vampyrodes_caracc   6   6   4      0.111      0.683      0.234      0.067      0.250      1.000      -2.45 0.01422262      -2.45      -2.45       0.00 1.00000000
#  2917 "Antrozous_pallidu "Myotis_volans"      6   6   4      0.111      0.693      0.213     -0.068      0.250      1.000      -2.73 0.00616682      -2.73      -2.73       0.00 1.00000000
#  2919 "Antrozous_pallidu "Parastrellus_hesp   6   6   6      0.000      0.713      0.235     -0.144      0.250      1.000      -3.03 0.00235868       0.00       0.00       0.00 1.00000000
#  2921 "Antrozous_pallidu "Corynorhinus_town   6   6   5      0.028      0.647      0.230      0.002      0.250      1.000      -2.69 0.00708610      -2.69      -2.69       0.00 1.00000000
#  2923 "Antrozous_pallidu "Myotis_yumanensis   6   5   4      0.067      0.724      0.217     -0.135      0.200      1.000      -3.02 0.00242543      -3.02      -3.02       0.00 1.00000000
#  2927 "Antrozous_pallidu "Myotis_californic   6   5   4      0.067      0.715      0.259     -0.366      0.200      1.000      -2.50 0.01211566      -2.50      -2.50       0.00 1.00000000
#  3079 "Saccopteryx_bilin "Carollia_brevicau   6   5   4      0.067      0.736      0.218     -0.132      0.200      1.000      -3.07 0.00209278      -3.07      -3.07       0.00 1.00000000
#  3099 "Saccopteryx_bilin "Bauerus_dubiaquer   6   3   3      0.000      0.749      0.273     -0.474      0.222      1.000      -2.74 0.00592119      -2.74       0.00       0.00 1.00000000
#  3147 "Myotis_volans"    "Parastrellus_hesp   6   6   4      0.111      0.652      0.231      0.017      0.250      1.000      -2.34 0.01878667      -2.34       0.00       0.00 1.00000000
#  3149 "Myotis_volans"    "Corynorhinus_town   6   6   4      0.111      0.736      0.237     -0.354      0.250      1.000      -2.64 0.00808084      -2.64      -2.64       0.00 1.00000000
#  3151 "Myotis_volans"    "Myotis_yumanensis   6   5   4      0.067      0.740      0.236     -0.337      0.200      1.000      -2.85 0.00427157      -2.85      -2.85       0.00 1.00000000
#  3155 "Myotis_volans"    "Myotis_californic   6   5   4      0.067      0.672      0.251     -0.101      0.200      1.000      -2.41 0.01570380      -2.41      -2.41       0.00 1.00000000
#  3157 "Myotis_volans"    "Myotis_thysanodes   6   5   5      0.000      0.741      0.223     -0.318      0.200      1.000      -3.33 0.00084537      -3.33       0.00       0.00 1.00000000
#  3167 "Myotis_volans"    "Myotis_evotis"      6   3   3      0.000      0.762      0.254     -0.400      0.222      1.000      -3.00 0.00264454      -3.00       0.00       0.00 1.00000000
#  3296 "Parastrellus_hesp "Corynorhinus_town   6   6   5      0.028      0.674      0.246     -0.139      0.111      1.000      -2.63 0.00837725      -2.63      -2.63       0.00 1.00000000
#  3298 "Parastrellus_hesp "Myotis_yumanensis   6   5   4      0.067      0.707      0.263     -0.349      0.200      1.000      -2.44 0.01447177      -2.44      -2.44       0.00 1.00000000
#  3302 "Parastrellus_hesp "Myotis_californic   6   5   4      0.067      0.716      0.241     -0.132      0.200      1.000      -2.69 0.00698960      -2.69      -2.69       0.00 1.00000000
#  3304 "Parastrellus_hesp "Myotis_thysanodes   6   5   3      0.200      0.721      0.221      0.019      0.400      1.000      -2.36 0.01802909       0.00       0.00       0.00 1.00000000
#  3447 "Corynorhinus_town "Myotis_thysanodes   6   5   3      0.200      0.757      0.218     -0.190      0.400      1.000      -2.55 0.01043439       0.00       0.00       0.00 1.00000000
#  3522 "Vampyrodes_caracc "Vampyressa_thyone   6   4   3      0.125      0.734      0.237     -0.162      0.333      1.000      -2.57 0.01001430      -2.57      -2.57       0.00 1.00000000
#  3584 "Myotis_yumanensis "Myotis_californic   5   5   4      0.040      0.690      0.241     -0.098      0.160      1.000      -2.70 0.00681120      -2.70      -2.70       0.00 1.00000000
#  3657 "Natalus_stramineu "Micronycteris_meg   5   4   3      0.100      0.729      0.250     -0.190      0.300      1.000      -2.52 0.01149750      -2.52      -2.52       0.00 1.00000000
#  3723 "Lampronycteris_br "Trachops_cirrhosu   5   4   3      0.100      0.786      0.247     -0.585      0.300      1.000      -2.78 0.00526816      -2.78      -2.78       0.00 1.00000000
#  3804 "Carollia_brevicau "Bauerus_dubiaquer   5   3   3      0.000      0.762      0.270     -0.512      0.200      1.000      -2.82 0.00469881      -2.82       0.00       0.00 1.00000000
#  3812 "Carollia_brevicau "Hylonycteris_unde   5   2   2      0.000      0.808      0.280     -0.795      0.400      1.000      -2.89 0.00378215      -2.89      -2.89       0.00 1.00000000
#  3820 "Carollia_brevicau "Vampyrodes_major"   5   2   2      0.000      0.826      0.272     -0.954      0.400      1.000      -3.03 0.00233656      -3.03      -3.03       0.00 1.00000000
#  3989 "Myotis_thysanodes "Myotis_evotis"      5   3   3      0.000      0.772      0.255     -0.422      0.200      1.000      -3.03 0.00239825      -3.03       0.00       0.00 1.00000000
#  4008 "Myotis_thysanodes "Idionycteris_phyl   5   2   2      0.000      0.844      0.263     -1.128      0.400      1.000      -3.21 0.00129187      -3.21      -3.21       0.00 1.00000000
#  4047 "Myotis_keaysi"    "Eptesicus_furinal   5   4   3      0.100      0.749      0.254     -0.354      0.300      1.000      -2.55 0.01052588      -2.55      -2.55       0.00 1.00000000
#  4196 "Micronycteris_meg "Vampyrum_spectrum   4   2   2      0.000      0.856      0.263     -1.323      0.375      1.000      -3.26 0.00108862      -3.26      -3.26       0.00 1.00000000
#  4928 "Bauerus_dubiaquer "Mimon_bennettii"    3   2   2      0.000      0.907      0.231     -2.139      0.333      1.000      -3.92 0.00008392      -3.92      -3.92      -3.35 0.00077846
#  5255 "Hylonycteris_unde "Thyroptera_tricol   2   2   2      0.000      0.887      0.268     -2.021      0.250      1.000      -3.31 0.00088292      -3.31      -3.31       0.00 1.00000000
#  5260 "Hylonycteris_unde "Mimon_bennettii"    2   2   2      0.000      0.940      0.203     -3.191      0.250      1.000      -4.62 0.00000364      -4.62      -4.62      -4.13 0.00003373
#  5297 "Thyroptera_tricol "Mimon_bennettii"    2   2   2      0.000      0.895      0.260     -2.139      0.250      1.000      -3.44 0.00055826      -3.44      -3.44       0.00 1.00000000
#  5661 "Myotis_auriculus" "Euderma_maculatum   1   1   1      0.000      1.000      0.000      0.000      1.000      1.000      -1.00 0.31722987      -1.00      -1.00       0.00 1.00000000
#  5795 "Myotis_elegans"   "Lophostoma_evotis   1   1   1      0.000      1.000      0.000      0.000      1.000      1.000      -1.00 0.31722987      -1.00      -1.00       0.00 1.00000000
#  5822 "Diaemus_youngi"   "Molossus_rufus"     1   1   1      0.000      1.000      0.000      0.000      1.000      1.000      -1.00 0.31722987      -1.00      -1.00       0.00 1.00000000
 
> Name               SP   CL+   CL-   BM+   BM-   BC+   BC-   BY+   BY-       NR   CL+   CL+
> NAmBats.txt      5995   139   184   132    88   132    74   101     2   599500  5995  5995
 
& File           Speci   Individ     BRInd       BRZ Cscoreind   CscoreZ Soeren.In  Soeren.Z    AbsInd      AbsZ CheckerIn  CheckerZ   CombInd     CombZ   CorrInd     CorrZ    SchInd      SchZ
& NAmBats.txt      110    609.00    0.5993    3.5491    0.1249   17.3134    0.0746    3.7013    0.0025    3.6859    0.1730   12.9885    0.8519    2.6322    0.1420    5.8388    0.0000    0.0000
 
%          Observed numbers                                          Expected numbers
% Class    Pairs   CL+   CL-   BM+   BM-   BC+   BC-   BY+   BY-       NR   CL+   CL-
% 0.000      999     0    89     0    16     0    11     0     2    63605   650   606
% 0.025       34     0    32     0    31     0    29     0     0        7     0     0
% 0.075       55     0    36     0    27     0    24     0     0      399     3     4
% 0.125       75     0    23     0    14     0    10     0     0     2469    18    21
% 0.175       64     0     2     0     0     0     0     0     0     4038    40    46
% 0.225       81     0     2     0     0     0     0     0     0     7464    68    86
% 0.275       94     0     0     0     0     0     0     0     0    15388   136   150
% 0.325       85     0     0     0     0     0     0     0     0    15871   168   142
% 0.375       49     0     0     0     0     0     0     0     0    11191   111   118
% 0.425      117     0     0     0     0     0     0     0     0    28864   290   289
% 0.475       74     0     0     0     0     0     0     0     0    24249   236   234
% 0.525       60     0     0     0     0     0     0     0     0    16778   177   170
% 0.575       63     0     0     0     0     0     0     0     0    17076   200   180
% 0.625       65     0     0     0     0     0     0     0     0    20046   217   200
% 0.675       26     0     0     0     0     0     0     0     0    11409   111   121
% 0.725       19     0     0     0     0     0     0     0     0    11036   106   115
% 0.775       16     0     0     0     0     0     0     0     0     6355    60    52
% 0.825        6     1     0     0     0     0     0     0     0     1155    12    16
% 0.875        3     3     0     0     0     0     0     3     0       57     0     1
% 0.925        4     4     0     1     0     1     0     4     0        0     0     0
% 0.975        0     0     0     0     0     0     0     0     0        0     0     0
% 1.000     4006   131     0   131     0   131     0    94     0   342043  3392  3444
