Species              "X667"    "X588"    "X680"    "X593"    "X598"    "X638"    "X689"              "X964"    "X674"    "X668"    "X597"    "X670"    "X1567"   "X669"    "X1566"   "X966"   
"Onthophagus_penn"         1.0       1.0       1.0       1.0       1.0       1.0       0.0       1.0       1.0       0.0       1.0       1.0       0.0       0.0       1.0       0.0       0.0
"Canthon_pilulari"         0.0       1.0       0.0       1.0       1.0       1.0       0.0       0.0       0.0       1.0       0.0       1.0       0.0       0.0       0.0       0.0       0.0
"Copris_fricator"          0.0       0.0       1.0       0.0       1.0       0.0       0.0       1.0       0.0       0.0       1.0       1.0       0.0       0.0       0.0       0.0       0.0
"Copris_minutus"           0.0       1.0       0.0       1.0       0.0       0.0       0.0       0.0       0.0       0.0       1.0       0.0       0.0       1.0       1.0       0.0       0.0
"Aphodius_ruricol"         0.0       0.0       0.0       0.0       0.0       0.0       1.0       0.0       1.0       0.0       1.0       0.0       1.0       0.0       1.0       0.0       0.0
"Onthophagus_okla"         1.0       1.0       0.0       1.0       1.0       1.0       0.0       0.0       0.0       0.0       0.0       0.0       0.0       0.0       0.0       0.0       0.0
"Aphodius_lividus"         1.0       1.0       0.0       1.0       0.0       0.0       0.0       0.0       0.0       0.0       0.0       0.0       1.0       0.0       0.0       0.0       1.0
"Onthophagus_taur"         0.0       0.0       1.0       1.0       0.0       0.0       0.0       1.0       0.0       0.0       1.0       0.0       1.0       0.0       0.0       0.0       0.0
"Phanaeus_vindex"          1.0       1.0       0.0       1.0       0.0       0.0       0.0       0.0       0.0       0.0       1.0       1.0       0.0       0.0       0.0       0.0       0.0
"Onthophagus_orph"         0.0       0.0       0.0       0.0       0.0       0.0       0.0       1.0       0.0       0.0       0.0       1.0       1.0       0.0       1.0       0.0       0.0
"Onthophagus_tube"         1.0       1.0       0.0       1.0       0.0       0.0       0.0       1.0       0.0       0.0       0.0       0.0       0.0       0.0       0.0       0.0       0.0
"Melanocanthon_bi"         0.0       1.0       0.0       1.0       1.0       1.0       0.0       0.0       0.0       0.0       0.0       0.0       0.0       0.0       0.0       0.0       0.0
"Aphodius_rubeolu"         1.0       0.0       0.0       0.0       0.0       0.0       0.0       0.0       0.0       0.0       1.0       1.0       0.0       0.0       0.0       0.0       0.0
"Aphodius_haemorr"         1.0       0.0       0.0       0.0       0.0       0.0       1.0       0.0       1.0       0.0       0.0       0.0       0.0       0.0       0.0       0.0       0.0
"Geotrupes_egerie"         0.0       1.0       1.0       1.0       0.0       0.0       0.0       0.0       0.0       0.0       0.0       0.0       0.0       0.0       0.0       0.0       0.0
"Aphodius_vittatu"         1.0       0.0       0.0       0.0       0.0       0.0       1.0       0.0       1.0       0.0       0.0       0.0       0.0       0.0       0.0       0.0       0.0
"Onthophagus_gaze"         1.0       0.0       0.0       0.0       0.0       1.0       0.0       0.0       0.0       0.0       0.0       0.0       0.0       1.0       0.0       0.0       0.0
"Ataenius_strigat"         0.0       0.0       0.0       0.0       0.0       0.0       0.0       0.0       0.0       0.0       1.0       0.0       1.0       0.0       1.0       0.0       0.0
"Onthophagus_medo"         1.0       0.0       0.0       0.0       1.0       1.0       0.0       0.0       0.0       0.0       0.0       0.0       0.0       0.0       0.0       0.0       0.0
"Onthophagus_nuch"         0.0       0.0       1.0       0.0       0.0       0.0       1.0       0.0       0.0       1.0       0.0       0.0       0.0       0.0       0.0       0.0       0.0
"Ateuchus_histero"         0.0       0.0       0.0       0.0       0.0       1.0       0.0       1.0       0.0       0.0       0.0       0.0       0.0       1.0       0.0       0.0       0.0
"Canthon_imitator"         1.0       0.0       0.0       0.0       1.0       1.0       0.0       0.0       0.0       0.0       0.0       0.0       0.0       0.0       0.0       0.0       0.0
"Phanaeus_difform"         1.0       0.0       0.0       0.0       1.0       1.0       0.0       0.0       0.0       0.0       0.0       0.0       0.0       0.0       0.0       0.0       0.0
"Canthon_vigilans"         1.0       0.0       0.0       0.0       1.0       1.0       0.0       0.0       0.0       0.0       0.0       0.0       0.0       0.0       0.0       0.0       0.0
"Pseudocanthon_pe"         1.0       0.0       0.0       0.0       1.0       0.0       0.0       0.0       0.0       0.0       0.0       0.0       0.0       1.0       0.0       0.0       0.0
"Euoniticellus_in"         0.0       0.0       0.0       0.0       0.0       0.0       0.0       0.0       0.0       0.0       0.0       0.0       0.0       0.0       0.0       1.0       1.0
"Boreocanthon_dep"         0.0       1.0       0.0       1.0       0.0       0.0       0.0       0.0       0.0       0.0       0.0       0.0       0.0       0.0       0.0       0.0       0.0
"Geotrupes_opacus"         0.0       0.0       1.0       0.0       0.0       0.0       0.0       0.0       0.0       0.0       0.0       1.0       0.0       0.0       0.0       0.0       0.0
"Melanocanthon_ni"         0.0       0.0       1.0       0.0       0.0       0.0       0.0       0.0       0.0       0.0       0.0       1.0       0.0       0.0       0.0       0.0       0.0
"Onthophagus_allu"         1.0       0.0       0.0       0.0       0.0       1.0       0.0       0.0       0.0       0.0       0.0       0.0       0.0       0.0       0.0       0.0       0.0
"Aphodius_rubripe"         0.0       0.0       0.0       0.0       0.0       0.0       0.0       0.0       0.0       0.0       1.0       0.0       0.0       0.0       1.0       0.0       0.0
"Canthon_praticol"         0.0       0.0       0.0       0.0       0.0       0.0       1.0       0.0       0.0       1.0       0.0       0.0       0.0       0.0       0.0       0.0       0.0
"Ataenius_spretul"         0.0       0.0       0.0       0.0       0.0       0.0       0.0       0.0       1.0       0.0       0.0       0.0       1.0       0.0       0.0       0.0       0.0
"Canthon_viridis"          0.0       0.0       0.0       0.0       0.0       0.0       0.0       1.0       0.0       0.0       0.0       0.0       0.0       1.0       0.0       0.0       0.0
"Onthophagus_shae"         0.0       0.0       0.0       0.0       1.0       1.0       0.0       0.0       0.0       0.0       0.0       0.0       0.0       0.0       0.0       0.0       0.0
"Onthophagus_stri"         0.0       0.0       0.0       0.0       0.0       0.0       0.0       1.0       0.0       0.0       0.0       0.0       0.0       0.0       1.0       0.0       0.0
"Aphodius_prodrom"         0.0       0.0       0.0       0.0       0.0       0.0       1.0       0.0       1.0       0.0       0.0       0.0       0.0       0.0       0.0       0.0       0.0
"Ateuchus_leconte"         0.0       1.0       0.0       1.0       0.0       0.0       0.0       0.0       0.0       0.0       0.0       0.0       0.0       0.0       0.0       0.0       0.0
"Teuchestes_fosso"         0.0       0.0       1.0       0.0       0.0       0.0       0.0       0.0       0.0       1.0       0.0       0.0       0.0       0.0       0.0       0.0       0.0
"Digitonthophagus"         0.0       0.0       0.0       0.0       0.0       0.0       0.0       0.0       0.0       0.0       0.0       0.0       0.0       0.0       0.0       1.0       1.0
"Dichotomius_colo"         0.0       0.0       0.0       0.0       0.0       0.0       0.0       0.0       0.0       0.0       0.0       0.0       0.0       0.0       0.0       1.0       0.0
"Aphodius_nigrita"         0.0       0.0       0.0       0.0       0.0       0.0       0.0       0.0       0.0       0.0       0.0       0.0       0.0       0.0       0.0       0.0       1.0
"Geotrupes_opaca"          1.0       0.0       0.0       0.0       0.0       0.0       0.0       0.0       0.0       0.0       0.0       0.0       0.0       0.0       0.0       0.0       0.0
"Aphodius_nigritu"         0.0       0.0       0.0       0.0       0.0       0.0       0.0       0.0       0.0       0.0       0.0       0.0       0.0       1.0       0.0       0.0       0.0
"Geotrupes_semiop"         0.0       0.0       1.0       0.0       0.0       0.0       0.0       0.0       0.0       0.0       0.0       0.0       0.0       0.0       0.0       0.0       0.0
"Melanocanthon_gr"         0.0       1.0       0.0       0.0       0.0       0.0       0.0       0.0       0.0       0.0       0.0       0.0       0.0       0.0       0.0       0.0       0.0
"Melinopterus_pro"         0.0       0.0       0.0       0.0       0.0       0.0       0.0       0.0       0.0       1.0       0.0       0.0       0.0       0.0       0.0       0.0       0.0
"Aphodius_platens"         1.0       0.0       0.0       0.0       0.0       0.0       0.0       0.0       0.0       0.0       0.0       0.0       0.0       0.0       0.0       0.0       0.0
"Aphodius_erratic"         0.0       0.0       0.0       0.0       0.0       0.0       1.0       0.0       0.0       0.0       0.0       0.0       0.0       0.0       0.0       0.0       0.0
"Canthon_cyanellu"         0.0       0.0       0.0       0.0       1.0       0.0       0.0       0.0       0.0       0.0       0.0       0.0       0.0       0.0       0.0       0.0       0.0
"Onthophagus_knul"         0.0       0.0       0.0       0.0       0.0       0.0       0.0       0.0       0.0       0.0       0.0       0.0       0.0       0.0       0.0       1.0       0.0
"Canthon_ebenus"           0.0       0.0       0.0       0.0       0.0       0.0       0.0       0.0       0.0       0.0       0.0       1.0       0.0       0.0       0.0       0.0       0.0
"Onthophagus_mexi"         0.0       0.0       0.0       0.0       0.0       0.0       0.0       0.0       0.0       0.0       0.0       0.0       0.0       0.0       0.0       1.0       0.0
"Aphodius_iowaens"         0.0       0.0       0.0       0.0       0.0       0.0       1.0       0.0       0.0       0.0       0.0       0.0       0.0       0.0       0.0       0.0       0.0
"Aphodius_kirni"           1.0       0.0       0.0       0.0       0.0       0.0       0.0       0.0       0.0       0.0       0.0       0.0       0.0       0.0       0.0       0.0       0.0
"Canthon_punctico"         0.0       0.0       0.0       0.0       0.0       0.0       0.0       0.0       0.0       0.0       0.0       0.0       0.0       0.0       0.0       0.0       1.0
"Aphodius_rusicol"         0.0       0.0       0.0       0.0       0.0       0.0       0.0       0.0       0.0       0.0       0.0       0.0       0.0       1.0       0.0       0.0       0.0
"Aphodius_stercor"         0.0       0.0       0.0       0.0       0.0       0.0       0.0       1.0       0.0       0.0       0.0       0.0       0.0       0.0       0.0       0.0       0.0
"Aphodius_steroco"         0.0       0.0       0.0       0.0       0.0       0.0       0.0       0.0       1.0       0.0       0.0       0.0       0.0       0.0       0.0       0.0       0.0
"Otophorus_haemor"         0.0       0.0       0.0       0.0       0.0       0.0       0.0       0.0       0.0       1.0       0.0       0.0       0.0       0.0       0.0       0.0       0.0
"Aphodius_tenuist"         1.0       0.0       0.0       0.0       0.0       0.0       0.0       0.0       0.0       0.0       0.0       0.0       0.0       0.0       0.0       0.0       0.0
"Aphodius_lentus"          0.0       0.0       0.0       0.0       0.0       0.0       0.0       0.0       0.0       0.0       0.0       1.0       0.0       0.0       0.0       0.0       0.0
"Ataenius_imbrica"         0.0       1.0       0.0       0.0       0.0       0.0       0.0       0.0       0.0       0.0       0.0       0.0       0.0       0.0       0.0       0.0       0.0
"Planolinellus_vi"         0.0       0.0       0.0       0.0       0.0       0.0       0.0       0.0       0.0       1.0       0.0       0.0       0.0       0.0       0.0       0.0       0.0
"Pseudagolius_col"         0.0       0.0       0.0       0.0       0.0       0.0       0.0       0.0       0.0       1.0       0.0       0.0       0.0       0.0       0.0       0.0       0.0
"Copris_moechus"           0.0       0.0       0.0       0.0       0.0       0.0       0.0       0.0       0.0       0.0       0.0       0.0       0.0       0.0       0.0       1.0       0.0
"Sphaeridium_luna"         0.0       0.0       1.0       0.0       0.0       0.0       0.0       0.0       0.0       0.0       0.0       0.0       0.0       0.0       0.0       0.0       0.0
"Sphaeridium_scar"         0.0       0.0       1.0       0.0       0.0       0.0       0.0       0.0       0.0       0.0       0.0       0.0       0.0       0.0       0.0       0.0       0.0
"Copris_tullius"           0.0       0.0       0.0       0.0       0.0       0.0       0.0       0.0       1.0       0.0       0.0       0.0       0.0       0.0       0.0       0.0       0.0
"Ataenius_platens"         0.0       1.0       0.0       0.0       0.0       0.0       0.0       0.0       0.0       0.0       0.0       0.0       0.0       0.0       0.0       0.0       0.0
