<  File:  NW_Scarabs.txt Species:   98 Sites:   17 MatFill: 0.14 Occ:    227 *****% Confidence limit  Index: c Model: fixed - fixed                      
 
#    No             Sp1                Sp2     S1  S2 Com  Obs.Score  Exp.Score  Exp.StDev   Skewness    LowerCL    UpperCL SigZ-Score      Alpha >MeanScore   >CLScore   >BJScore      Alpha
#     1 "Onthophagus_heca" "Onthophagus_penn"  13  11  11      0.000      0.087      0.037      0.183      0.021      0.168      -2.33 0.01934648       0.00       0.00       0.00 1.00000000
#    32 "Onthophagus_heca" "Euoniticellus_in"  13   2   0      1.000      0.188      0.270      1.244      0.000      0.462       3.01 0.00254917       3.01       3.01       2.27 0.02305405
#    43 "Onthophagus_heca" "Canthon_praticol"  13   2   0      1.000      0.172      0.246      1.105      0.000      0.462       3.36 0.00074154       3.36       3.36       2.70 0.00670631
#   100 "Onthophagus_penn" "Copris_fricator"   11   5   5      0.000      0.263      0.150      0.661      0.127      0.491      -1.75 0.07913631       0.00       0.00       0.00 1.00000000
#   106 "Onthophagus_penn" "Phanaeus_vindex"   11   5   5      0.000      0.278      0.147      0.554      0.127      0.491      -1.89 0.05880779       0.00       0.00       0.00 1.00000000
#   196 "Aphodius_fimetar" "Copris_minutus"     6   5   0      1.000      0.453      0.204      0.397      0.200      0.667       2.68 0.00726563       2.68       2.68       1.84 0.06570845
#   206 "Aphodius_fimetar" "Aphodius_haemorr"   6   3   3      0.000      0.551      0.287      0.203      0.222      1.000      -1.92 0.05461448       0.00       0.00       0.00 1.00000000
#   209 "Aphodius_fimetar" "Aphodius_vittatu"   6   3   3      0.000      0.543      0.243      0.498      0.222      1.000      -2.23 0.02529442       0.00       0.00       0.00 1.00000000
#   213 "Aphodius_fimetar" "Onthophagus_nuch"   6   3   3      0.000      0.557      0.282      0.231      0.222      1.000      -1.98 0.04785216       0.00       0.00       0.00 1.00000000
#   218 "Aphodius_fimetar" "Aphodius_granari"   6   3   3      0.000      0.523      0.299      0.395      0.222      1.000      -1.75 0.07984453       0.00       0.00       0.00 1.00000000
#   291 "Canthon_pilulari" "Aphodius_ruricol"   6   5   0      1.000      0.473      0.218      0.170      0.200      0.667       2.42 0.01536798       2.42       2.42       0.00 1.00000000
#   298 "Canthon_pilulari" "Melanocanthon_bi"   6   4   4      0.000      0.534      0.250      0.350      0.125      1.000      -2.13 0.03247851       0.00       0.00       0.00 1.00000000
#   521 "Copris_minutus"   "Phanaeus_igneus"    5   2   2      0.000      0.726      0.325     -0.515      0.400      1.000      -2.24 0.02499473       0.00       0.00       0.00 1.00000000
#   581 "Aphodius_ruricol" "Ataenius_strigat"   5   3   3      0.000      0.621      0.332     -0.158      0.200      1.000      -1.87 0.06150728       0.00       0.00       0.00 1.00000000
#   588 "Aphodius_ruricol" "Aphodius_granari"   5   3   3      0.000      0.583      0.300      0.206      0.200      1.000      -1.94 0.05172879       0.00       0.00       0.00 1.00000000
#   597 "Aphodius_ruricol" "Aphodius_fossor"    5   2   2      0.000      0.758      0.327     -0.815      0.400      1.000      -2.32 0.02000678       0.00       0.00       0.00 1.00000000
#   601 "Aphodius_ruricol" "Aphodius_rubripe"   5   2   2      0.000      0.572      0.306      0.451      0.400      1.000      -1.87 0.06122595       0.00       0.00       0.00 1.00000000
#   664 "Onthophagus_okla" "Melanocanthon_bi"   5   4   4      0.000      0.594      0.261      0.164      0.300      1.000      -2.27 0.02281809       0.00       0.00       0.00 1.00000000
#   672 "Onthophagus_okla" "Onthophagus_medo"   5   3   3      0.000      0.563      0.296      0.301      0.200      1.000      -1.90 0.05681300       0.00       0.00       0.00 1.00000000
#   675 "Onthophagus_okla" "Boreocanthon_ebe"   5   3   3      0.000      0.598      0.267      0.326      0.200      1.000      -2.24 0.02486330       0.00       0.00       0.00 1.00000000
#   677 "Onthophagus_okla" "Canthon_imitator"   5   3   3      0.000      0.643      0.286      0.057      0.200      1.000      -2.25 0.02429068       0.00       0.00       0.00 1.00000000
#   679 "Onthophagus_okla" "Phanaeus_difform"   5   3   3      0.000      0.569      0.287      0.248      0.200      1.000      -1.99 0.04669064       0.00       0.00       0.00 1.00000000
#   680 "Onthophagus_okla" "Canthon_vigilans"   5   3   3      0.000      0.701      0.313     -0.484      0.200      1.000      -2.24 0.02491176       0.00       0.00       0.00 1.00000000
#   752 "Aphodius_lividus" "Onthophagus_tube"   5   4   3      0.100      0.600      0.265      0.239      0.300      1.000      -1.89 0.05881447       0.00       0.00       0.00 1.00000000
#   791 "Aphodius_lividus" "Phanaeus_igneus"    5   2   2      0.000      0.698      0.332     -0.382      0.400      1.000      -2.10 0.03501177       0.00       0.00       0.00 1.00000000
#   927 "Phanaeus_vindex"  "Onthophagus_tube"   5   4   3      0.100      0.570      0.257      0.279      0.300      1.000      -1.83 0.06762630       0.00       0.00       0.00 1.00000000
#   929 "Phanaeus_vindex"  "Aphodius_rubeolu"   5   3   3      0.000      0.579      0.307      0.132      0.200      1.000      -1.89 0.05850774       0.00       0.00       0.00 1.00000000
#  1048 "Onthophagus_orph" "Onthophagus_stri"   4   2   2      0.000      0.679      0.336     -0.224      0.375      1.000      -2.02 0.04275566       0.00       0.00       0.00 1.00000000
#  1102 "Onthophagus_tube" "Deltochilum_gibb"   4   3   3      0.000      0.645      0.291      0.078      0.167      1.000      -2.21 0.02647763       0.00       0.00       0.00 1.00000000
#  1111 "Onthophagus_tube" "Canthon_chalcite"   4   3   3      0.000      0.637      0.307      0.016      0.167      1.000      -2.08 0.03762329       0.00       0.00       0.00 1.00000000
#  1119 "Onthophagus_tube" "Boreocanthon_dep"   4   2   2      0.000      0.701      0.330     -0.313      0.375      1.000      -2.13 0.03312647       0.00       0.00       0.00 1.00000000
#  1136 "Onthophagus_tube" "Aphodius_campest"   4   2   2      0.000      0.700      0.312     -0.083      0.375      1.000      -2.24 0.02468687       0.00       0.00       0.00 1.00000000
#  1137 "Onthophagus_tube" "Phanaeus_igneus"    4   2   2      0.000      0.656      0.340     -0.134      0.375      1.000      -1.93 0.05308229       0.00       0.00       0.00 1.00000000
#  1203 "Melanocanthon_bi" "Boreocanthon_dep"   4   2   2      0.000      0.701      0.330     -0.313      0.375      1.000      -2.13 0.03312647       0.00       0.00       0.00 1.00000000
#  1205 "Melanocanthon_bi" "Glaphyrocanthon_"   4   2   2      0.000      0.700      0.341     -0.417      0.375      1.000      -2.05 0.03974473       0.00       0.00       0.00 1.00000000
#  1216 "Melanocanthon_bi" "Onthophagus_shae"   4   2   2      0.000      0.729      0.333     -0.560      0.375      1.000      -2.19 0.02838504       0.00       0.00       0.00 1.00000000
#  1220 "Melanocanthon_bi" "Aphodius_campest"   4   2   2      0.000      0.720      0.328     -0.440      0.375      1.000      -2.19 0.02805084       0.00       0.00       0.00 1.00000000
#  1221 "Melanocanthon_bi" "Phanaeus_igneus"    4   2   2      0.000      0.712      0.340     -0.501      0.375      1.000      -2.09 0.03594804       0.00       0.00       0.00 1.00000000
#  1353 "Aphodius_haemorr" "Aphodius_vittatu"   3   3   3      0.000      0.691      0.330     -0.349      0.111      1.000      -2.10 0.03582132       0.00       0.00       0.00 1.00000000
#  1371 "Aphodius_haemorr" "Aphodius_fossor"    3   2   2      0.000      0.753      0.332     -0.679      0.333      1.000      -2.27 0.02300900       0.00       0.00       0.00 1.00000000
#  1376 "Aphodius_haemorr" "Aphodius_colorad"   3   2   2      0.000      0.740      0.335     -0.586      0.333      1.000      -2.21 0.02700180       0.00       0.00       0.00 1.00000000
#  1377 "Aphodius_haemorr" "Aphodius_distinc"   3   2   2      0.000      0.790      0.315     -0.894      0.333      1.000      -2.51 0.01193386       0.00       0.00       0.00 1.00000000
#  1387 "Aphodius_haemorr" "Aphodius_prodrom"   3   2   2      0.000      0.780      0.334     -0.987      0.333      1.000      -2.33 0.01928622       0.00       0.00       0.00 1.00000000
#  1441 "Deltochilum_gibb" "Canthon_chalcite"   3   3   3      0.000      0.757      0.291     -0.483      0.444      1.000      -2.60 0.00920570       0.00       0.00      -1.73 0.08325396
#  1449 "Deltochilum_gibb" "Boreocanthon_dep"   3   2   2      0.000      0.747      0.334     -0.632      0.333      1.000      -2.24 0.02497685       0.00       0.00       0.00 1.00000000
#  1466 "Deltochilum_gibb" "Aphodius_campest"   3   2   2      0.000      0.763      0.344     -0.901      0.333      1.000      -2.22 0.02625614       0.00       0.00       0.00 1.00000000
#  1467 "Deltochilum_gibb" "Phanaeus_igneus"    3   2   2      0.000      0.763      0.334     -0.807      0.333      1.000      -2.28 0.02213663       0.00       0.00       0.00 1.00000000
#  1469 "Deltochilum_gibb" "Ateuchus_leconte"   3   2   2      0.000      0.737      0.331     -0.506      0.333      1.000      -2.23 0.02573967       0.00       0.00       0.00 1.00000000
#  1521 "Geotrupes_egerie" "Canthon_chalcite"   3   3   2      0.111      0.707      0.293     -0.108      0.444      1.000      -2.03 0.04171884       0.00       0.00       0.00 1.00000000
#  1529 "Geotrupes_egerie" "Boreocanthon_dep"   3   2   2      0.000      0.773      0.336     -0.933      0.333      1.000      -2.30 0.02118355       0.00       0.00       0.00 1.00000000
#  1546 "Geotrupes_egerie" "Aphodius_campest"   3   2   2      0.000      0.793      0.329     -1.099      0.333      1.000      -2.41 0.01572812       0.00       0.00       0.00 1.00000000
#  1547 "Geotrupes_egerie" "Phanaeus_igneus"    3   2   2      0.000      0.780      0.313     -0.745      0.333      1.000      -2.49 0.01261830       0.00       0.00       0.00 1.00000000
#  1549 "Geotrupes_egerie" "Ateuchus_leconte"   3   2   2      0.000      0.767      0.328     -0.777      0.333      1.000      -2.34 0.01926410       0.00       0.00       0.00 1.00000000
#  1611 "Aphodius_vittatu" "Aphodius_fossor"    3   2   2      0.000      0.733      0.337     -0.540      0.333      1.000      -2.18 0.02908009       0.00       0.00       0.00 1.00000000
#  1616 "Aphodius_vittatu" "Aphodius_colorad"   3   2   2      0.000      0.770      0.342     -0.953      0.333      1.000      -2.25 0.02415341       0.00       0.00       0.00 1.00000000
#  1617 "Aphodius_vittatu" "Aphodius_distinc"   3   2   2      0.000      0.743      0.329     -0.551      0.333      1.000      -2.26 0.02378744       0.00       0.00       0.00 1.00000000
#  1627 "Aphodius_vittatu" "Aphodius_prodrom"   3   2   2      0.000      0.703      0.346     -0.393      0.333      1.000      -2.03 0.04179639       0.00       0.00       0.00 1.00000000
#  1677 "Onthophagus_gaze" "Boreocanthon_ebe"   3   3   2      0.111      0.770      0.295     -0.650      0.444      1.000      -2.24 0.02497715      -2.24       0.00       0.00 1.00000000
#  1691 "Onthophagus_gaze" "Onthophagus_allu"   3   2   2      0.000      0.787      0.332     -1.042      0.333      1.000      -2.37 0.01746655       0.00       0.00       0.00 1.00000000
#  1770 "Ataenius_strigat" "Aphodius_rubripe"   3   2   2      0.000      0.730      0.352     -0.659      0.333      1.000      -2.08 0.03766590       0.00       0.00       0.00 1.00000000
#  1830 "Onthophagus_medo" "Boreocanthon_ebe"   3   3   3      0.000      0.717      0.303     -0.294      0.444      1.000      -2.36 0.01784790       0.00       0.00       0.00 1.00000000
#  1832 "Onthophagus_medo" "Canthon_imitator"   3   3   3      0.000      0.704      0.305     -0.248      0.444      1.000      -2.31 0.02071649       0.00       0.00       0.00 1.00000000
#  1834 "Onthophagus_medo" "Phanaeus_difform"   3   3   3      0.000      0.738      0.313     -0.542      0.111      1.000      -2.36 0.01797658       0.00       0.00       0.00 1.00000000
#  1835 "Onthophagus_medo" "Canthon_vigilans"   3   3   3      0.000      0.691      0.307     -0.160      0.111      1.000      -2.25 0.02388006       0.00       0.00       0.00 1.00000000
#  1841 "Onthophagus_medo" "Glaphyrocanthon_"   3   2   2      0.000      0.713      0.350     -0.504      0.333      1.000      -2.04 0.04102278       0.00       0.00       0.00 1.00000000
#  1844 "Onthophagus_medo" "Onthophagus_allu"   3   2   2      0.000      0.793      0.319     -0.987      0.333      1.000      -2.49 0.01265275       0.00       0.00       0.00 1.00000000
#  1852 "Onthophagus_medo" "Onthophagus_shae"   3   2   2      0.000      0.740      0.345     -0.686      0.333      1.000      -2.14 0.03168041       0.00       0.00       0.00 1.00000000
#  1920 "Onthophagus_nuch" "Calamosternus_gr"   3   2   2      0.000      0.717      0.354     -0.569      0.333      1.000      -2.02 0.04256368       0.00       0.00       0.00 1.00000000
#  1929 "Onthophagus_nuch" "Chilothorax_dist"   3   2   2      0.000      0.703      0.346     -0.393      0.333      1.000      -2.03 0.04179639       0.00       0.00       0.00 1.00000000
#  1930 "Onthophagus_nuch" "Colobopterus_err"   3   2   2      0.000      0.783      0.328     -0.963      0.333      1.000      -2.39 0.01663899       0.00       0.00       0.00 1.00000000
#  2000 "Ateuchus_histero" "Canthon_viridis"    3   2   2      0.000      0.743      0.339     -0.661      0.333      1.000      -2.19 0.02824301       0.00       0.00       0.00 1.00000000
#  2054 "Boreocanthon_ebe" "Canthon_imitator"   3   3   3      0.000      0.661      0.297      0.104      0.444      1.000      -2.23 0.02575278       0.00       0.00       0.00 1.00000000
#  2056 "Boreocanthon_ebe" "Phanaeus_difform"   3   3   3      0.000      0.750      0.302     -0.544      0.444      1.000      -2.48 0.01279116       0.00       0.00       0.00 1.00000000
#  2057 "Boreocanthon_ebe" "Canthon_vigilans"   3   3   3      0.000      0.710      0.313     -0.338      0.111      1.000      -2.27 0.02287364       0.00       0.00       0.00 1.00000000
#  2063 "Boreocanthon_ebe" "Glaphyrocanthon_"   3   2   2      0.000      0.803      0.320     -1.133      0.333      1.000      -2.51 0.01185995       0.00       0.00       0.00 1.00000000
#  2066 "Boreocanthon_ebe" "Onthophagus_allu"   3   2   2      0.000      0.797      0.323     -1.074      0.333      1.000      -2.47 0.01336700       0.00       0.00       0.00 1.00000000
#  2074 "Boreocanthon_ebe" "Onthophagus_shae"   3   2   2      0.000      0.810      0.306     -1.061      0.333      1.000      -2.64 0.00803620       0.00       0.00      -1.79 0.07267728
#  2133 "Canthon_chalcite" "Boreocanthon_dep"   3   2   2      0.000      0.793      0.319     -0.987      0.333      1.000      -2.49 0.01265270       0.00       0.00       0.00 1.00000000
#  2150 "Canthon_chalcite" "Aphodius_campest"   3   2   2      0.000      0.797      0.312     -0.948      0.333      1.000      -2.55 0.01054704       0.00       0.00      -1.67 0.09538471
#  2151 "Canthon_chalcite" "Phanaeus_igneus"    3   2   2      0.000      0.710      0.355     -0.525      0.333      1.000      -2.00 0.04506618       0.00       0.00       0.00 1.00000000
#  2153 "Canthon_chalcite" "Ateuchus_leconte"   3   2   2      0.000      0.727      0.338     -0.495      0.333      1.000      -2.15 0.03120643       0.00       0.00       0.00 1.00000000
#  2199 "Canthon_imitator" "Phanaeus_difform"   3   3   3      0.000      0.721      0.313     -0.418      0.111      1.000      -2.30 0.02091283       0.00       0.00       0.00 1.00000000
#  2200 "Canthon_imitator" "Canthon_vigilans"   3   3   3      0.000      0.734      0.293     -0.313      0.444      1.000      -2.51 0.01200068       0.00       0.00       0.00 1.00000000
#  2206 "Canthon_imitator" "Glaphyrocanthon_"   3   2   2      0.000      0.790      0.325     -1.018      0.333      1.000      -2.43 0.01496106       0.00       0.00       0.00 1.00000000
#  2209 "Canthon_imitator" "Onthophagus_allu"   3   2   2      0.000      0.737      0.341     -0.615      0.333      1.000      -2.16 0.03039306       0.00       0.00       0.00 1.00000000
#  2217 "Canthon_imitator" "Onthophagus_shae"   3   2   2      0.000      0.727      0.338     -0.495      0.333      1.000      -2.15 0.03120643       0.00       0.00       0.00 1.00000000
#  2277 "Aphodius_granari" "Aphodius_fossor"    3   2   2      0.000      0.717      0.344     -0.480      0.333      1.000      -2.08 0.03712314       0.00       0.00       0.00 1.00000000
#  2282 "Aphodius_granari" "Aphodius_colorad"   3   2   2      0.000      0.773      0.326     -0.827      0.333      1.000      -2.37 0.01749545       0.00       0.00       0.00 1.00000000
#  2283 "Aphodius_granari" "Aphodius_distinc"   3   2   2      0.000      0.687      0.352     -0.333      0.333      1.000      -1.95 0.05088776       0.00       0.00       0.00 1.00000000
#  2285 "Aphodius_granari" "Ataenius_spretul"   3   2   2      0.000      0.743      0.339     -0.661      0.333      1.000      -2.19 0.02824301       0.00       0.00       0.00 1.00000000
#  2293 "Aphodius_granari" "Aphodius_prodrom"   3   2   2      0.000      0.840      0.296     -1.428      0.333      1.000      -2.84 0.00444835       0.00       0.00      -2.05 0.04022976
#  2339 "Phanaeus_difform" "Canthon_vigilans"   3   3   3      0.000      0.734      0.293     -0.313      0.444      1.000      -2.51 0.01200056       0.00       0.00       0.00 1.00000000
#  2345 "Phanaeus_difform" "Glaphyrocanthon_"   3   2   2      0.000      0.747      0.334     -0.632      0.333      1.000      -2.24 0.02497691       0.00       0.00       0.00 1.00000000
#  2348 "Phanaeus_difform" "Onthophagus_allu"   3   2   2      0.000      0.773      0.326     -0.827      0.333      1.000      -2.37 0.01749545       0.00       0.00       0.00 1.00000000
#  2356 "Phanaeus_difform" "Onthophagus_shae"   3   2   2      0.000      0.717      0.344     -0.480      0.333      1.000      -2.08 0.03712302       0.00       0.00       0.00 1.00000000
#  2413 "Canthon_vigilans" "Glaphyrocanthon_"   3   2   2      0.000      0.773      0.316     -0.696      0.333      1.000      -2.45 0.01410359       0.00       0.00       0.00 1.00000000
#  2416 "Canthon_vigilans" "Onthophagus_allu"   3   2   2      0.000      0.710      0.345     -0.436      0.333      1.000      -2.06 0.03944427       0.00       0.00       0.00 1.00000000
#  2424 "Canthon_vigilans" "Onthophagus_shae"   3   2   2      0.000      0.793      0.319     -0.987      0.333      1.000      -2.49 0.01265275       0.00       0.00       0.00 1.00000000
#  2551 "Trox_hamatus"     "Aphodius_rubripe"   3   2   2      0.000      0.803      0.309     -1.004      0.333      1.000      -2.60 0.00924706       0.00       0.00      -1.73 0.08362806
#  2558 "Trox_hamatus"     "Onthophagus_stri"   3   2   2      0.000      0.713      0.340     -0.408      0.333      1.000      -2.10 0.03558570       0.00       0.00       0.00 1.00000000
#  2631 "Euoniticellus_in" "Digitonthophagus"   2   2   2      0.000      0.795      0.338     -1.090      0.250      1.000      -2.35 0.01840025       0.00       0.00       0.00 1.00000000
#  2690 "Boreocanthon_dep" "Aphodius_campest"   2   2   2      0.000      0.765      0.351     -0.867      0.250      1.000      -2.18 0.02920634       0.00       0.00       0.00 1.00000000
#  2691 "Boreocanthon_dep" "Phanaeus_igneus"    2   2   2      0.000      0.795      0.338     -1.090      0.250      1.000      -2.35 0.01840025       0.00       0.00       0.00 1.00000000
#  2693 "Boreocanthon_dep" "Ateuchus_leconte"   2   2   2      0.000      0.805      0.329     -1.128      0.250      1.000      -2.45 0.01417369       0.00       0.00       0.00 1.00000000
#  2740 "Geotrupes_opacus" "Melanocanthon_ni"   2   2   2      0.000      0.817      0.326     -1.279      0.250      1.000      -2.51 0.01185620       0.00       0.00       0.00 1.00000000
#  2811 "Glaphyrocanthon_" "Onthophagus_shae"   2   2   2      0.000      0.835      0.311     -1.393      0.250      1.000      -2.69 0.00703603       0.00       0.00      -1.85 0.06363203
#  2867 "Aphodius_fossor"  "Aphodius_colorad"   2   2   2      0.000      0.815      0.331     -1.299      0.250      1.000      -2.46 0.01356465       0.00       0.00       0.00 1.00000000
#  2868 "Aphodius_fossor"  "Aphodius_distinc"   2   2   2      0.000      0.798      0.333     -1.068      0.250      1.000      -2.40 0.01636821       0.00       0.00       0.00 1.00000000
#  2878 "Aphodius_fossor"  "Aphodius_prodrom"   2   2   2      0.000      0.830      0.322     -1.441      0.250      1.000      -2.58 0.00972539       0.00       0.00      -1.70 0.08795393
#  3051 "Calamosternus_gr" "Chilothorax_dist"   2   2   2      0.000      0.805      0.329     -1.128      0.250      1.000      -2.45 0.01417369       0.00       0.00       0.00 1.00000000
#  3052 "Calamosternus_gr" "Colobopterus_err"   2   2   2      0.000      0.842      0.305     -1.468      0.250      1.000      -2.76 0.00567567       0.00       0.00      -1.95 0.05132932
#  3057 "Calamosternus_gr" "Teuchestes_fosso"   2   2   2      0.000      0.790      0.337     -1.010      0.250      1.000      -2.35 0.01871723       0.00       0.00       0.00 1.00000000
#  3158 "Aphodius_colorad" "Aphodius_distinc"   2   2   2      0.000      0.825      0.321     -1.348      0.250      1.000      -2.57 0.01000267       0.00       0.00      -1.69 0.09046158
#  3168 "Aphodius_colorad" "Aphodius_prodrom"   2   2   2      0.000      0.895      0.260     -2.139      0.250      1.000      -3.44 0.00055826      -3.44       0.00      -2.80 0.00504873
#  3223 "Aphodius_distinc" "Aphodius_prodrom"   2   2   2      0.000      0.820      0.320     -1.255      0.250      1.000      -2.56 0.01026928       0.00       0.00      -1.68 0.09287275
#  3529 "Chilothorax_dist" "Colobopterus_err"   2   2   2      0.000      0.783      0.340     -0.954      0.250      1.000      -2.30 0.02121466       0.00       0.00       0.00 1.00000000
#  3534 "Chilothorax_dist" "Teuchestes_fosso"   2   2   2      0.000      0.858      0.294     -1.629      0.250      1.000      -2.91 0.00346124       0.00       0.00      -2.15 0.03130257
#  3582 "Colobopterus_err" "Teuchestes_fosso"   2   2   2      0.000      0.865      0.288     -1.717      0.250      1.000      -3.00 0.00259840       0.00       0.00      -2.26 0.02349930
#  3626 "Aphodius_campest" "Phanaeus_igneus"    2   2   2      0.000      0.858      0.294     -1.629      0.250      1.000      -2.91 0.00346124       0.00       0.00      -2.15 0.03130257
#  3628 "Aphodius_campest" "Ateuchus_leconte"   2   2   2      0.000      0.808      0.335     -1.233      0.250      1.000      -2.41 0.01573408       0.00       0.00       0.00 1.00000000
#  3674 "Phanaeus_igneus"  "Ateuchus_leconte"   2   2   2      0.000      0.827      0.316     -1.323      0.250      1.000      -2.62 0.00856745       0.00       0.00      -1.76 0.07748182
#  3921 "Dialytes_truncat" "Aphodius_stercor"   1   1   1      0.000      0.960      0.196     -4.839      1.000      1.000      -4.90 0.00000089      -4.90      -4.90      -4.45 0.00000809
#  3941 "Dichotomius_caro" "Aphodius_nigritu"   1   1   1      0.000      0.950      0.218     -4.256      1.000      1.000      -4.36 0.00001228      -4.36      -4.36      -3.85 0.00011104
#  3960 "Dichotomius_caro" "Aphodius_rusicol"   1   1   1      0.000      0.960      0.196     -4.839      1.000      1.000      -4.90 0.00000089      -4.90      -4.90      -4.45 0.00000809
#  4015 "Didactylia_knaus" "Geotrupes_blackb"   1   1   1      0.000      0.950      0.218     -4.256      1.000      1.000      -4.36 0.00001228      -4.36      -4.36      -3.85 0.00011104
#  4058 "Agoliinus_leopar" "Blackburneus_len"   1   1   1      0.000      0.950      0.218     -4.256      1.000      1.000      -4.36 0.00001228      -4.36      -4.36      -3.85 0.00011104
#  4084 "Agoliinus_leopar" "Sphaeridium_luna"   1   1   1      0.000      0.960      0.196     -4.839      1.000      1.000      -4.90 0.00000089      -4.90      -4.90      -4.45 0.00000809
#  4090 "Aphodius_lutulen" "Geotrupes_opaca"    1   1   1      0.000      0.950      0.218     -4.256      1.000      1.000      -4.36 0.00001228      -4.36      -4.36      -3.85 0.00011104
#  4099 "Aphodius_lutulen" "Aphodius_platens"   1   1   1      0.000      0.960      0.196     -4.839      1.000      1.000      -4.90 0.00000089      -4.90      -4.90      -4.45 0.00000809
#  4108 "Aphodius_lutulen" "Aphodius_kirni"     1   1   1      0.000      0.960      0.196     -4.839      1.000      1.000      -4.90 0.00000089      -4.90      -4.90      -4.45 0.00000809
#  4114 "Aphodius_lutulen" "Aphodius_tenuist"   1   1   1      0.000      0.960      0.196     -4.839      1.000      1.000      -4.90 0.00000089      -4.90      -4.90      -4.45 0.00000809
#  4125 "Geotrupes_blackb" "Geotrupes_opaca"    1   1   1      0.000      0.960      0.196     -4.839      1.000      1.000      -4.90 0.00000089      -4.90      -4.90      -4.45 0.00000809
#  4149 "Geotrupes_blackb" "Aphodius_tenuist"   1   1   1      0.000      0.950      0.218     -4.256      1.000      1.000      -4.36 0.00001228      -4.36      -4.36      -3.85 0.00011104
#  4306 "Geotrupes_splend" "Aphodius_stercor"   1   1   1      0.000      0.960      0.196     -4.839      1.000      1.000      -4.90 0.00000089      -4.90      -4.90      -4.45 0.00000809
#  4345 "Blackburneus_len" "Sphaeridium_scar"   1   1   1      0.000      0.950      0.218     -4.256      1.000      1.000      -4.36 0.00001228      -4.36      -4.36      -3.85 0.00011104
#  4359 "Aphodius_pinguel" "Aphodius_iowaens"   1   1   1      0.000      0.960      0.196     -4.839      1.000      1.000      -4.90 0.00000089      -4.90      -4.90      -4.45 0.00000809
#  4412 "Aphodius_pinguis" "Aphodius_iowaens"   1   1   1      0.000      0.950      0.218     -4.256      1.000      1.000      -4.36 0.00001228      -4.36      -4.36      -3.85 0.00011104
#  4596 "Canthon_humectus" "Copris_moechus"     1   1   1      0.000      0.970      0.171     -5.680      1.000      1.000      -5.69 0.00000000      -5.69      -5.69      -5.69 0.00000000
#  4614 "Agoliinus_manito" "Sphaeridium_luna"   1   1   1      0.000      0.970      0.171     -5.680      1.000      1.000      -5.69 0.00000000      -5.69      -5.69      -5.69 0.00000000
 
> Name               SP   CL+   CL-   BM+   BM-   BC+   BC-   BY+   BY-       NR   CL+   CL+
> NW_Scarabs.txt   4753     4   135     4    20     4    18     3    33   475300 23765 28518
 
& File           Speci   Individ     BRInd       BRZ Cscoreind   CscoreZ Soeren.In  Soeren.Z    AbsInd      AbsZ CheckerIn  CheckerZ   CombInd     CombZ   CorrInd     CorrZ    SchInd      SchZ
& NW_Scarabs.txt    98    227.00    0.6123   -1.2168    0.0184    2.7171    0.0003    0.0179   -0.0004   -0.7612    0.0530   12.5197    0.7346    5.5089   -0.1414   -2.2755    0.0000    0.0000
 
%          Observed numbers                                          Expected numbers
% Class    Pairs   CL+   CL-   BM+   BM-   BC+   BC-   BY+   BY-       NR   CL+   CL-
% 0.000      740     0   131     0    19     0    18     0    33    64004  3232  3848
% 0.025        0     0     0     0     0     0     0     0     0       41     0     1
% 0.075        2     0     0     0     0     0     0     0     0      142     6    11
% 0.125       25     0     4     0     1     0     0     0     0     2006   108   116
% 0.175       17     0     0     0     0     0     0     0     0     1333    63    84
% 0.225       37     0     0     0     0     0     0     0     0     3896   167   236
% 0.275       36     0     0     0     0     0     0     0     0     8740   452   507
% 0.325       50     0     0     0     0     0     0     0     0    15297   772   927
% 0.375       18     0     0     0     0     0     0     0     0     3808   184   224
% 0.425       92     0     0     0     0     0     0     0     0    17477   857  1064
% 0.475       18     0     0     0     0     0     0     0     0     2150    99   132
% 0.525       69     0     0     0     0     0     0     0     0     8686   446   521
% 0.575       16     0     0     0     0     0     0     0     0     1872    99   113
% 0.625       18     0     0     0     0     0     0     0     0     2598   131   151
% 0.675        5     0     0     0     0     0     0     0     0      442    24    18
% 0.725        0     0     0     0     0     0     0     0     0       13     0     2
% 0.775        0     0     0     0     0     0     0     0     0        0     0     0
% 0.825        0     0     0     0     0     0     0     0     0        0     0     0
% 0.875        0     0     0     0     0     0     0     0     0        0     0     0
% 0.925        0     0     0     0     0     0     0     0     0        0     0     0
% 0.975        0     0     0     0     0     0     0     0     0        0     0     0
% 1.000     3610     4     0     4     0     4     0     3     0   342795 17125 20563
