<  File:  SBBats.txt     Species:  107 Sites:   37 MatFill: 0.15 Occ:    583 5.000% Confidence limit  Index: c Model: fixed - fixed                      
 
#    No             Sp1                Sp2     S1  S2 Com  Obs.Score  Exp.Score  Exp.StDev   Skewness    LowerCL    UpperCL SigZ-Score      Alpha >MeanScore   >CLScore   >BJScore      Alpha
#    23 "Artibeus_lituratu "Eptesicus_furinal  33   7   5      0.242      0.050      0.063      0.746      0.000      0.117       3.05 0.00220674       0.00       0.00       2.31 0.02034690
#    38 "Artibeus_lituratu "Sturnira_oporaphi  33   4   2      0.470      0.053      0.107      1.974      0.000      0.227       3.90 0.00009251       0.00       0.00       3.32 0.00085294
#    43 "Artibeus_lituratu "Promops_nasutus"   33   4   2      0.470      0.043      0.089      1.629      0.000      0.227       4.78 0.00000161       0.00       0.00       4.32 0.00001484
#    46 "Artibeus_lituratu "Sturnira_erythrom  33   3   1      0.646      0.047      0.112      2.021      0.000      0.313       5.36 0.00000012       0.00       0.00       4.87 0.00000110
#    73 "Artibeus_lituratu "Histiotus_macrotu  33   2   0      1.000      0.068      0.168      2.139      0.000      0.485       5.54 0.00000006       5.54       5.54       5.00 0.00000055
#   113 "Carollia_perspici "Anoura_caudifer"   30  17  17      0.000      0.089      0.044      0.587      0.027      0.176      -2.00 0.04474616       0.00       0.00       0.00 1.00000000
#   136 "Carollia_perspici "Molossus_rufus"    30   5   2      0.560      0.121      0.124      1.062      0.000      0.360       3.54 0.00037980       0.00       0.00       2.91 0.00350189
#   148 "Carollia_perspici "Promops_nasutus"   30   4   1      0.725      0.139      0.161      1.250      0.000      0.467       3.64 0.00026387       0.00       0.00       3.02 0.00243297
#   178 "Carollia_perspici "Histiotus_macrotu  30   2   0      1.000      0.111      0.216      1.713      0.000      0.483       4.11 0.00003654       4.11       4.11       3.57 0.00033689
#   182 "Carollia_perspici "Tadarida_brasilie  30   2   0      1.000      0.121      0.233      1.803      0.000      0.483       3.77 0.00015479       3.77       3.77       3.18 0.00142725
#   447 "Platyrrhinus_line "Carollia_brevicau  23   5   1      0.765      0.245      0.180      0.513      0.000      0.548       2.90 0.00368345       0.00       0.00       2.12 0.03396261
#   449 "Platyrrhinus_line "Vampyrodes_caracc  23   5   1      0.765      0.241      0.181      0.885      0.000      0.548       2.89 0.00372005       0.00       0.00       2.11 0.03430005
#   452 "Platyrrhinus_line "Sturnira_oporaphi  23   4   0      1.000      0.249      0.214      1.008      0.000      0.717       3.51 0.00043005       3.51       3.51       2.87 0.00396518
#   460 "Platyrrhinus_line "Sturnira_erythrom  23   3   0      1.000      0.252      0.227      0.398      0.000      0.638       3.30 0.00093824       3.30       0.00       2.62 0.00865085
#   467 "Platyrrhinus_line "Carollia_benkeith  23   3   0      1.000      0.236      0.224      0.483      0.000      0.638       3.41 0.00061762       3.41       3.41       2.76 0.00569469
#   526 "Glossophaga_soric "Artibeus_planiros  22  12  11      0.042      0.228      0.088      0.537      0.091      0.451      -2.12 0.03379112      -2.12       0.00       0.00 1.00000000
#   645 "Myotis_nigricans" "Diphylla_ecaudata  20   6   1      0.792      0.289      0.175      0.570      0.000      0.600       2.86 0.00407481       0.00       0.00       2.08 0.03757111
#   653 "Myotis_nigricans" "Sturnira_oporaphi  20   4   0      1.000      0.315      0.194      0.161      0.000      0.712       3.52 0.00040531       3.52       0.00       2.89 0.00373711
#   668 "Myotis_nigricans" "Carollia_benkeith  20   3   0      1.000      0.303      0.244      0.488      0.000      0.633       2.86 0.00415242       2.86       0.00       2.07 0.03828666
#   722 "Artibeus_fimbriat "Anoura_caudifer"   17  17   5      0.498      0.238      0.087      0.512      0.087      0.419       3.01 0.00256568       0.00       0.00       2.26 0.02365644
#   731 "Artibeus_fimbriat "Platyrrhinus_reci  17   9   9      0.000      0.321      0.129      0.307      0.059      0.549      -2.48 0.01274347       0.00       0.00       0.00 1.00000000
#   748 "Artibeus_fimbriat "Platyrrhinus_hell  17   5   0      1.000      0.346      0.197      0.114      0.000      0.753       3.33 0.00084388       3.33       0.00       2.65 0.00778088
#   752 "Artibeus_fimbriat "Sturnira_oporaphi  17   4   0      1.000      0.402      0.224     -0.005      0.000      0.706       2.67 0.00751460       0.00       0.00       0.00 1.00000000
#   760 "Artibeus_fimbriat "Sturnira_erythrom  17   3   0      1.000      0.390      0.232      0.059      0.000      0.627       2.63 0.00847834       0.00       0.00       0.00 1.00000000
#   827 "Anoura_caudifer"  "Artibeus_jamaicen  17  10   2      0.706      0.328      0.128      0.421      0.106      0.576       2.94 0.00318289       0.00       0.00       2.17 0.02934728
#   834 "Anoura_caudifer"  "Lasiurus_blossevi  17   8   1      0.824      0.351      0.181      0.497      0.074      0.662       2.62 0.00870419       0.00       0.00       0.00 1.00000000
#   932 "Phyllostomus_hast "Eptesicus_furinal  14   7   1      0.796      0.414      0.146     -0.017      0.184      0.612       2.61 0.00882810       0.00       0.00       0.00 1.00000000
#   939 "Phyllostomus_hast "Diphylla_ecaudata  14   6   6      0.000      0.422      0.185      0.377      0.107      0.774      -2.28 0.02212077       0.00       0.00       0.00 1.00000000
#  1028 "Artibeus_obscurus "Eptesicus_furinal  13   7   0      1.000      0.423      0.184      0.186      0.077      0.791       3.14 0.00163871       0.00       0.00       2.42 0.01510945
#  1046 "Artibeus_obscurus "Uroderma_bilobatu  13   4   4      0.000      0.520      0.251      0.279      0.192      1.000      -2.07 0.03774822       0.00       0.00       0.00 1.00000000
#  1115 "Artibeus_planiros "Artibeus_jamaicen  12  10   0      1.000      0.421      0.151      0.265      0.125      0.667       3.84 0.00011623       0.00       0.00       3.26 0.00107167
#  1124 "Artibeus_planiros "Chiroderma_doriae  12   7   6      0.071      0.451      0.191      0.551      0.167      0.786      -1.98 0.04688829       0.00       0.00       0.00 1.00000000
#  1208 "Molossus_molossus "Chrotopterus_auri  12  11   0      1.000      0.379      0.138      0.682      0.152      0.682       4.49 0.00000668       4.49       0.00       3.99 0.00006155
#  1212 "Molossus_molossus "Lasiurus_ega"      12   9   7      0.093      0.439      0.164      0.462      0.167      0.815      -2.11 0.03440279       0.00       0.00       0.00 1.00000000
#  1213 "Molossus_molossus "Vampyressa_pusill  12   9   1      0.815      0.388      0.138      0.666      0.167      0.648       3.09 0.00194919       0.00       0.00       2.36 0.01797219
#  1219 "Molossus_molossus "Noctilio_leporinu  12   7   6      0.071      0.438      0.165      0.153      0.167      0.786      -2.22 0.02621883       0.00       0.00       0.00 1.00000000
#  1225 "Molossus_molossus "Molossus_rufus"    12   5   5      0.000      0.500      0.227      0.142      0.133      1.000      -2.20 0.02763075       0.00       0.00       0.00 1.00000000
#  1315 "Micronycteris_meg "Artibeus_cinereus  11   6   0      1.000      0.502      0.191      0.323      0.212      0.758       2.61 0.00890887       0.00       0.00       0.00 1.00000000
#  1404 "Chrotopterus_auri "Noctilio_leporinu  11   7   0      1.000      0.443      0.194      0.500      0.156      0.779       2.88 0.00388885       0.00       0.00       2.09 0.03585644
#  1491 "Artibeus_jamaicen "Myotis_riparius"   10   8   0      1.000      0.476      0.170      0.160      0.188      0.788       3.07 0.00205433       0.00       0.00       2.34 0.01894164
#  1503 "Artibeus_jamaicen "Carollia_brevicau  10   5   5      0.000      0.538      0.199      0.405      0.280      1.000      -2.71 0.00660819       0.00       0.00       0.00 1.00000000
#  1507 "Artibeus_jamaicen "Lophostoma_silvic  10   4   4      0.000      0.532      0.242      0.182      0.175      1.000      -2.20 0.02763975       0.00       0.00       0.00 1.00000000
#  1580 "Chiroderma_villos "Pygoderma_bilabia   9   8   0      1.000      0.483      0.190     -0.030      0.167      0.778       2.72 0.00629008       0.00       0.00       0.00 1.00000000
#  1677 "Platyrrhinus_reci "Artibeus_cinereus   9   6   4      0.185      0.555      0.178      0.216      0.333      1.000      -2.08 0.03711468       0.00       0.00       0.00 1.00000000
#  2020 "Myotis_riparius"  "Noctilio_leporinu   8   7   5      0.107      0.525      0.185      0.397      0.214      1.000      -2.26 0.02350777       0.00       0.00       0.00 1.00000000
#  2543 "Anoura_geoffroyi" "Mesophylla_maccon   7   2   2      0.000      0.756      0.290     -0.431      0.429      1.000      -2.60 0.00902075       0.00       0.00       0.00 1.00000000
#  2562 "Anoura_geoffroyi" "Diaemus_youngi"     7   2   2      0.000      0.791      0.290     -0.834      0.429      1.000      -2.73 0.00624996       0.00       0.00       0.00 1.00000000
#  2591 "Artibeus_cinereus "Trachops_cirrhosu   6   6   4      0.111      0.607      0.206      0.202      0.250      1.000      -2.40 0.01611179       0.00       0.00       0.00 1.00000000
#  2612 "Artibeus_cinereus "Lophostoma_brasil   6   3   3      0.000      0.686      0.305     -0.300      0.222      1.000      -2.25 0.02436483       0.00       0.00       0.00 1.00000000
#  2645 "Artibeus_cinereus "Lonchophylla_mord   6   2   2      0.000      0.729      0.305     -0.362      0.417      1.000      -2.39 0.01653433       0.00       0.00       0.00 1.00000000
#  2697 "Trachops_cirrhosu "Phylloderma_steno   6   2   2      0.000      0.735      0.304     -0.404      0.417      1.000      -2.41 0.01552957       0.00       0.00       0.00 1.00000000
#  2710 "Trachops_cirrhosu "Saccopteryx_bilin   6   2   2      0.000      0.723      0.305     -0.320      0.417      1.000      -2.37 0.01755089       0.00       0.00       0.00 1.00000000
#  2838 "Molossus_rufus"   "Nyctinomops_latic   5   3   3      0.000      0.763      0.275     -0.569      0.200      1.000      -2.77 0.00541461       0.00       0.00      -1.96 0.04992445
#  2867 "Molossus_rufus"   "Tadarida_brasilie   5   2   2      0.000      0.758      0.308     -0.603      0.400      1.000      -2.46 0.01351249       0.00       0.00       0.00 1.00000000
#  2868 "Molossus_rufus"   "Diaemus_youngi"     5   2   2      0.000      0.752      0.309     -0.558      0.400      1.000      -2.44 0.01461464       0.00       0.00       0.00 1.00000000
#  2972 "Carollia_brevicau "Vampyrodes_caracc   5   5   4      0.040      0.660      0.263      0.014      0.160      1.000      -2.35 0.01840818      -2.35      -2.35       0.00 1.00000000
#  2974 "Carollia_brevicau "Lophostoma_silvic   5   4   4      0.000      0.711      0.261     -0.262      0.300      1.000      -2.72 0.00639677       0.00       0.00       0.00 1.00000000
#  2978 "Carollia_brevicau "Uroderma_bilobatu   5   4   4      0.000      0.725      0.258     -0.329      0.300      1.000      -2.81 0.00479758       0.00       0.00      -2.01 0.04423526
#  2981 "Carollia_brevicau "Choeroniscus_mino   5   3   3      0.000      0.711      0.259     -0.100      0.200      1.000      -2.74 0.00601202       0.00       0.00       0.00 1.00000000
#  2990 "Carollia_brevicau "Carollia_benkeith   5   3   3      0.000      0.751      0.265     -0.369      0.200      1.000      -2.84 0.00445408       0.00       0.00      -2.04 0.04106806
#  2992 "Carollia_brevicau "Enchisthenes_hart   5   2   2      0.000      0.746      0.310     -0.513      0.400      1.000      -2.41 0.01574588       0.00       0.00       0.00 1.00000000
#  2993 "Carollia_brevicau "Artibeus_gnomus"    5   2   2      0.000      0.758      0.308     -0.603      0.400      1.000      -2.46 0.01351255       0.00       0.00       0.00 1.00000000
#  2997 "Carollia_brevicau "Micronycteris_hir   5   2   2      0.000      0.764      0.306     -0.649      0.400      1.000      -2.49 0.01244271       0.00       0.00       0.00 1.00000000
#  2999 "Carollia_brevicau "Artibeus_andersen   5   2   2      0.000      0.812      0.292     -1.058      0.400      1.000      -2.78 0.00533879       0.00       0.00      -1.96 0.04922539
#  3006 "Carollia_brevicau "Rhinophylla_pumil   5   2   2      0.000      0.792      0.292     -0.779      0.400      1.000      -2.71 0.00661391       0.00       0.00       0.00 1.00000000
#  3018 "Carollia_brevicau "Chiroderma_trinit   5   2   2      0.000      0.812      0.292     -1.058      0.400      1.000      -2.78 0.00533885       0.00       0.00      -1.96 0.04922594
#  3051 "Platyrrhinus_hell "Molossops_temminc   5   4   3      0.100      0.685      0.278     -0.124      0.300      1.000      -2.10 0.03526318       0.00       0.00       0.00 1.00000000
#  3118 "Vampyrodes_caracc "Sturnira_oporaphi   5   4   3      0.100      0.722      0.264     -0.289      0.300      1.000      -2.35 0.01839656      -2.35       0.00       0.00 1.00000000
#  3133 "Vampyrodes_caracc "Carollia_benkeith   5   3   3      0.000      0.751      0.265     -0.369      0.200      1.000      -2.84 0.00445408       0.00       0.00      -2.04 0.04106806
#  3135 "Vampyrodes_caracc "Enchisthenes_hart   5   2   2      0.000      0.680      0.312     -0.052      0.400      1.000      -2.18 0.02920574       0.00       0.00       0.00 1.00000000
#  3141 "Vampyrodes_caracc "Platyrrhinus_brac   5   2   2      0.000      0.820      0.275     -0.900      0.400      1.000      -2.98 0.00277317       0.00       0.00      -2.23 0.02556951
#  3143 "Vampyrodes_caracc "Platyrrhinus_infu   5   2   2      0.000      0.824      0.287     -1.175      0.400      1.000      -2.87 0.00403517       0.00       0.00      -2.08 0.03720565
#  3155 "Vampyrodes_caracc "Chiroderma_salvin   5   2   2      0.000      0.764      0.306     -0.649      0.400      1.000      -2.49 0.01244283       0.00       0.00       0.00 1.00000000
#  3161 "Vampyrodes_caracc "Chiroderma_trinit   5   2   2      0.000      0.798      0.291     -0.830      0.400      1.000      -2.75 0.00587219       0.00       0.00       0.00 1.00000000
#  3260 "Lophostoma_silvic "Uroderma_bilobatu   4   4   4      0.000      0.729      0.279     -0.357      0.250      1.000      -2.61 0.00884801       0.00       0.00       0.00 1.00000000
#  3279 "Lophostoma_silvic "Micronycteris_hir   4   2   2      0.000      0.786      0.309     -0.865      0.375      1.000      -2.55 0.01070935       0.00       0.00       0.00 1.00000000
#  3280 "Lophostoma_silvic "Platyrrhinus_brac   4   2   2      0.000      0.786      0.309     -0.865      0.375      1.000      -2.55 0.01070935       0.00       0.00       0.00 1.00000000
#  3282 "Lophostoma_silvic "Platyrrhinus_infu   4   2   2      0.000      0.769      0.302     -0.555      0.375      1.000      -2.55 0.01064450       0.00       0.00       0.00 1.00000000
#  3284 "Lophostoma_silvic "Artibeus_glaucus"   4   2   2      0.000      0.793      0.307     -0.918      0.375      1.000      -2.58 0.00960213       0.00       0.00       0.00 1.00000000
#  3288 "Lophostoma_silvic "Rhinophylla_pumil   4   2   2      0.000      0.825      0.281     -1.010      0.375      1.000      -2.94 0.00318694       0.00       0.00      -2.17 0.02938465
#  3290 "Lophostoma_silvic "Saccopteryx_bilin   4   2   2      0.000      0.771      0.307     -0.665      0.375      1.000      -2.51 0.01184970       0.00       0.00       0.00 1.00000000
#  3294 "Lophostoma_silvic "Chiroderma_salvin   4   2   2      0.000      0.790      0.301     -0.812      0.375      1.000      -2.62 0.00860620       0.00       0.00       0.00 1.00000000
#  3302 "Lophostoma_silvic "Lonchophylla_mord   4   2   2      0.000      0.794      0.294     -0.745      0.375      1.000      -2.70 0.00675845       0.00       0.00       0.00 1.00000000
#  3333 "Sturnira_oporaphi "Sturnira_erythrom   4   3   3      0.000      0.760      0.266     -0.348      0.167      1.000      -2.86 0.00415313       0.00       0.00      -2.07 0.03829325
#  3340 "Sturnira_oporaphi "Carollia_benkeith   4   3   3      0.000      0.770      0.281     -0.616      0.167      1.000      -2.74 0.00593227       0.00       0.00       0.00 1.00000000
#  3342 "Sturnira_oporaphi "Enchisthenes_hart   4   2   2      0.000      0.831      0.277     -1.068      0.375      1.000      -3.00 0.00265265       0.00       0.00      -2.25 0.02445826
#  3357 "Sturnira_oporaphi "Rhogeessa_io"       4   2   2      0.000      0.815      0.292     -1.027      0.375      1.000      -2.79 0.00509107       0.00       0.00      -1.98 0.04694136
#  3367 "Sturnira_oporaphi "Myotis_keaysi"      4   2   2      0.000      0.803      0.297     -0.917      0.375      1.000      -2.70 0.00672692       0.00       0.00       0.00 1.00000000
#  3368 "Sturnira_oporaphi "Chiroderma_trinit   4   2   2      0.000      0.738      0.308     -0.334      0.375      1.000      -2.39 0.01656342       0.00       0.00       0.00 1.00000000
#  3410 "Eptesicus_brasili "Artibeus_gnomus"    4   2   2      0.000      0.796      0.299     -0.864      0.375      1.000      -2.66 0.00763685       0.00       0.00       0.00 1.00000000
#  3414 "Eptesicus_brasili "Micronycteris_hir   4   2   2      0.000      0.827      0.286     -1.146      0.375      1.000      -2.89 0.00370669       0.00       0.00      -2.11 0.03417694
#  3423 "Eptesicus_brasili "Rhinophylla_pumil   4   2   2      0.000      0.740      0.314     -0.437      0.375      1.000      -2.36 0.01821268       0.00       0.00       0.00 1.00000000
#  3425 "Eptesicus_brasili "Saccopteryx_bilin   4   2   2      0.000      0.780      0.311     -0.814      0.375      1.000      -2.51 0.01187342       0.00       0.00       0.00 1.00000000
#  3437 "Eptesicus_brasili "Lonchophylla_mord   4   2   2      0.000      0.805      0.302     -1.027      0.375      1.000      -2.66 0.00756741       0.00       0.00       0.00 1.00000000
#  3540 "Uroderma_bilobatu "Enchisthenes_hart   4   2   2      0.000      0.790      0.301     -0.812      0.375      1.000      -2.62 0.00860620       0.00       0.00       0.00 1.00000000
#  3546 "Uroderma_bilobatu "Platyrrhinus_brac   4   2   2      0.000      0.817      0.297     -1.143      0.375      1.000      -2.75 0.00578445       0.00       0.00       0.00 1.00000000
#  3548 "Uroderma_bilobatu "Platyrrhinus_infu   4   2   2      0.000      0.796      0.299     -0.864      0.375      1.000      -2.66 0.00763685       0.00       0.00       0.00 1.00000000
#  3554 "Uroderma_bilobatu "Rhinophylla_pumil   4   2   2      0.000      0.827      0.286     -1.146      0.375      1.000      -2.89 0.00370669       0.00       0.00      -2.11 0.03417694
#  3556 "Uroderma_bilobatu "Saccopteryx_bilin   4   2   2      0.000      0.834      0.283     -1.208      0.375      1.000      -2.95 0.00310934       0.00       0.00      -2.18 0.02866911
#  3560 "Uroderma_bilobatu "Chiroderma_salvin   4   2   2      0.000      0.824      0.294     -1.204      0.375      1.000      -2.80 0.00499064       0.00       0.00      -1.99 0.04601533
#  3689 "Promops_nasutus"  "Tadarida_brasilie   4   2   2      0.000      0.767      0.314     -0.716      0.375      1.000      -2.44 0.01436144       0.00       0.00       0.00 1.00000000
#  3720 "Choeroniscus_mino "Sturnira_erythrom   3   3   2      0.111      0.791      0.275     -0.618      0.444      1.000      -2.48 0.01303506      -2.48       0.00       0.00 1.00000000
#  3727 "Choeroniscus_mino "Carollia_benkeith   3   3   2      0.111      0.827      0.269     -1.027      0.444      1.000      -2.66 0.00756776      -2.66       0.00       0.00 1.00000000
#  3750 "Choeroniscus_mino "Sturnira_tildae"    3   2   2      0.000      0.837      0.292     -1.313      0.333      1.000      -2.86 0.00411373       0.00       0.00      -2.07 0.03792999
#  3791 "Micronycteris_sch "Artibeus_gnomus"    3   2   2      0.000      0.893      0.244     -1.912      0.333      1.000      -3.66 0.00024450      -3.66       0.00      -3.04 0.00225435
#  3795 "Micronycteris_sch "Micronycteris_hir   3   2   2      0.000      0.853      0.276     -1.393      0.333      1.000      -3.09 0.00193441      -3.09       0.00      -2.36 0.01783589
#  3804 "Micronycteris_sch "Rhinophylla_pumil   3   2   2      0.000      0.867      0.267     -1.546      0.333      1.000      -3.25 0.00110990      -3.25       0.00      -2.56 0.01023363
#  3806 "Micronycteris_sch "Saccopteryx_bilin   3   2   2      0.000      0.817      0.303     -1.120      0.333      1.000      -2.69 0.00691640       0.00       0.00       0.00 1.00000000
#  3818 "Micronycteris_sch "Lonchophylla_mord   3   2   2      0.000      0.770      0.322     -0.740      0.333      1.000      -2.39 0.01658386       0.00       0.00       0.00 1.00000000
#  3848 "Sturnira_erythrom "Carollia_benkeith   3   3   2      0.111      0.830      0.262     -0.971      0.444      1.000      -2.75 0.00587821      -2.75      -2.75       0.00 1.00000000
#  3876 "Sturnira_erythrom "Chiroderma_trinit   3   2   2      0.000      0.770      0.322     -0.740      0.333      1.000      -2.39 0.01658374       0.00       0.00       0.00 1.00000000
#  3969 "Nyctinomops_latic "Nyctinomops_macro   3   2   2      0.000      0.793      0.308     -0.847      0.333      1.000      -2.57 0.00988787       0.00       0.00       0.00 1.00000000
#  3989 "Nyctinomops_latic "Tadarida_brasilie   3   2   2      0.000      0.847      0.281     -1.323      0.333      1.000      -3.02 0.00246531       0.00       0.00      -2.27 0.02273095
#  4019 "Mimon_crenulatum" "Lophostoma_brasil   3   3   2      0.111      0.777      0.283     -0.576      0.444      1.000      -2.35 0.01844913      -2.35       0.00       0.00 1.00000000
#  4081 "Lophostoma_brasil "Artibeus_gnomus"    3   2   2      0.000      0.850      0.284     -1.456      0.333      1.000      -2.99 0.00270665      -2.99       0.00      -2.24 0.02495618
#  4094 "Lophostoma_brasil "Rhinophylla_pumil   3   2   2      0.000      0.843      0.289     -1.383      0.333      1.000      -2.92 0.00336492       0.00       0.00      -2.15 0.03102568
#  4096 "Lophostoma_brasil "Saccopteryx_bilin   3   2   2      0.000      0.813      0.299     -1.010      0.333      1.000      -2.72 0.00643247       0.00       0.00       0.00 1.00000000
#  4108 "Lophostoma_brasil "Lonchophylla_mord   3   2   2      0.000      0.827      0.304     -1.289      0.333      1.000      -2.72 0.00632238       0.00       0.00       0.00 1.00000000
#  4242 "Carollia_benkeith "Enchisthenes_hart   3   2   2      0.000      0.827      0.304     -1.289      0.333      1.000      -2.72 0.00632238       0.00       0.00       0.00 1.00000000
#  4248 "Carollia_benkeith "Platyrrhinus_brac   3   2   2      0.000      0.850      0.284     -1.456      0.333      1.000      -2.99 0.00270665      -2.99       0.00      -2.24 0.02495618
#  4249 "Carollia_benkeith "Artibeus_andersen   3   2   2      0.000      0.860      0.272     -1.468      0.333      1.000      -3.17 0.00148416      -3.17       0.00      -2.46 0.01368441
#  4250 "Carollia_benkeith "Platyrrhinus_infu   3   2   2      0.000      0.880      0.256     -1.717      0.333      1.000      -3.44 0.00056517      -3.44       0.00      -2.79 0.00521107
#  4252 "Carollia_benkeith "Artibeus_glaucus"   3   2   2      0.000      0.867      0.267     -1.546      0.333      1.000      -3.25 0.00110984      -3.25       0.00      -2.56 0.01023308
#  4257 "Carollia_benkeith "Rhogeessa_io"       3   2   2      0.000      0.850      0.284     -1.456      0.333      1.000      -2.99 0.00270665      -2.99       0.00      -2.24 0.02495618
#  4261 "Carollia_benkeith "Sturnira_magna"     3   2   2      0.000      0.860      0.272     -1.468      0.333      1.000      -3.17 0.00148416      -3.17       0.00      -2.46 0.01368441
#  4262 "Carollia_benkeith "Chiroderma_salvin   3   2   2      0.000      0.827      0.292     -1.128      0.333      1.000      -2.83 0.00457633       0.00       0.00      -2.03 0.04219523
#  4267 "Carollia_benkeith "Myotis_keaysi"      3   2   2      0.000      0.817      0.303     -1.120      0.333      1.000      -2.69 0.00691640       0.00       0.00       0.00 1.00000000
#  4268 "Carollia_benkeith "Chiroderma_trinit   3   2   2      0.000      0.837      0.292     -1.313      0.333      1.000      -2.86 0.00411373       0.00       0.00      -2.07 0.03792999
#  4351 "Enchisthenes_hart "Platyrrhinus_brac   2   2   2      0.000      0.885      0.275     -2.060      0.250      1.000      -3.22 0.00123256      -3.22       0.00      -2.52 0.01136465
#  4353 "Enchisthenes_hart "Platyrrhinus_infu   2   2   2      0.000      0.850      0.300     -1.546      0.250      1.000      -2.83 0.00448513       0.00       0.00      -2.04 0.04135438
#  4355 "Enchisthenes_hart "Artibeus_glaucus"   2   2   2      0.000      0.902      0.252     -2.268      0.250      1.000      -3.58 0.00032985      -3.58      -3.58      -2.95 0.00304135
#  4365 "Enchisthenes_hart "Chiroderma_salvin   2   2   2      0.000      0.887      0.268     -2.021      0.250      1.000      -3.31 0.00088292      -3.31       0.00      -2.64 0.00814085
#  4400 "Artibeus_gnomus"  "Micronycteris_hir   2   2   2      0.000      0.885      0.275     -2.060      0.250      1.000      -3.22 0.00123256      -3.22       0.00      -2.52 0.01136465
#  4409 "Artibeus_gnomus"  "Rhinophylla_pumil   2   2   2      0.000      0.910      0.244     -2.411      0.250      1.000      -3.73 0.00017911      -3.73      -3.73      -3.14 0.00165147
#  4411 "Artibeus_gnomus"  "Saccopteryx_bilin   2   2   2      0.000      0.825      0.321     -1.348      0.250      1.000      -2.57 0.01000267       0.00       0.00       0.00 1.00000000
#  4423 "Artibeus_gnomus"  "Lonchophylla_mord   2   2   2      0.000      0.915      0.243     -2.625      0.250      1.000      -3.77 0.00015724      -3.77      -3.77      -3.17 0.00144978
#  4441 "Artibeus_gnomus"  "Trinycteris_nicef   2   1   1      0.000      0.990      0.099    -10.152      1.000      1.000      -9.95 0.00000000      -9.95      -9.95      -9.95 0.00000000
#  4599 "Micronycteris_hir "Rhinophylla_pumil   2   2   2      0.000      0.858      0.294     -1.629      0.250      1.000      -2.91 0.00346124      -2.91       0.00      -2.14 0.03191379
#  4601 "Micronycteris_hir "Saccopteryx_bilin   2   2   2      0.000      0.902      0.252     -2.268      0.250      1.000      -3.58 0.00032985      -3.58      -3.58      -2.95 0.00304135
#  4613 "Micronycteris_hir "Lonchophylla_mord   2   2   2      0.000      0.868      0.295     -1.871      0.250      1.000      -2.94 0.00314265      -2.94       0.00      -2.18 0.02897632
#  4638 "Platyrrhinus_brac "Platyrrhinus_infu   2   2   2      0.000      0.877      0.282     -1.949      0.250      1.000      -3.11 0.00177765      -3.11       0.00      -2.39 0.01639051
#  4640 "Platyrrhinus_brac "Artibeus_glaucus"   2   2   2      0.000      0.882      0.282     -2.088      0.250      1.000      -3.13 0.00166708      -3.13       0.00      -2.42 0.01537105
#  4650 "Platyrrhinus_brac "Chiroderma_salvin   2   2   2      0.000      0.918      0.235     -2.569      0.250      1.000      -3.91 0.00008738      -3.91      -3.91      -3.34 0.00080568
#  4693 "Artibeus_andersen "Sturnira_magna"     2   2   2      0.000      0.817      0.326     -1.279      0.250      1.000      -2.51 0.01185620       0.00       0.00       0.00 1.00000000
#  4699 "Artibeus_andersen "Myotis_keaysi"      2   2   2      0.000      0.842      0.305     -1.468      0.250      1.000      -2.76 0.00567567       0.00       0.00       0.00 1.00000000
#  4727 "Platyrrhinus_infu "Artibeus_glaucus"   2   2   2      0.000      0.892      0.268     -2.181      0.250      1.000      -3.34 0.00081491      -3.34       0.00      -2.67 0.00751378
#  4737 "Platyrrhinus_infu "Chiroderma_salvin   2   2   2      0.000      0.902      0.252     -2.268      0.250      1.000      -3.58 0.00032985      -3.58      -3.58      -2.95 0.00304135
#  4820 "Artibeus_glaucus" "Chiroderma_salvin   2   2   2      0.000      0.915      0.243     -2.625      0.250      1.000      -3.77 0.00015724      -3.77      -3.77      -3.17 0.00144978
#  4970 "Rhinophylla_pumil "Saccopteryx_bilin   2   2   2      0.000      0.887      0.268     -2.021      0.250      1.000      -3.31 0.00088292      -3.31       0.00      -2.64 0.00814085
#  4982 "Rhinophylla_pumil "Lonchophylla_mord   2   2   2      0.000      0.900      0.260     -2.314      0.250      1.000      -3.46 0.00050855      -3.46      -3.46      -2.82 0.00468897
#  5016 "Rhogeessa_io"     "Chiroderma_trinit   2   2   2      0.000      0.880      0.275     -1.912      0.250      1.000      -3.20 0.00132120      -3.20       0.00      -2.50 0.01218187
#  5053 "Saccopteryx_bilin "Lonchophylla_mord   2   2   2      0.000      0.873      0.282     -1.811      0.250      1.000      -3.10 0.00188857      -3.10       0.00      -2.37 0.01741327
#  5149 "Sturnira_magna"   "Myotis_keaysi"      2   2   2      0.000      0.840      0.311     -1.496      0.250      1.000      -2.70 0.00680858       0.00       0.00       0.00 1.00000000
#  5269 "Diaemus_youngi"   "Lonchophylla_boke   2   2   2      0.000      0.902      0.252     -2.268      0.250      1.000      -3.58 0.00032985      -3.58      -3.58      -2.95 0.00304135
#  5626 "Eumops_bonariensi "Eumops_perotis"     1   1   1      0.000      0.980      0.140     -7.068      1.000      1.000      -7.00 0.00000000      -7.00      -7.00      -7.00 0.00000000
 
> Name               SP   CL+   CL-   BM+   BM-   BC+   BC-   BY+   BY-       NR   CL+   CL+
> SBBats.txt       5671    32   123    10    39     5    13    26    54   567100 17013 17013
 
& File           Speci   Individ     BRInd       BRZ Cscoreind   CscoreZ Soeren.In  Soeren.Z    AbsInd      AbsZ CheckerIn  CheckerZ   CombInd     CombZ   CorrInd     CorrZ    SchInd      SchZ
& SBBats.txt       107  20362.00    0.4648    3.0606    0.0707    8.0261    0.1061    5.7318    0.0030    6.2227    0.0347    2.7402    1.8414    5.3437    0.0412    2.3006   -0.0081   -3.1730
 
%          Observed numbers                                          Expected numbers
% Class    Pairs   CL+   CL-   BM+   BM-   BC+   BC-   BY+   BY-       NR   CL+   CL-
% 0.000      997     0   109     0    32     0    11     0    54    83564  2547  2512
% 0.025       19     0     2     0     2     0     1     0     0     1218    34    39
% 0.075       34     0     3     0     0     0     0     0     0     3718   122   111
% 0.125       58     0     8     0     5     0     1     0     0     5007   126   157
% 0.175       71     0     1     0     0     0     0     0     0     6939   230   208
% 0.225       81     1     0     0     0     0     0     1     0     9019   248   274
% 0.275      166     0     0     0     0     0     0     0     0    17814   546   508
% 0.325      148     0     0     0     0     0     0     0     0    16510   511   497
% 0.375      115     0     0     0     0     0     0     0     0    14080   428   416
% 0.425      239     0     0     0     0     0     0     0     0    33640   966   976
% 0.475      191     3     0     0     0     0     0     3     0    25459   759   760
% 0.525       85     0     0     0     0     0     0     0     0     9746   303   286
% 0.575       99     1     0     0     0     0     0     1     0    11330   346   354
% 0.625       96     1     0     0     0     0     0     1     0    11292   316   365
% 0.675       43     0     0     0     0     0     0     0     0     6158   177   194
% 0.725       38     2     0     0     0     0     0     2     0     3857   141   110
% 0.775       23     4     0     0     0     0     0     3     0     1979    64    51
% 0.825        7     2     0     0     0     0     0     1     0      189     2     2
% 0.875        0     0     0     0     0     0     0     0     0        1     0     0
% 0.925        0     0     0     0     0     0     0     0     0        0     0     0
% 0.975        0     0     0     0     0     0     0     0     0        0     0     0
% 1.000     3161    18     0    10     0     5     0    14     0   305580  9147  9193
