species	738	746	747	752	801	815	816	918	920	921	927	930	932	936	944	945	946	947	949	950	951	952	953	954	955	1287	1297	1298	1299	1697	1734	1737	1740	1743	1746	1752	1757
Anoura_caudifer	13	11	13	0	0	0	0	3	0	0	5	0	4	4	5	5	0	0	1	3	2	0	0	5	0	0	3	0	6	6	0	0	0	0	2	0	0
Anoura_geoffroyi	98	0	1	0	0	0	0	0	0	0	43	0	0	2	0	7	0	0	0	0	0	0	0	0	3	3	0	0	0	0	0	0	0	0	0	0	0
Artibeus_anderseni	0	0	0	0	0	0	0	0	0	0	0	0	0	0	0	0	0	0	0	0	0	0	0	0	1	0	0	0	0	0	0	0	0	0	1	0	0
Artibeus_cinereus	13	0	0	49	0	0	0	0	0	0	0	7	0	1	0	0	0	0	0	0	0	0	0	0	0	47	0	0	0	1	0	0	0	0	0	0	0
Artibeus_fimbriatus	0	0	31	1	12	0	2	2	8	0	30	3	0	0	0	0	19	0	0	2	0	36	8	0	0	4	0	0	0	37	939	4	0	0	0	0	18
Artibeus_glaucus	0	0	0	0	0	0	0	0	0	0	0	0	0	0	0	0	0	0	0	0	0	0	0	0	0	0	0	0	0	0	0	0	0	10	5	0	0
Artibeus_gnomus	0	0	0	6	0	0	0	0	0	0	0	0	0	0	0	0	0	0	0	0	0	0	0	0	0	8	0	0	0	0	0	0	0	0	0	0	0
Artibeus_jamaicensis	0	0	0	7	0	0	0	0	0	0	0	0	0	0	0	0	5	0	13	0	0	28	2	0	4	22	0	7	0	0	0	0	0	7	6	0	0
Artibeus_lituratus	5	2	119	32	26	0	60	39	21	25	79	40	301	4	22	0	177	463	96	2	106	238	90	80	0	38	324	234	51	349	1255	33	0	72	25	1	9
Artibeus_obscurus	0	0	142	139	0	0	0	0	1	3	15	0	0	0	4	15	0	0	0	0	3	0	0	0	0	150	0	0	0	0	22	2	0	31	27	0	0
Artibeus_planirostris	91	6	140	0	0	0	1	0	0	0	24	0	168	20	85	32	0	0	0	0	1	0	0	0	0	0	0	0	0	0	155	9	0	0	0	0	0
Carollia_benkeithi	0	0	0	0	0	0	0	0	0	0	0	0	0	0	0	0	0	0	0	0	0	0	0	0	3	0	0	0	0	0	0	0	0	9	10	0	0
Carollia_brevicauda	0	0	0	12	0	0	0	0	0	0	0	0	0	0	0	0	0	0	0	0	0	0	0	0	550	14	0	0	0	0	0	0	0	24	29	0	0
Carollia_perspicillata	47	43	109	391	0	0	0	43	14	14	387	13	70	306	42	1	59	1	58	12	24	29	0	1	228	464	29	67	1	211	6	23	0	440	562	0	0
Chiroderma_doriae	0	2	1	0	0	0	0	0	0	0	0	0	6	0	2	0	0	0	0	0	1	0	0	0	0	0	0	0	0	3	3	0	0	0	0	0	0
Chiroderma_salvini	0	0	0	0	0	0	0	0	0	0	0	0	0	0	0	0	0	0	0	0	0	0	0	0	0	0	0	0	0	0	0	0	0	1	1	0	0
Chiroderma_trinitatum	0	0	0	0	0	0	0	0	0	0	0	0	0	0	0	0	0	0	0	0	0	0	0	0	25	0	0	0	0	0	0	0	0	4	0	0	0
Chiroderma_villosum	0	0	2	3	0	0	0	0	1	0	0	0	1	0	0	4	1	0	0	0	0	0	0	0	0	5	0	0	0	0	1	0	0	1	0	0	0
Choeroniscus_minor	0	0	0	0	0	0	0	0	0	0	0	0	0	0	0	0	0	0	0	0	0	0	0	0	22	2	0	0	0	0	0	0	0	4	0	0	0
Chrotopterus_auritus	7	1	0	1	0	0	0	3	0	0	0	0	0	1	2	0	0	0	8	0	0	1	3	0	0	1	0	0	0	1	0	0	0	0	0	0	0
Cynomops_abrasus	0	0	2	0	0	0	0	0	0	0	0	0	0	0	0	0	0	0	0	0	0	0	0	0	0	0	0	0	0	0	0	0	0	0	0	0	0
Cynomops_planirostris	0	0	0	0	0	2	0	0	0	0	0	0	0	0	0	0	0	0	0	0	0	0	0	0	0	1	0	0	0	0	0	0	0	0	0	0	0
Desmodus_rotundus	132	2	26	1	0	0	5	77	0	7	128	0	0	31	10	45	4	0	0	1	10	9	1	0	5	9	31	0	0	25	49	0	0	40	25	0	7
Diaemus_youngi	0	0	1	0	0	0	0	0	0	0	2	0	0	0	0	0	0	0	0	0	0	0	0	0	0	0	0	0	0	0	0	0	0	0	0	0	0
Diphylla_ecaudata	0	0	0	0	0	0	0	0	0	0	5	0	0	0	0	3	0	0	0	0	2	0	0	0	0	0	0	0	0	1	0	0	0	1	1	0	0
Enchisthenes_hartii	0	0	0	0	0	0	0	0	0	0	0	0	0	0	0	0	0	0	0	0	0	0	0	0	0	0	0	0	0	0	0	0	0	5	1	0	0
Eptesicus_andinus	0	0	0	0	0	0	0	0	0	0	0	0	0	0	0	0	0	0	0	0	0	0	0	0	3	0	0	0	0	0	0	0	0	0	0	0	0
Eptesicus_brasiliensis	0	0	1	1	0	0	0	0	0	0	0	0	0	0	0	0	0	0	0	0	0	0	0	0	0	1	8	0	0	0	0	0	0	0	0	0	0
Eptesicus_diminutus	1	0	0	0	3	0	0	0	0	0	0	0	0	0	0	0	0	0	1	0	0	0	0	0	0	0	0	0	0	0	0	0	0	0	0	0	0
Eptesicus_furinalis	0	1	0	0	0	3	2	3	0	0	0	0	0	0	0	0	0	18	1	0	0	0	0	0	2	0	0	0	0	0	0	0	0	0	0	0	0
Eumops_auripendulus	0	0	0	0	0	0	3	0	0	0	0	1	0	0	0	0	0	0	0	0	0	0	0	0	0	0	0	0	0	0	0	0	0	0	0	0	0
Eumops_bonariensis	0	0	0	0	0	0	2	0	0	0	0	0	0	0	0	0	0	0	0	0	0	0	0	0	0	0	0	0	0	0	0	0	0	0	0	0	0
Eumops_glaucinus	0	0	0	0	0	5	10	0	0	0	0	0	0	0	0	0	0	0	0	0	0	0	0	0	0	0	0	0	0	0	0	0	0	0	0	0	0
Eumops_patagonicus	0	0	0	0	0	23	0	0	0	0	0	0	0	0	0	0	0	0	0	0	0	0	0	0	0	0	0	0	0	0	0	0	0	0	0	0	0
Eumops_perotis	0	0	0	0	0	0	6	0	0	0	0	0	0	0	0	0	0	0	0	0	0	0	0	0	0	0	0	0	0	0	0	0	0	0	0	0	0
Glossophaga_soricina	228	14	3	5	3	0	80	0	2	3	39	5	39	32	42	5	0	0	0	0	2	0	0	0	1	27	1	0	0	46	35	0	0	1	0	0	7
Glyphonycteris_behnii	1	0	0	0	0	0	0	0	0	0	0	0	0	0	0	0	0	0	0	0	0	0	0	0	0	0	0	0	0	0	0	0	0	0	0	0	0
Histiotus_macrotus	0	0	0	0	0	4	0	0	0	0	0	0	0	0	0	0	0	0	0	0	0	0	0	0	0	0	0	0	0	0	0	0	8	0	0	0	0
Histiotus_velatus	0	0	0	0	0	0	8	0	0	0	0	0	0	0	0	0	0	0	2	0	0	0	0	0	2	0	0	0	0	0	0	0	0	0	0	0	4
Lampronycteris_brachyotis	0	0	0	0	0	0	0	0	0	0	0	0	0	0	0	0	0	0	0	0	0	0	0	0	0	1	0	0	0	0	0	0	0	0	0	0	0
Lasiurus_blossevillii	0	0	1	0	0	0	0	0	0	0	0	1	0	0	0	0	0	1	0	0	0	1	0	0	6	0	0	0	0	0	1	0	1	0	0	6	0
Lasiurus_cinereus	0	0	0	0	0	0	0	0	0	0	0	0	0	0	0	0	0	0	0	0	0	0	0	0	0	0	0	0	0	0	0	0	0	0	0	44	0
Lasiurus_ega	1	0	1	0	0	1	0	0	0	0	2	0	0	0	0	0	0	0	0	0	0	0	0	0	1	0	2	0	0	0	1	1	0	0	0	3	0
Lichonycteris_obscura	0	0	0	0	0	0	0	0	0	0	0	0	0	0	0	0	0	0	0	0	0	0	0	0	0	0	0	0	0	0	0	0	0	0	1	0	0
Lonchophylla_bokermanni	0	0	1	0	0	0	0	0	0	0	13	0	0	0	0	0	0	0	0	0	0	0	0	0	0	0	0	0	0	0	0	0	0	0	0	0	0
Lonchophylla_dekeyseri	0	0	0	0	0	0	0	0	0	0	0	0	0	41	0	0	0	0	0	0	0	0	0	0	0	0	0	0	0	0	0	0	0	0	0	0	0
Lonchophylla_mordax	0	0	0	5	0	0	0	0	0	0	0	0	0	0	0	0	0	0	0	0	0	0	0	0	0	8	0	0	0	0	0	0	0	0	0	0	0
Lonchorhina_aurita	0	0	0	0	0	0	0	0	0	0	0	0	0	0	0	0	0	0	0	2	0	0	0	0	0	0	0	0	0	0	0	0	0	0	0	0	0
Lophostoma_brasiliense	10	0	0	1	0	0	0	0	0	0	0	0	0	0	0	0	0	0	0	0	0	0	0	0	0	8	0	0	0	0	0	0	0	0	0	0	0
Lophostoma_silvicolum	0	0	0	1	0	0	0	0	0	0	0	0	0	0	0	0	0	0	0	0	0	0	0	0	0	1	0	0	0	0	0	0	0	7	1	0	0
Mesophylla_macconnelli	1	0	0	0	0	0	0	0	0	0	0	0	0	0	0	0	0	0	0	0	0	0	0	0	2	0	0	0	0	0	0	0	0	0	0	0	0
Micronycteris_hirsuta	0	0	0	2	0	0	0	0	0	0	0	0	0	0	0	0	0	0	0	0	0	0	0	0	0	2	0	0	0	0	0	0	0	0	0	0	0
Micronycteris_megalotis	0	0	5	0	0	0	0	0	0	0	6	0	0	0	1	1	1	0	6	1	2	2	0	0	1	0	0	2	0	0	0	0	0	0	0	0	0
Micronycteris_microtis	0	0	0	2	0	0	0	0	0	0	0	0	0	0	0	0	0	0	0	0	0	0	0	0	0	0	0	0	0	5	0	0	0	0	0	0	0
Micronycteris_minuta	4	0	0	0	0	0	0	1	0	0	2	0	0	0	0	0	0	0	0	0	0	0	0	0	0	0	0	0	0	0	0	0	0	1	0	0	0
Micronycteris_schmidtorum	0	0	0	1	0	0	0	0	1	0	0	0	0	0	0	0	0	0	0	0	0	0	0	0	0	1	0	0	0	0	0	0	0	0	0	0	0
Mimon_bennettii	2	0	0	0	0	0	0	1	0	0	0	0	0	0	0	0	0	0	0	0	1	0	0	0	0	0	0	0	0	0	0	0	0	0	0	0	0
Mimon_crenulatum	1	4	0	0	0	0	0	0	0	0	0	0	0	0	0	0	0	0	0	0	0	0	0	0	0	7	0	0	0	0	0	0	0	0	0	0	0
Molossops_neglectus	0	0	0	0	0	0	0	0	0	0	0	0	0	0	0	0	0	13	0	0	0	0	0	0	0	0	0	0	0	0	0	0	0	0	0	0	0
Molossops_temminckii	15	0	0	0	0	7	0	0	0	0	0	0	3	8	0	0	0	0	0	0	0	0	0	0	0	0	0	0	0	0	0	0	0	0	0	0	0
Molossus_molossus	0	0	266	0	0	18	141	0	0	0	1	2	0	0	0	0	0	1	0	0	0	0	0	6	21	0	1	0	0	0	45	0	0	0	0	9	14
Molossus_rufus	0	0	11	0	0	0	5	0	0	0	395	0	0	0	0	0	0	0	0	0	0	0	0	0	0	0	0	0	0	0	0	0	0	0	0	1	1
Myotis_albescens	0	0	0	0	0	3	0	0	0	0	0	0	0	0	0	0	0	0	0	0	0	0	0	0	0	0	0	0	0	0	0	0	0	0	0	0	0
Myotis_keaysi	0	0	0	0	0	0	0	0	0	0	0	0	0	0	0	0	0	0	0	0	0	0	0	0	19	0	0	0	0	0	0	0	0	0	1	0	0
Myotis_levis	0	0	0	0	1	0	0	1	0	0	0	0	0	0	0	0	0	0	0	0	0	3	0	0	0	0	0	0	0	0	0	0	0	0	0	0	0
Myotis_nigricans	0	1	23	13	4	2	13	3	0	1	46	1	7	0	0	0	0	0	6	0	0	1	0	8	0	4	4	14	0	0	33	2	0	0	0	0	1
Myotis_riparius	0	0	35	0	0	0	0	0	0	0	14	1	0	0	0	0	0	6	0	4	0	0	0	0	0	0	0	0	0	13	8	0	4	0	0	0	0
Myotis_ruber	0	0	0	0	0	0	0	0	0	0	0	0	0	0	0	0	0	0	3	0	0	0	0	0	0	0	2	0	0	0	0	0	0	0	0	0	0
Natalus_stramineus	0	0	0	0	0	0	0	0	0	0	0	0	0	1	0	0	0	0	0	0	0	0	0	0	0	0	0	0	0	0	0	0	0	0	0	0	0
Noctilio_albiventris	0	0	0	0	0	0	0	0	0	0	0	0	0	0	0	0	0	0	0	0	0	0	0	0	0	0	0	0	0	0	0	3	0	0	0	0	0
Noctilio_leporinus	0	0	8	0	0	2	0	0	0	0	284	1	0	0	0	0	0	1	0	0	3	0	0	0	0	0	0	0	0	0	4	0	0	0	0	0	0
Nyctinomops_laticaudatus	0	0	27	0	0	0	6	0	0	0	0	0	0	0	0	0	0	0	0	0	0	0	0	0	0	0	0	0	0	0	0	0	0	0	0	12	0
Nyctinomops_macrotis	0	0	2	0	0	0	12	0	0	0	0	0	0	0	0	0	0	0	0	0	0	0	0	0	0	0	0	0	0	0	0	0	0	0	0	0	0
Peropteryx_macrotis	0	0	0	0	0	0	0	0	0	0	1	0	0	0	0	0	0	0	0	0	0	0	0	0	0	0	0	0	0	0	0	0	0	0	0	0	0
Phylloderma_stenops	0	0	0	0	0	0	0	0	0	0	2	0	0	0	0	0	0	0	0	0	0	0	0	0	0	2	0	0	0	0	0	0	0	0	0	0	0
Phyllostomus_discolor	2	0	0	0	0	0	0	0	0	0	0	2	7	5	0	0	0	0	0	0	0	4	0	0	0	85	0	0	0	0	0	4	0	0	0	0	0
Phyllostomus_elongatus	0	0	0	2	0	0	0	0	0	0	0	0	0	0	0	0	0	0	0	0	0	0	0	0	0	0	0	0	0	0	0	0	0	0	0	0	0
Phyllostomus_hastatus	6	0	19	0	0	0	0	0	0	0	111	0	1	0	0	2	0	3	0	0	16	5	0	0	0	10	0	5	0	11	36	0	0	7	1	0	0
Platyrrhinus_brachycephalus	0	0	0	0	0	0	0	0	0	0	0	0	0	0	0	0	0	0	0	0	0	0	0	0	0	0	0	0	0	0	0	0	0	5	1	0	0
Platyrrhinus_helleri	4	0	0	0	0	0	0	0	0	0	0	0	2	4	0	0	0	0	0	0	0	0	0	0	0	0	0	0	0	0	0	0	0	5	2	0	0
Platyrrhinus_infuscus	0	0	0	0	0	0	0	0	0	0	0	0	0	0	0	0	0	0	0	0	0	0	0	0	0	0	0	0	0	0	0	0	0	6	4	0	0
Platyrrhinus_lineatus	33	41	41	0	0	0	50	3	0	4	12	18	71	32	31	76	0	10	1	1	0	15	1	10	0	15	7	1	0	0	173	12	0	0	0	0	0
Platyrrhinus_masu	0	0	0	0	0	0	0	0	0	0	0	0	0	0	0	0	0	0	0	0	0	0	0	0	50	0	0	0	0	0	0	0	0	0	0	0	0
Platyrrhinus_recifinus	0	0	29	2	0	0	0	2	3	0	15	1	0	0	0	0	0	0	0	0	0	0	0	0	0	21	0	0	0	21	5	0	0	0	0	0	0
Promops_nasutus	0	0	0	0	0	5	3	0	0	0	0	0	0	0	0	0	0	0	0	0	0	0	0	0	1	0	0	0	0	0	0	0	0	0	0	3	0
Pteronotus_parnellii	2	0	0	0	0	0	0	0	0	0	0	0	0	6	0	0	0	0	0	0	0	0	0	0	0	0	0	0	0	0	0	0	0	0	0	0	0
Pygoderma_bilabiatum	0	0	0	0	1	0	0	1	0	0	0	0	0	0	1	0	0	7	3	0	0	0	0	0	0	0	11	4	0	2	0	0	0	0	0	0	0
Rhinophylla_pumilio	0	0	0	413	0	0	0	0	0	0	0	0	0	0	0	0	0	0	0	0	0	0	0	0	0	199	0	0	0	0	0	0	0	0	0	0	0
Rhogeessa_io	0	0	0	0	0	0	0	0	0	0	0	0	0	0	0	0	0	0	0	0	0	0	0	0	1	0	0	0	0	0	0	0	0	1	0	0	0
Saccopteryx_bilineata	0	0	0	2	0	0	0	0	0	0	0	0	0	0	0	0	0	0	0	0	0	0	0	0	0	2	0	0	0	0	0	0	0	0	0	0	0
Saccopteryx_leptura	0	0	1	0	0	0	0	0	0	0	0	0	0	0	0	0	0	0	0	0	0	0	0	0	0	0	0	0	0	0	0	0	0	0	0	0	0
Sturnira_erythromos	0	0	0	0	0	0	0	0	0	0	0	0	0	0	0	0	0	0	0	0	0	0	0	0	11	0	0	0	0	0	0	0	845	1	0	0	0
Sturnira_lilium	34	50	25	4	26	0	2	132	0	8	75	0	21	0	80	3	5	125	42	59	4	25	0	0	279	61	59	41	0	1	157	10	67	34	5	0	55
Sturnira_magna	0	0	0	0	0	0	0	0	0	0	0	0	0	0	0	0	0	0	0	0	0	0	0	0	1	0	0	0	0	0	0	0	0	0	10	0	0
Sturnira_oporaphilum	0	0	0	0	0	0	0	0	0	0	0	0	0	0	0	0	0	0	0	0	0	0	0	0	327	0	0	0	0	0	0	0	2	13	5	0	0
Sturnira_tildae	0	0	0	0	0	0	0	0	0	0	0	0	0	0	0	0	0	0	0	0	0	0	0	0	16	8	0	0	0	0	0	0	0	0	0	0	0
Tadarida_brasiliensis	0	0	0	0	0	0	40	0	0	0	0	0	0	0	0	0	0	0	0	0	0	0	0	0	0	0	0	0	0	0	0	0	0	0	0	245	0
Thyroptera_tricolor	0	0	0	0	0	0	0	0	0	0	0	0	0	0	0	0	0	0	0	0	0	0	0	0	0	1	0	0	0	0	0	0	0	0	0	0	0
Tonatia_bidens	0	0	21	0	0	0	0	0	1	0	26	0	0	7	0	0	0	0	0	0	2	0	0	0	0	0	0	0	0	0	0	0	0	0	0	0	0
Tonatia_saurophila	0	0	0	1	0	0	0	0	0	0	0	2	0	0	0	0	0	0	0	0	0	0	0	0	0	0	0	0	0	0	0	0	0	0	0	0	0
Trachops_cirrhosus	0	0	6	1	0	0	0	0	0	0	1	0	0	2	0	0	0	0	0	0	0	0	0	0	0	2	0	0	0	2	0	0	0	0	0	0	0
Trinycteris_nicefori	0	0	0	0	0	0	0	0	0	0	0	0	0	0	0	0	0	0	0	0	0	0	0	0	0	7	0	0	0	0	0	0	0	0	0	0	0
Uroderma_bilobatum	0	0	0	1	0	0	0	0	0	0	0	0	0	0	0	0	0	0	0	0	0	0	0	0	0	68	0	0	0	0	0	0	0	32	2	0	0
Uroderma_magnirostrum	0	0	0	0	0	0	0	0	1	0	0	1	0	0	0	0	0	0	0	0	0	0	0	0	0	0	0	0	0	0	0	0	0	1	0	0	0
Vampyressa_pusilla	0	0	6	0	0	0	0	3	1	0	0	0	0	0	0	9	2	0	0	0	2	0	0	0	0	3	0	6	0	10	0	0	0	0	0	0	0
Vampyressa_thyone	0	0	0	0	0	0	0	0	0	0	0	0	0	0	0	0	0	0	0	0	0	0	0	0	48	0	0	0	0	0	0	0	0	0	0	0	0
Vampyrodes_caraccioli	0	0	14	1	0	0	0	0	0	0	0	0	0	0	0	0	0	0	0	0	0	0	0	0	1	0	0	0	0	0	0	0	0	8	5	0	0