<  File:  NAmBats.txt    Species:  110 Sites:   47 MatFill: 0.12 Occ:    609 0.100% Confidence limit  Index: c Model: fixed - fixed                      
 
#    No             Sp1                Sp2     S1  S2 Com  Obs.Score  Exp.Score  Exp.StDev   Skewness    LowerCL    UpperCL SigZ-Score      Alpha >MeanScore   >CLScore   >BJScore      Alpha
#     1 "Artibeus_jamaicen "Eptesicus_fuscus"  23  23   1      0.915      0.217      0.072      0.822      0.093      0.425       9.68 0.00000000       0.00       0.00       9.68 0.00000000
#     2 "Artibeus_jamaicen "Glossophaga_soric  23  21  21      0.000      0.251      0.087      0.666      0.072      0.528      -2.87 0.00394499       0.00       0.00       0.00 1.00000000
#     3 "Artibeus_jamaicen "Artibeus_lituratu  23  20  20      0.000      0.231      0.071      0.195      0.061      0.391      -3.28 0.00100505       0.00       0.00       0.00 1.00000000
#     4 "Artibeus_jamaicen "Artibeus_phaeotis  23  19  19      0.000      0.266      0.084      0.363      0.073      0.506      -3.18 0.00142574       0.00       0.00       0.00 1.00000000
#     5 "Artibeus_jamaicen "Sturnira_lilium"   23  19  19      0.000      0.254      0.084      0.901      0.103      0.577      -3.04 0.00231659       0.00       0.00       0.00 1.00000000
#     6 "Artibeus_jamaicen "Lasiurus_cinereus  23  17   0      1.000      0.272      0.084      0.316      0.102      0.478       8.67 0.00000000       8.67       8.67       8.67 0.00000000
#     7 "Artibeus_jamaicen "Myotis_lucifugus"  23  15   0      1.000      0.286      0.102      1.749      0.139      0.791       6.99 0.00000000       6.99       6.99       6.99 0.00000000
#     8 "Artibeus_jamaicen "Centurio_senex"    23  15  15      0.000      0.307      0.093      0.372      0.096      0.522      -3.31 0.00088900       0.00       0.00       0.00 1.00000000
#     9 "Artibeus_jamaicen "Lasiurus_borealis  23  14   0      1.000      0.315      0.098      0.379      0.112      0.590       6.96 0.00000000       6.96       6.96       6.96 0.00000000
#    10 "Artibeus_jamaicen "Desmodus_rotundus  23  14  14      0.000      0.288      0.109      0.467      0.112      0.590      -2.65 0.00782591       0.00       0.00       0.00 1.00000000
#    11 "Artibeus_jamaicen "Myotis_keenii"     23  13   0      1.000      0.291      0.107      0.316      0.080      0.572       6.65 0.00000000       6.65       6.65       6.65 0.00000000
#    12 "Artibeus_jamaicen "Carollia_perspici  23  13  13      0.000      0.300      0.100      0.300      0.080      0.572      -2.99 0.00269151       0.00       0.00       0.00 1.00000000
#    13 "Artibeus_jamaicen "Platyrrhinus_hell  23  13  13      0.000      0.283      0.106      0.546      0.080      0.572      -2.67 0.00734150       0.00       0.00       0.00 1.00000000
#    14 "Artibeus_jamaicen "Lasionycteris_noc  23  13   0      1.000      0.317      0.117      0.497      0.037      0.669       5.86 0.00000000       5.86       5.86       5.86 0.00000000
#    15 "Artibeus_jamaicen "Uroderma_bilobatu  23  13  13      0.000      0.286      0.096      0.704      0.080      0.669      -2.98 0.00283104       0.00       0.00       0.00 1.00000000
#    16 "Artibeus_jamaicen "Artibeus_toltecus  23  12  12      0.000      0.317      0.102      0.216      0.094      0.551      -3.12 0.00176501       0.00       0.00       0.00 1.00000000
#    17 "Artibeus_jamaicen "Pteronotus_parnel  23  12  12      0.000      0.310      0.125      0.803      0.094      0.761      -2.49 0.01267797       0.00       0.00       0.00 1.00000000
#    18 "Artibeus_jamaicen "Artibeus_watsoni"  23  11  11      0.000      0.333      0.126      0.307      0.051      0.747      -2.65 0.00793678       0.00       0.00       0.00 1.00000000
#    19 "Artibeus_jamaicen "Perimyotis_subfla  23  10   0      1.000      0.310      0.116      0.284      0.130      0.609       5.96 0.00000000       5.96       5.96       5.96 0.00000000
#    20 "Artibeus_jamaicen "Phyllostomus_disc  23  10  10      0.000      0.326      0.112      0.482      0.061      0.609      -2.90 0.00362670       0.00       0.00       0.00 1.00000000
#    21 "Artibeus_jamaicen "Tadarida_brasilie  23   9   0      1.000      0.345      0.149      0.030      0.072      0.710       4.38 0.00001091       4.38       4.38       3.87 0.00010118
#    22 "Artibeus_jamaicen "Myotis_leibii"     23   9   0      1.000      0.323      0.127      0.384      0.072      0.710       5.33 0.00000012       5.33       5.33       4.85 0.00000111
#    23 "Artibeus_jamaicen "Pteronotus_davyi"  23   8   8      0.000      0.347      0.159      0.385      0.087      0.837      -2.18 0.02877963       0.00       0.00       0.00 1.00000000
#    24 "Artibeus_jamaicen "Choeroniscus_godm  23   8   8      0.000      0.367      0.149      0.405      0.087      0.837      -2.46 0.01371962       0.00       0.00       0.00 1.00000000
#    28 "Artibeus_jamaicen "Sturnira_ludovici  23   7   7      0.000      0.393      0.166      0.330      0.106      1.000      -2.37 0.01763010       0.00       0.00       0.00 1.00000000
#    31 "Artibeus_jamaicen "Antrozous_pallidu  23   6   0      1.000      0.391      0.208      0.112      0.000      0.797       2.93 0.00328988       2.93       2.93       0.00 1.00000000
#    34 "Artibeus_jamaicen "Myotis_volans"     23   6   0      1.000      0.381      0.186      0.079      0.000      0.797       3.32 0.00086236       3.32       3.32       0.00 1.00000000
#    36 "Artibeus_jamaicen "Parastrellus_hesp  23   6   0      1.000      0.382      0.185      0.441      0.000      0.797       3.33 0.00082439       3.33       3.33       0.00 1.00000000
#    40 "Artibeus_jamaicen "Myotis_yumanensis  23   5   0      1.000      0.383      0.205      0.207      0.000      0.765       3.02 0.00245243       3.02       3.02       0.00 1.00000000
#    44 "Artibeus_jamaicen "Myotis_californic  23   5   0      1.000      0.358      0.205      0.175      0.000      0.765       3.14 0.00162983       3.14       3.14       0.00 1.00000000
#    45 "Artibeus_jamaicen "Myotis_sodalis"    23   5   0      1.000      0.347      0.212      0.377      0.000      0.765       3.08 0.00199091       3.08       3.08       0.00 1.00000000
#   110 "Eptesicus_fuscus" "Glossophaga_soric  23  21   1      0.911      0.243      0.079      0.205      0.072      0.404       8.43 0.00000000       0.00       0.00       8.43 0.00000000
#   111 "Eptesicus_fuscus" "Artibeus_lituratu  23  20   1      0.909      0.245      0.078      0.524      0.087      0.517       8.52 0.00000000       0.00       0.00       8.52 0.00000000
#   112 "Eptesicus_fuscus" "Artibeus_phaeotis  23  19   0      1.000      0.251      0.090      0.535      0.073      0.506       8.29 0.00000000       8.29       8.29       8.29 0.00000000
#   113 "Eptesicus_fuscus" "Sturnira_lilium"   23  19   1      0.906      0.267      0.085      0.702      0.073      0.577       7.49 0.00000000       0.00       0.00       7.49 0.00000000
#   114 "Eptesicus_fuscus" "Lasiurus_cinereus  23  17  15      0.041      0.280      0.086      0.146      0.102      0.478      -2.76 0.00555909       0.00       0.00       0.00 1.00000000
#   115 "Eptesicus_fuscus" "Myotis_lucifugus"  23  15  14      0.026      0.274      0.088      0.458      0.096      0.522      -2.83 0.00450772      -2.83       0.00       0.00 1.00000000
#   116 "Eptesicus_fuscus" "Centurio_senex"    23  15   0      1.000      0.289      0.093      0.092      0.058      0.522       7.64 0.00000000       7.64       7.64       7.64 0.00000000
#   118 "Eptesicus_fuscus" "Desmodus_rotundus  23  14   1      0.888      0.283      0.101      0.453      0.068      0.503       6.00 0.00000000       0.00       0.00       6.00 0.00000000
#   120 "Eptesicus_fuscus" "Carollia_perspici  23  13   1      0.883      0.322      0.107      0.612      0.130      0.669       5.22 0.00000018       0.00       0.00       4.78 0.00000166
#   121 "Eptesicus_fuscus" "Platyrrhinus_hell  23  13   0      1.000      0.313      0.110      0.293      0.130      0.572       6.24 0.00000000       6.24       6.24       6.24 0.00000000
#   123 "Eptesicus_fuscus" "Uroderma_bilobatu  23  13   0      1.000      0.327      0.100      0.364      0.080      0.669       6.73 0.00000000       6.73       6.73       6.73 0.00000000
#   124 "Eptesicus_fuscus" "Artibeus_toltecus  23  12   0      1.000      0.317      0.109     -0.081      0.043      0.551       6.26 0.00000000       6.26       6.26       6.26 0.00000000
#   125 "Eptesicus_fuscus" "Pteronotus_parnel  23  12   1      0.877      0.329      0.126      0.799      0.094      0.761       4.36 0.00001246       0.00       0.00       3.84 0.00011555
#   126 "Eptesicus_fuscus" "Artibeus_watsoni"  23  11   0      1.000      0.324      0.115      0.216      0.111      0.632       5.88 0.00000000       5.88       5.88       5.88 0.00000000
#   128 "Eptesicus_fuscus" "Phyllostomus_disc  23  10   0      1.000      0.339      0.146      0.527      0.061      0.730       4.52 0.00000578       4.52       4.52       4.03 0.00005363
#   131 "Eptesicus_fuscus" "Pteronotus_davyi"  23   8   0      1.000      0.354      0.157      0.023      0.000      0.685       4.12 0.00003642       4.12       4.12       3.57 0.00033781
#   132 "Eptesicus_fuscus" "Choeroniscus_godm  23   8   0      1.000      0.369      0.145      0.628      0.087      0.837       4.34 0.00001359       4.34       4.34       3.82 0.00012606
#   133 "Eptesicus_fuscus" "Mormoops_megaloph  23   8   0      1.000      0.351      0.162      0.602      0.000      0.837       4.02 0.00005525       4.02       4.02       3.46 0.00051253
#   134 "Eptesicus_fuscus" "Carollia_sowelli"  23   8   1      0.837      0.327      0.155      0.168      0.000      0.685       3.28 0.00100142       0.00       0.00       0.00 1.00000000
#   135 "Eptesicus_fuscus" "Artibeus_intermed  23   8   0      1.000      0.345      0.146      0.380      0.087      0.685       4.49 0.00000662       4.49       4.49       3.99 0.00006137
#   137 "Eptesicus_fuscus" "Vampyressa_pusill  23   7   0      1.000      0.342      0.181      0.324      0.000      0.820       3.64 0.00025803       3.64       3.64       0.00 1.00000000
#   138 "Eptesicus_fuscus" "Chiroderma_villos  23   6   0      1.000      0.381      0.177      0.442      0.000      0.797       3.50 0.00044900       3.50       3.50       0.00 1.00000000
#   140 "Eptesicus_fuscus" "Glossophaga_commi  23   6   0      1.000      0.392      0.155     -0.069      0.000      0.797       3.93 0.00008100       3.93       3.93       3.36 0.00075137
#   141 "Eptesicus_fuscus" "Saccopteryx_bilin  23   6   0      1.000      0.367      0.178      0.266      0.000      0.797       3.57 0.00034589       3.57       3.57       0.00 1.00000000
#   145 "Eptesicus_fuscus" "Leptonycteris_yer  23   6   0      1.000      0.368      0.174      0.055      0.000      0.797       3.64 0.00026041       3.64       3.64       0.00 1.00000000
#   147 "Eptesicus_fuscus" "Vampyrodes_caracc  23   6   0      1.000      0.384      0.189      0.095      0.000      0.797       3.26 0.00108773       3.26       3.26       0.00 1.00000000
#   149 "Eptesicus_fuscus" "Natalus_stramineu  23   5   0      1.000      0.363      0.198      0.142      0.000      0.765       3.22 0.00125003       3.22       3.22       0.00 1.00000000
#   218 "Glossophaga_soric "Artibeus_lituratu  21  20  18      0.014      0.271      0.083      0.261      0.100      0.500      -3.09 0.00194204      -3.09      -3.09       0.00 1.00000000
#   219 "Glossophaga_soric "Artibeus_phaeotis  21  19  18      0.008      0.294      0.088      0.109      0.088      0.489      -3.26 0.00106990      -3.26      -3.26       0.00 1.00000000
#   220 "Glossophaga_soric "Sturnira_lilium"   21  19  18      0.008      0.280      0.084      0.382      0.120      0.489      -3.24 0.00116581      -3.24      -3.24       0.00 1.00000000
#   221 "Glossophaga_soric "Lasiurus_cinereus  21  17   0      1.000      0.292      0.088      0.382      0.126      0.538       8.00 0.00000000       8.00       8.00       8.00 0.00000000
#   222 "Glossophaga_soric "Myotis_lucifugus"  21  15   0      1.000      0.312      0.099      0.179      0.086      0.594       6.98 0.00000000       6.98       6.98       6.98 0.00000000
#   224 "Glossophaga_soric "Lasiurus_borealis  21  14   0      1.000      0.333      0.104      0.552      0.102      0.673       6.43 0.00000000       6.43       6.43       6.43 0.00000000
#   225 "Glossophaga_soric "Desmodus_rotundus  21  14  13      0.027      0.313      0.100      0.467      0.102      0.578      -2.87 0.00397635      -2.87      -2.87       0.00 1.00000000
#   226 "Glossophaga_soric "Myotis_keenii"     21  13   0      1.000      0.342      0.112      0.328      0.121      0.659       5.89 0.00000000       5.89       5.89       5.89 0.00000000
#   227 "Glossophaga_soric "Carollia_perspici  21  13  13      0.000      0.332      0.105      0.533      0.121      0.659      -3.17 0.00148839       0.00       0.00       0.00 1.00000000
#   228 "Glossophaga_soric "Platyrrhinus_hell  21  13  13      0.000      0.334      0.116      0.350      0.033      0.659      -2.87 0.00404876       0.00       0.00       0.00 1.00000000
#   229 "Glossophaga_soric "Lasionycteris_noc  21  13   0      1.000      0.342      0.099      0.433      0.121      0.659       6.62 0.00000000       6.62       6.62       6.62 0.00000000
#   230 "Glossophaga_soric "Uroderma_bilobatu  21  13  12      0.033      0.325      0.107      0.606      0.073      0.659      -2.74 0.00599819      -2.74      -2.74       0.00 1.00000000
#   231 "Glossophaga_soric "Artibeus_toltecus  21  12  11      0.040      0.356      0.104      0.463      0.143      0.643      -3.03 0.00238740      -3.03      -3.03       0.00 1.00000000
#   232 "Glossophaga_soric "Pteronotus_parnel  21  12  12      0.000      0.339      0.118      0.691      0.143      0.754      -2.86 0.00408572       0.00       0.00       0.00 1.00000000
#   233 "Glossophaga_soric "Artibeus_watsoni"  21  11  11      0.000      0.388      0.131      0.255      0.104      0.740      -2.97 0.00290912       0.00       0.00       0.00 1.00000000
#   234 "Glossophaga_soric "Perimyotis_subfla  21  10   0      1.000      0.375      0.152      0.321      0.000      0.724       4.11 0.00003809       4.11       4.11       3.56 0.00035329
#   236 "Glossophaga_soric "Tadarida_brasilie  21   9   0      1.000      0.352      0.134      0.188      0.069      0.704       4.83 0.00000131       4.83       4.83       4.36 0.00001216
#   237 "Glossophaga_soric "Myotis_leibii"     21   9   0      1.000      0.363      0.140      0.144      0.069      0.704       4.54 0.00000530       4.54       4.54       4.05 0.00004921
#   240 "Glossophaga_soric "Mormoops_megaloph  21   8   8      0.000      0.392      0.161      0.558      0.083      0.833      -2.43 0.01468253       0.00       0.00       0.00 1.00000000
#   249 "Glossophaga_soric "Myotis_volans"     21   6   0      1.000      0.371      0.190      0.435      0.000      0.794       3.32 0.00086808       3.32       3.32       0.00 1.00000000
#   250 "Glossophaga_soric "Nycticeius_humera  21   6   0      1.000      0.380      0.167      0.453      0.000      0.794       3.72 0.00018847       3.72       3.72       0.00 1.00000000
#   251 "Glossophaga_soric "Parastrellus_hesp  21   6   0      1.000      0.397      0.161     -0.069      0.000      0.794       3.75 0.00016612       3.75       3.75       0.00 1.00000000
#   253 "Glossophaga_soric "Corynorhinus_town  21   6   0      1.000      0.386      0.168      0.023      0.000      0.794       3.66 0.00024253       3.66       3.66       0.00 1.00000000
#   255 "Glossophaga_soric "Myotis_yumanensis  21   5   0      1.000      0.394      0.188      0.026      0.000      0.762       3.21 0.00126195       3.21       3.21       0.00 1.00000000
#   260 "Glossophaga_soric "Myotis_sodalis"    21   5   0      1.000      0.387      0.191      0.045      0.000      0.762       3.20 0.00130302       3.20       3.20       0.00 1.00000000
#   325 "Artibeus_lituratu "Artibeus_phaeotis  20  19  17      0.016      0.300      0.102      0.761      0.111      0.632      -2.78 0.00532937      -2.78      -2.78       0.00 1.00000000
#   326 "Artibeus_lituratu "Sturnira_lilium"   20  19  16      0.032      0.283      0.086      0.382      0.147      0.479      -2.93 0.00333804      -2.93       0.00       0.00 1.00000000
#   327 "Artibeus_lituratu "Lasiurus_cinereus  20  17   0      1.000      0.307      0.097      0.739      0.118      0.612       7.16 0.00000000       7.16       7.16       7.16 0.00000000
#   328 "Artibeus_lituratu "Myotis_lucifugus"  20  15   0      1.000      0.317      0.100      0.328      0.080      0.587       6.82 0.00000000       6.82       6.82       6.82 0.00000000
#   329 "Artibeus_lituratu "Centurio_senex"    20  15  13      0.047      0.334      0.111      0.916      0.120      0.780      -2.60 0.00919926      -2.60      -2.60       0.00 1.00000000
#   330 "Artibeus_lituratu "Lasiurus_borealis  20  14   0      1.000      0.341      0.119      0.671      0.096      0.771       5.53 0.00000006       5.53       5.53       5.00 0.00000055
#   332 "Artibeus_lituratu "Myotis_keenii"     20  13   0      1.000      0.343      0.123      0.501      0.115      0.762       5.32 0.00000012       5.32       5.32       4.85 0.00000111
#   333 "Artibeus_lituratu "Carollia_perspici  20  13  13      0.000      0.374      0.126      0.492      0.115      0.762      -2.96 0.00302178       0.00       0.00       0.00 1.00000000
#   334 "Artibeus_lituratu "Platyrrhinus_hell  20  13  13      0.000      0.363      0.133      0.263      0.115      0.654      -2.72 0.00637519       0.00       0.00       0.00 1.00000000
#   335 "Artibeus_lituratu "Lasionycteris_noc  20  13   0      1.000      0.342      0.122      0.426      0.069      0.762       5.40 0.00000006       5.40       5.40       5.00 0.00000055
#   336 "Artibeus_lituratu "Uroderma_bilobatu  20  13  13      0.000      0.342      0.123      0.979      0.115      0.762      -2.77 0.00546181       0.00       0.00       0.00 1.00000000
#   337 "Artibeus_lituratu "Artibeus_toltecus  20  12  12      0.000      0.359      0.121      0.820      0.138      0.871      -2.97 0.00292623       0.00       0.00       0.00 1.00000000
#   339 "Artibeus_lituratu "Artibeus_watsoni"  20  11  11      0.000      0.358      0.119      0.363      0.100      0.736      -3.00 0.00261211       0.00       0.00       0.00 1.00000000
#   340 "Artibeus_lituratu "Perimyotis_subfla  20  10   0      1.000      0.376      0.164      0.693      0.055      0.855       3.80 0.00013518       3.80       3.80       0.00 1.00000000
#   341 "Artibeus_lituratu "Phyllostomus_disc  20  10  10      0.000      0.370      0.162      0.768      0.120      0.855      -2.28 0.02231568       0.00       0.00       0.00 1.00000000
#   342 "Artibeus_lituratu "Tadarida_brasilie  20   9   0      1.000      0.397      0.135      0.162      0.067      0.700       4.48 0.00000709       4.48       4.48       3.98 0.00006579
#   343 "Artibeus_lituratu "Myotis_leibii"     20   9   0      1.000      0.395      0.148      0.136      0.000      0.700       4.09 0.00004089       4.09       4.09       3.54 0.00037928
#   349 "Artibeus_lituratu "Sturnira_ludovici  20   7   7      0.000      0.400      0.159      0.420      0.100      1.000      -2.51 0.01177120       0.00       0.00       0.00 1.00000000
#   352 "Artibeus_lituratu "Antrozous_pallidu  20   6   0      1.000      0.429      0.157     -0.078      0.125      0.792       3.62 0.00027674       3.62       3.62       0.00 1.00000000
#   354 "Artibeus_lituratu "Saccopteryx_bilin  20   6   6      0.000      0.431      0.211      0.626      0.125      1.000      -2.05 0.04037917       0.00       0.00       0.00 1.00000000
#   359 "Artibeus_lituratu "Corynorhinus_town  20   6   0      1.000      0.431      0.190      0.173      0.000      0.792       3.00 0.00264090       3.00       3.00       0.00 1.00000000
#   364 "Artibeus_lituratu "Carollia_brevicau  20   5   5      0.000      0.468      0.225      0.503      0.160      1.000      -2.08 0.03730410       0.00       0.00       0.00 1.00000000
#   431 "Artibeus_phaeotis "Sturnira_lilium"   19  19  17      0.011      0.311      0.104      0.168      0.069      0.623      -2.89 0.00376970      -2.89      -2.89       0.00 1.00000000
#   432 "Artibeus_phaeotis "Lasiurus_cinereus  19  17   0      1.000      0.335      0.116      0.461      0.108      0.604       5.74 0.00000000       5.74       5.74       5.74 0.00000000
#   433 "Artibeus_phaeotis "Myotis_lucifugus"  19  15   0      1.000      0.326      0.114      0.580      0.074      0.674       5.89 0.00000000       5.89       5.89       5.89 0.00000000
#   434 "Artibeus_phaeotis "Centurio_senex"    19  15  13      0.042      0.363      0.107      0.227      0.158      0.674      -2.99 0.00272888      -2.99      -2.99       0.00 1.00000000
#   435 "Artibeus_phaeotis "Lasiurus_borealis  19  14   0      1.000      0.370      0.127      0.512      0.090      0.662       4.95 0.00000072       4.95       4.95       4.49 0.00000663
#   436 "Artibeus_phaeotis "Desmodus_rotundus  19  14  12      0.053      0.339      0.111      0.583      0.135      0.662      -2.57 0.00983447       0.00       0.00       0.00 1.00000000
#   437 "Artibeus_phaeotis "Myotis_keenii"     19  13   0      1.000      0.354      0.126      0.270      0.109      0.648       5.13 0.00000030       5.13       5.13       4.68 0.00000276
#   438 "Artibeus_phaeotis "Carollia_perspici  19  13  12      0.028      0.361      0.119      0.304      0.109      0.648      -2.81 0.00483525      -2.81      -2.81       0.00 1.00000000
#   439 "Artibeus_phaeotis "Platyrrhinus_hell  19  13  13      0.000      0.372      0.138      0.801      0.162      0.757      -2.69 0.00693244       0.00       0.00       0.00 1.00000000
#   440 "Artibeus_phaeotis "Lasionycteris_noc  19  13   0      1.000      0.387      0.125      0.812      0.162      0.757       4.90 0.00000095       4.90       4.90       4.43 0.00000885
#   441 "Artibeus_phaeotis "Uroderma_bilobatu  19  13  12      0.028      0.367      0.131      0.707      0.065      0.757      -2.59 0.00930506      -2.59      -2.59       0.00 1.00000000
#   442 "Artibeus_phaeotis "Artibeus_toltecus  19  12  12      0.000      0.366      0.114      0.087      0.132      0.632      -3.22 0.00121397       0.00       0.00       0.00 1.00000000
#   443 "Artibeus_phaeotis "Pteronotus_parnel  19  12  10      0.079      0.393      0.134     -0.094      0.132      0.632      -2.34 0.01898974       0.00       0.00       0.00 1.00000000
#   444 "Artibeus_phaeotis "Artibeus_watsoni"  19  11  11      0.000      0.379      0.122      0.436      0.096      0.732      -3.11 0.00183547       0.00       0.00       0.00 1.00000000
#   445 "Artibeus_phaeotis "Perimyotis_subfla  19  10   0      1.000      0.406      0.153      0.740      0.116      0.853       3.87 0.00010240       3.87       3.87       3.29 0.00094986
#   447 "Artibeus_phaeotis "Tadarida_brasilie  19   9   0      1.000      0.413      0.171      0.159      0.000      0.842       3.43 0.00058210       3.43       3.43       0.00 1.00000000
#   448 "Artibeus_phaeotis "Myotis_leibii"     19   9   0      1.000      0.399      0.162      0.466      0.064      0.842       3.71 0.00019717       3.71       3.71       0.00 1.00000000
#   451 "Artibeus_phaeotis "Mormoops_megaloph  19   8   8      0.000      0.401      0.168      0.313      0.079      0.829      -2.38 0.01713723       0.00       0.00       0.00 1.00000000
#   456 "Artibeus_phaeotis "Chiroderma_villos  19   6   6      0.000      0.453      0.173      0.674      0.123      1.000      -2.62 0.00855267       0.00       0.00       0.00 1.00000000
#   458 "Artibeus_phaeotis "Glossophaga_commi  19   6   6      0.000      0.444      0.189      0.471      0.123      1.000      -2.34 0.01880568       0.00       0.00       0.00 1.00000000
#   459 "Artibeus_phaeotis "Saccopteryx_bilin  19   6   6      0.000      0.451      0.196      0.286      0.123      1.000      -2.31 0.02087033       0.00       0.00       0.00 1.00000000
#   464 "Artibeus_phaeotis "Corynorhinus_town  19   6   0      1.000      0.400      0.175      0.017      0.000      0.789       3.44 0.00056440       3.44       3.44       0.00 1.00000000
#   536 "Sturnira_lilium"  "Lasiurus_cinereus  19  17   0      1.000      0.317      0.110      0.410      0.108      0.604       6.22 0.00000000       6.22       6.22       6.22 0.00000000
#   537 "Sturnira_lilium"  "Myotis_lucifugus"  19  15   0      1.000      0.339      0.118      0.261      0.112      0.579       5.61 0.00000006       5.61       5.61       5.00 0.00000055
#   538 "Sturnira_lilium"  "Centurio_senex"    19  15  12      0.074      0.360      0.099      0.436      0.158      0.674      -2.88 0.00386786       0.00       0.00       0.00 1.00000000
#   539 "Sturnira_lilium"  "Lasiurus_borealis  19  14   0      1.000      0.356      0.108      0.138      0.090      0.662       5.96 0.00000000       5.96       5.96       5.96 0.00000000
#   540 "Sturnira_lilium"  "Desmodus_rotundus  19  14  14      0.000      0.346      0.105      0.688      0.135      0.662      -3.28 0.00098211       0.00       0.00       0.00 1.00000000
#   541 "Sturnira_lilium"  "Myotis_keenii"     19  13   0      1.000      0.369      0.114      0.407      0.162      0.648       5.51 0.00000006       5.51       5.51       5.00 0.00000055
#   542 "Sturnira_lilium"  "Carollia_perspici  19  13  11      0.065      0.377      0.116      0.520      0.109      0.757      -2.68 0.00712585       0.00       0.00       0.00 1.00000000
#   543 "Sturnira_lilium"  "Platyrrhinus_hell  19  13  11      0.065      0.350      0.124      0.271      0.109      0.648      -2.30 0.02143413       0.00       0.00       0.00 1.00000000
#   544 "Sturnira_lilium"  "Lasionycteris_noc  19  13   0      1.000      0.359      0.124      0.129      0.109      0.648       5.15 0.00000024       5.15       5.15       4.72 0.00000221
#   546 "Sturnira_lilium"  "Artibeus_toltecus  19  12  10      0.079      0.367      0.132      0.454      0.132      0.746      -2.19 0.02840298       0.00       0.00       0.00 1.00000000
#   547 "Sturnira_lilium"  "Pteronotus_parnel  19  12  12      0.000      0.376      0.134      0.477      0.079      0.746      -2.81 0.00488663       0.00       0.00       0.00 1.00000000
#   549 "Sturnira_lilium"  "Perimyotis_subfla  19  10   0      1.000      0.393      0.132      0.526      0.116      0.716       4.61 0.00000370       4.61       4.61       4.13 0.00003428
#   551 "Sturnira_lilium"  "Tadarida_brasilie  19   9   0      1.000      0.383      0.137      0.049      0.064      0.696       4.52 0.00000590       4.52       4.52       4.02 0.00005474
#   552 "Sturnira_lilium"  "Myotis_leibii"     19   9   0      1.000      0.420      0.161      0.180      0.064      0.842       3.61 0.00029284       3.61       3.61       0.00 1.00000000
#   555 "Sturnira_lilium"  "Mormoops_megaloph  19   8   8      0.000      0.443      0.153      0.423      0.171      1.000      -2.90 0.00359762       0.00       0.00       0.00 1.00000000
#   564 "Sturnira_lilium"  "Myotis_volans"     19   6   0      1.000      0.406      0.188      0.129      0.000      0.789       3.16 0.00150359       3.16       3.16       0.00 1.00000000
#   641 "Lasiurus_cinereus "Centurio_senex"    17  15   0      1.000      0.361      0.107      0.217      0.137      0.659       5.99 0.00000000       5.99       5.99       5.99 0.00000000
#   643 "Lasiurus_cinereus "Desmodus_rotundus  17  14   0      1.000      0.381      0.120      0.233      0.168      0.647       5.16 0.00000024       5.16       5.16       4.72 0.00000221
#   645 "Lasiurus_cinereus "Carollia_perspici  17  13   0      1.000      0.427      0.143      0.631      0.145      0.869       4.01 0.00005770       4.01       4.01       3.45 0.00053519
#   646 "Lasiurus_cinereus "Platyrrhinus_hell  17  13   0      1.000      0.384      0.135      0.520      0.095      0.869       4.55 0.00000507       4.55       4.55       4.06 0.00004700
#   647 "Lasiurus_cinereus "Lasionycteris_noc  17  13  12      0.023      0.387      0.134      0.473      0.095      0.747      -2.73 0.00627249      -2.73      -2.73       0.00 1.00000000
#   648 "Lasiurus_cinereus "Uroderma_bilobatu  17  13   0      1.000      0.384      0.140      0.402      0.145      0.747       4.41 0.00000966       4.41       4.41       3.90 0.00008957
#   649 "Lasiurus_cinereus "Artibeus_toltecus  17  12   0      1.000      0.414      0.133      0.374      0.176      0.735       4.40 0.00001037       4.40       4.40       3.89 0.00009620
#   650 "Lasiurus_cinereus "Pteronotus_parnel  17  12   0      1.000      0.396      0.133      0.782      0.176      0.863       4.55 0.00000513       4.55       4.55       4.05 0.00004755
#   651 "Lasiurus_cinereus "Artibeus_watsoni"  17  11   0      1.000      0.415      0.144      0.096      0.086      0.722       4.06 0.00004596       4.06       4.06       3.51 0.00042628
#   653 "Lasiurus_cinereus "Phyllostomus_disc  17  10   0      1.000      0.439      0.139      0.443      0.176      0.847       4.03 0.00005305       4.03       4.03       3.47 0.00049207
#   656 "Lasiurus_cinereus "Pteronotus_davyi"  17   8   0      1.000      0.481      0.172     -0.043      0.074      0.824       3.02 0.00242573       3.02       3.02       0.00 1.00000000
#   658 "Lasiurus_cinereus "Mormoops_megaloph  17   8   0      1.000      0.438      0.171      0.157      0.074      0.824       3.29 0.00094825       3.29       3.29       0.00 1.00000000
#   661 "Lasiurus_cinereus "Sturnira_ludovici  17   7   0      1.000      0.471      0.166     -0.066      0.092      0.807       3.18 0.00142437       3.18       3.18       0.00 1.00000000
#   743 "Myotis_lucifugus" "Centurio_senex"    15  15   0      1.000      0.396      0.138      0.807      0.111      0.871       4.36 0.00001210       4.36       4.36       3.85 0.00011224
#   745 "Myotis_lucifugus" "Desmodus_rotundus  15  14   0      1.000      0.402      0.118      0.194      0.095      0.629       5.06 0.00000042       5.06       5.06       4.60 0.00000387
#   746 "Myotis_lucifugus" "Myotis_keenii"     15  13  11      0.041      0.442      0.122      0.388      0.179      0.733      -3.29 0.00096232      -3.29      -3.29       0.00 1.00000000
#   747 "Myotis_lucifugus" "Carollia_perspici  15  13   0      1.000      0.434      0.136      0.105      0.123      0.733       4.17 0.00002831       4.17       4.17       3.64 0.00026262
#   748 "Myotis_lucifugus" "Platyrrhinus_hell  15  13   0      1.000      0.417      0.149      0.505      0.179      0.862       3.93 0.00008190       3.93       3.93       3.36 0.00075967
#   750 "Myotis_lucifugus" "Uroderma_bilobatu  15  13   0      1.000      0.417      0.125      0.596      0.179      0.733       4.67 0.00000292       4.67       4.67       4.18 0.00002709
#   751 "Myotis_lucifugus" "Artibeus_toltecus  15  12   0      1.000      0.437      0.124     -0.018      0.156      0.722       4.53 0.00000566       4.53       4.53       4.03 0.00005252
#   752 "Myotis_lucifugus" "Pteronotus_parnel  15  12   0      1.000      0.460      0.136      0.200      0.222      0.722       3.97 0.00006932       3.97       3.97       3.40 0.00064301
#   753 "Myotis_lucifugus" "Artibeus_watsoni"  15  11   0      1.000      0.472      0.126      0.105      0.194      0.709       4.18 0.00002760       4.18       4.18       3.64 0.00025599
#   755 "Myotis_lucifugus" "Phyllostomus_disc  15  10   0      1.000      0.458      0.159      0.257      0.160      0.840       3.41 0.00062525       3.41       3.41       0.00 1.00000000
#   845 "Centurio_senex"   "Lasiurus_borealis  15  14   0      1.000      0.398      0.122      0.568      0.143      0.743       4.93 0.00000077       4.93       4.93       4.47 0.00000719
#   847 "Centurio_senex"   "Myotis_keenii"     15  13   0      1.000      0.398      0.132      0.510      0.123      0.862       4.58 0.00000441       4.58       4.58       4.09 0.00004091
#   849 "Centurio_senex"   "Platyrrhinus_hell  15  13   9      0.123      0.415      0.128      0.400      0.179      0.733      -2.29 0.02185601       0.00       0.00       0.00 1.00000000
#   850 "Centurio_senex"   "Lasionycteris_noc  15  13   0      1.000      0.429      0.149      0.388      0.179      0.862       3.83 0.00012296       3.83       3.83       0.00 1.00000000
#   855 "Centurio_senex"   "Perimyotis_subfla  15  10   0      1.000      0.503      0.174      0.139      0.160      0.840       2.86 0.00418115       2.86       2.86       0.00 1.00000000
#   856 "Centurio_senex"   "Phyllostomus_disc  15  10   9      0.040      0.457      0.150      0.667      0.093      1.000      -2.78 0.00538349      -2.78      -2.78       0.00 1.00000000
#   857 "Centurio_senex"   "Tadarida_brasilie  15   9   0      1.000      0.477      0.168      0.180      0.119      0.830       3.11 0.00178432       3.11       3.11       0.00 1.00000000
#   858 "Centurio_senex"   "Myotis_leibii"     15   9   0      1.000      0.469      0.162      0.207      0.119      0.830       3.28 0.00100589       3.28       3.28       0.00 1.00000000
#   860 "Centurio_senex"   "Choeroniscus_godm  15   8   7      0.067      0.490      0.168      0.105      0.150      0.817      -2.52 0.01147127      -2.52      -2.52       0.00 1.00000000
#   864 "Centurio_senex"   "Sturnira_ludovici  15   7   6      0.086      0.527      0.177     -0.057      0.190      0.800      -2.50 0.01232088      -2.50      -2.50       0.00 1.00000000
#   866 "Centurio_senex"   "Chiroderma_villos  15   6   6      0.000      0.536      0.205      0.181      0.111      1.000      -2.62 0.00864714       0.00       0.00       0.00 1.00000000
#   875 "Centurio_senex"   "Vampyrodes_caracc  15   6   6      0.000      0.520      0.205      0.286      0.111      1.000      -2.53 0.01111585       0.00       0.00       0.00 1.00000000
#   878 "Centurio_senex"   "Lampronycteris_br  15   5   5      0.000      0.530      0.222      0.321      0.147      1.000      -2.39 0.01654184       0.00       0.00       0.00 1.00000000
#   946 "Lasiurus_borealis "Desmodus_rotundus  14  14   0      1.000      0.441      0.120      0.604      0.184      0.862       4.65 0.00000310       4.65       4.65       4.17 0.00002875
#   947 "Lasiurus_borealis "Myotis_keenii"     14  13  11      0.033      0.446      0.139      0.265      0.165      0.857      -2.97 0.00291306      -2.97      -2.97       0.00 1.00000000
#   948 "Lasiurus_borealis "Carollia_perspici  14  13   0      1.000      0.442      0.120     -0.225      0.110      0.725       4.66 0.00000292       4.66       4.66       4.18 0.00002709
#   949 "Lasiurus_borealis "Platyrrhinus_hell  14  13   0      1.000      0.424      0.128      0.493      0.165      0.725       4.49 0.00000662       4.49       4.49       3.99 0.00006137
#   952 "Lasiurus_borealis "Artibeus_toltecus  14  12   0      1.000      0.457      0.158      0.410      0.143      0.851       3.44 0.00054693       3.44       3.44       0.00 1.00000000
#   953 "Lasiurus_borealis "Pteronotus_parnel  14  12   0      1.000      0.461      0.152      0.318      0.089      0.851       3.56 0.00035429       3.56       3.56       0.00 1.00000000
#   955 "Lasiurus_borealis "Perimyotis_subfla  14  10   9      0.036      0.461      0.147      0.512      0.150      1.000      -2.89 0.00377685      -2.89      -2.89       0.00 1.00000000
#   956 "Lasiurus_borealis "Phyllostomus_disc  14  10   0      1.000      0.490      0.152      0.362      0.229      0.836       3.35 0.00077826       3.35       3.35       0.00 1.00000000
#   971 "Lasiurus_borealis "Nycticeius_humera  14   6   6      0.000      0.522      0.179      0.154      0.107      1.000      -2.91 0.00346190       0.00       0.00       0.00 1.00000000
#  1046 "Desmodus_rotundus "Myotis_keenii"     14  13   0      1.000      0.471      0.148      0.378      0.110      0.857       3.57 0.00033951       3.57       3.57       0.00 1.00000000
#  1049 "Desmodus_rotundus "Lasionycteris_noc  14  13   0      1.000      0.424      0.134      0.673      0.165      0.857       4.30 0.00001585       4.30       4.30       3.78 0.00014707
#  1052 "Desmodus_rotundus "Pteronotus_parnel  14  12  10      0.048      0.449      0.142      0.649      0.143      0.851      -2.84 0.00443125      -2.84      -2.84       0.00 1.00000000
#  1054 "Desmodus_rotundus "Perimyotis_subfla  14  10   0      1.000      0.468      0.173      0.399      0.150      0.836       3.07 0.00204504       3.07       3.07       0.00 1.00000000
#  1057 "Desmodus_rotundus "Myotis_leibii"     14   9   0      1.000      0.493      0.153      0.153      0.111      0.825       3.33 0.00084674       3.33       3.33       0.00 1.00000000
#  1063 "Desmodus_rotundus "Sturnira_ludovici  14   7   7      0.000      0.530      0.211     -0.049      0.082      1.000      -2.52 0.01160485       0.00       0.00       0.00 1.00000000
#  1069 "Desmodus_rotundus "Myotis_volans"     14   6   0      1.000      0.522      0.182     -0.123      0.107      0.774       2.62 0.00855732       2.62       2.62       0.00 1.00000000
#  1077 "Desmodus_rotundus "Lampronycteris_br  14   5   5      0.000      0.545      0.225      0.364      0.143      1.000      -2.42 0.01531744       0.00       0.00       0.00 1.00000000
#  1087 "Desmodus_rotundus "Eptesicus_furinal  14   4   4      0.000      0.576      0.243      0.072      0.196      1.000      -2.37 0.01745421       0.00       0.00       0.00 1.00000000
#  1145 "Myotis_keenii"    "Carollia_perspici  13  13   0      1.000      0.463      0.146      0.288      0.148      0.852       3.69 0.00021499       3.69       3.69       0.00 1.00000000
#  1146 "Myotis_keenii"    "Platyrrhinus_hell  13  13   0      1.000      0.433      0.154      0.518      0.148      0.852       3.68 0.00021821       3.68       3.68       0.00 1.00000000
#  1148 "Myotis_keenii"    "Uroderma_bilobatu  13  13   0      1.000      0.427      0.131      0.692      0.095      0.716       4.39 0.00001079       4.39       4.39       3.88 0.00010007
#  1149 "Myotis_keenii"    "Artibeus_toltecus  13  12   0      1.000      0.453      0.150      0.767      0.128      0.846       3.63 0.00026596       3.63       3.63       0.00 1.00000000
#  1150 "Myotis_keenii"    "Pteronotus_parnel  13  12   0      1.000      0.457      0.136      0.128      0.192      0.846       3.98 0.00006515       3.98       3.98       3.42 0.00060430
#  1153 "Myotis_keenii"    "Phyllostomus_disc  13  10   0      1.000      0.452      0.155      0.370      0.138      0.831       3.54 0.00038862       3.54       3.54       0.00 1.00000000
#  1159 "Myotis_keenii"    "Carollia_sowelli"  13   8   0      1.000      0.496      0.176      0.044      0.135      0.808       2.86 0.00414872       2.86       2.86       0.00 1.00000000
#  1243 "Carollia_perspici "Platyrrhinus_hell  13  13  12      0.006      0.455      0.132      0.103      0.148      0.852      -3.40 0.00063825      -3.40      -3.40       0.00 1.00000000
#  1245 "Carollia_perspici "Uroderma_bilobatu  13  13  10      0.053      0.457      0.163      0.667      0.213      0.852      -2.48 0.01288986      -2.48       0.00       0.00 1.00000000
#  1246 "Carollia_perspici "Artibeus_toltecus  13  12   9      0.077      0.470      0.142      0.634      0.192      0.846      -2.77 0.00545174      -2.77       0.00       0.00 1.00000000
#  1248 "Carollia_perspici "Artibeus_watsoni"  13  11  11      0.000      0.456      0.134      0.533      0.168      0.839      -3.40 0.00065029       0.00       0.00       0.00 1.00000000
#  1250 "Carollia_perspici "Phyllostomus_disc  13  10   8      0.077      0.487      0.184      0.107      0.138      0.831      -2.23 0.02541977      -2.23      -2.23       0.00 1.00000000
#  1256 "Carollia_perspici "Carollia_sowelli"  13   8   8      0.000      0.522      0.176      0.289      0.231      1.000      -2.97 0.00284094       0.00       0.00       0.00 1.00000000
#  1259 "Carollia_perspici "Vampyressa_pusill  13   7   6      0.077      0.537      0.185      0.551      0.176      1.000      -2.49 0.01273227      -2.49      -2.49       0.00 1.00000000
#  1269 "Carollia_perspici "Vampyrodes_caracc  13   6   6      0.000      0.534      0.202      0.214      0.103      1.000      -2.64 0.00805861       0.00       0.00       0.00 1.00000000
#  1272 "Carollia_perspici "Lampronycteris_br  13   5   5      0.000      0.580      0.205      0.089      0.138      1.000      -2.83 0.00459069       0.00       0.00       0.00 1.00000000
#  1340 "Platyrrhinus_hell "Lasionycteris_noc  13  13   0      1.000      0.445      0.142      0.471      0.148      0.852       3.90 0.00009245       3.90       3.90       3.32 0.00085753
#  1341 "Platyrrhinus_hell "Uroderma_bilobatu  13  13  11      0.024      0.446      0.154      0.523      0.148      0.852      -2.74 0.00599176      -2.74      -2.74       0.00 1.00000000
#  1342 "Platyrrhinus_hell "Artibeus_toltecus  13  12  10      0.038      0.448      0.139      0.580      0.192      0.846      -2.95 0.00309849      -2.95      -2.95       0.00 1.00000000
#  1344 "Platyrrhinus_hell "Artibeus_watsoni"  13  11  11      0.000      0.472      0.147      0.279      0.105      0.839      -3.21 0.00128561       0.00       0.00       0.00 1.00000000
#  1346 "Platyrrhinus_hell "Phyllostomus_disc  13  10   8      0.077      0.487      0.155      0.604      0.138      1.000      -2.64 0.00807470      -2.64       0.00       0.00 1.00000000
#  1347 "Platyrrhinus_hell "Tadarida_brasilie  13   9   0      1.000      0.493      0.164      0.465      0.179      0.821       3.09 0.00191742       3.09       3.09       0.00 1.00000000
#  1350 "Platyrrhinus_hell "Choeroniscus_godm  13   8   6      0.135      0.501      0.173      0.644      0.231      1.000      -2.11 0.03431433       0.00       0.00       0.00 1.00000000
#  1352 "Platyrrhinus_hell "Carollia_sowelli"  13   8   7      0.058      0.477      0.159      0.440      0.135      1.000      -2.64 0.00817788      -2.64      -2.64       0.00 1.00000000
#  1355 "Platyrrhinus_hell "Vampyressa_pusill  13   7   7      0.000      0.523      0.205      0.497      0.176      1.000      -2.56 0.01036566       0.00       0.00       0.00 1.00000000
#  1359 "Platyrrhinus_hell "Saccopteryx_bilin  13   6   5      0.103      0.538      0.182      0.418      0.231      1.000      -2.40 0.01630372       0.00       0.00       0.00 1.00000000
#  1365 "Platyrrhinus_hell "Vampyrodes_caracc  13   6   6      0.000      0.542      0.194      0.304      0.103      1.000      -2.80 0.00504375       0.00       0.00       0.00 1.00000000
#  1369 "Platyrrhinus_hell "Carollia_brevicau  13   5   5      0.000      0.569      0.218     -0.055      0.138      1.000      -2.62 0.00873458       0.00       0.00       0.00 1.00000000
#  1436 "Lasionycteris_noc "Uroderma_bilobatu  13  13   0      1.000      0.439      0.136      0.539      0.148      0.852       4.13 0.00003415       4.13       4.13       3.59 0.00031680
#  1437 "Lasionycteris_noc "Artibeus_toltecus  13  12   0      1.000      0.471      0.163      0.543      0.192      0.846       3.25 0.00110930       3.25       3.25       0.00 1.00000000
#  1438 "Lasionycteris_noc "Pteronotus_parnel  13  12   0      1.000      0.467      0.149      0.306      0.128      0.846       3.57 0.00034505       3.57       3.57       0.00 1.00000000
#  1439 "Lasionycteris_noc "Artibeus_watsoni"  13  11   0      1.000      0.457      0.132      0.209      0.168      0.692       4.12 0.00003499       4.12       4.12       3.58 0.00032454
#  1455 "Lasionycteris_noc "Myotis_volans"     13   6   5      0.103      0.550      0.173      0.038      0.231      1.000      -2.59 0.00939560       0.00       0.00       0.00 1.00000000
#  1531 "Uroderma_bilobatu "Artibeus_toltecus  13  12  10      0.038      0.479      0.171      0.667      0.192      1.000      -2.57 0.01002181      -2.57      -2.57       0.00 1.00000000
#  1533 "Uroderma_bilobatu "Artibeus_watsoni"  13  11  10      0.021      0.487      0.179      0.473      0.105      0.839      -2.60 0.00923115      -2.60      -2.60       0.00 1.00000000
#  1535 "Uroderma_bilobatu "Phyllostomus_disc  13  10   8      0.077      0.469      0.150      0.487      0.138      1.000      -2.61 0.00895494       0.00       0.00       0.00 1.00000000
#  1536 "Uroderma_bilobatu "Tadarida_brasilie  13   9   0      1.000      0.482      0.174      0.419      0.179      0.821       2.97 0.00288218       2.97       2.97       0.00 1.00000000
#  1537 "Uroderma_bilobatu "Myotis_leibii"     13   9   0      1.000      0.492      0.159      0.248      0.179      0.821       3.19 0.00137591       3.19       3.19       0.00 1.00000000
#  1544 "Uroderma_bilobatu "Vampyressa_pusill  13   7   6      0.077      0.542      0.188      0.284      0.176      1.000      -2.47 0.01320100      -2.47      -2.47       0.00 1.00000000
#  1554 "Uroderma_bilobatu "Vampyrodes_caracc  13   6   6      0.000      0.573      0.204      0.145      0.103      1.000      -2.81 0.00483769       0.00       0.00       0.00 1.00000000
#  1558 "Uroderma_bilobatu "Carollia_brevicau  13   5   5      0.000      0.541      0.190      0.359      0.138      1.000      -2.85 0.00425190       0.00       0.00       0.00 1.00000000
#  1626 "Artibeus_toltecus "Artibeus_watsoni"  12  11   9      0.045      0.487      0.153      0.669      0.227      1.000      -2.90 0.00368071      -2.90      -2.90       0.00 1.00000000
#  1637 "Artibeus_toltecus "Vampyressa_pusill  12   7   6      0.071      0.533      0.168      0.109      0.167      1.000      -2.75 0.00583273      -2.75      -2.75       0.00 1.00000000
#  1640 "Artibeus_toltecus "Glossophaga_commi  12   6   5      0.097      0.600      0.203      0.229      0.222      1.000      -2.48 0.01305032      -2.48      -2.48       0.00 1.00000000
#  1723 "Pteronotus_parnel "Pteronotus_davyi"  12   8   6      0.125      0.536      0.185      0.318      0.219      1.000      -2.22 0.02589983       0.00       0.00       0.00 1.00000000
#  1725 "Pteronotus_parnel "Mormoops_megaloph  12   8   7      0.052      0.553      0.183      0.219      0.219      1.000      -2.73 0.00609362      -2.73      -2.73       0.00 1.00000000
#  1733 "Pteronotus_parnel "Saccopteryx_bilin  12   6   6      0.000      0.531      0.209      0.278      0.097      1.000      -2.55 0.01072532       0.00       0.00       0.00 1.00000000
#  1741 "Pteronotus_parnel "Natalus_stramineu  12   5   5      0.000      0.602      0.220      0.297      0.133      1.000      -2.73 0.00614554       0.00       0.00       0.00 1.00000000
#  1743 "Pteronotus_parnel "Carollia_brevicau  12   5   5      0.000      0.582      0.200      0.344      0.133      1.000      -2.91 0.00355190       0.00       0.00       0.00 1.00000000
#  1811 "Artibeus_watsoni" "Phyllostomus_disc  11  10   8      0.055      0.534      0.168      0.065      0.109      1.000      -2.86 0.00418288      -2.86      -2.86       0.00 1.00000000
#  1817 "Artibeus_watsoni" "Carollia_sowelli"  11   8   7      0.045      0.547      0.177      0.026      0.205      1.000      -2.83 0.00449091      -2.83      -2.83       0.00 1.00000000
#  1821 "Artibeus_watsoni" "Chiroderma_villos  11   6   5      0.091      0.590      0.199      0.233      0.212      1.000      -2.51 0.01201916      -2.51      -2.51       0.00 1.00000000
#  1830 "Artibeus_watsoni" "Vampyrodes_caracc  11   6   6      0.000      0.625      0.228     -0.005      0.091      1.000      -2.75 0.00584191       0.00       0.00       0.00 1.00000000
#  1916 "Perimyotis_subfla "Nycticeius_humera  10   6   6      0.000      0.611      0.218      0.235      0.200      1.000      -2.80 0.00497770       0.00       0.00       0.00 1.00000000
#  1991 "Phyllostomus_disc "Tadarida_brasilie  10   9   0      1.000      0.499      0.147     -0.055      0.133      0.800       3.40 0.00065076       3.40       3.40       0.00 1.00000000
#  1994 "Phyllostomus_disc "Choeroniscus_godm  10   8   6      0.100      0.592      0.192      0.073      0.188      1.000      -2.56 0.01013452       0.00       0.00       0.00 1.00000000
#  1999 "Phyllostomus_disc "Vampyressa_pusill  10   7   5      0.143      0.588      0.164      0.057      0.257      1.000      -2.72 0.00635260       0.00       0.00       0.00 1.00000000
#  2009 "Phyllostomus_disc "Vampyrodes_caracc  10   6   5      0.083      0.588      0.189      0.205      0.200      1.000      -2.67 0.00740737      -2.67      -2.67       0.00 1.00000000
#  2089 "Tadarida_brasilie "Antrozous_pallidu   9   6   6      0.000      0.650      0.241     -0.066      0.185      1.000      -2.70 0.00674295       0.00       0.00       0.00 1.00000000
#  2092 "Tadarida_brasilie "Myotis_volans"      9   6   5      0.074      0.601      0.220      0.136      0.185      1.000      -2.39 0.01651162      -2.39      -2.39       0.00 1.00000000
#  2094 "Tadarida_brasilie "Parastrellus_hesp   9   6   6      0.000      0.597      0.226      0.033      0.185      1.000      -2.64 0.00818509       0.00       0.00       0.00 1.00000000
#  2096 "Tadarida_brasilie "Corynorhinus_town   9   6   6      0.000      0.608      0.215      0.295      0.185      1.000      -2.83 0.00451976       0.00       0.00       0.00 1.00000000
#  2358 "Choeroniscus_godm "Lampronycteris_br   8   5   4      0.100      0.697      0.222     -0.252      0.250      1.000      -2.69 0.00706702      -2.69      -2.69       0.00 1.00000000
#  2437 "Mormoops_megaloph "Leptonycteris_yer   8   6   5      0.062      0.657      0.225      0.156      0.312      1.000      -2.64 0.00816679      -2.64      -2.64       0.00 1.00000000
#  2441 "Mormoops_megaloph "Natalus_stramineu   8   5   4      0.100      0.663      0.229      0.093      0.250      1.000      -2.46 0.01360577      -2.46      -2.46       0.00 1.00000000
#  2449 "Mormoops_megaloph "Micronycteris_meg   8   4   4      0.000      0.714      0.287     -0.515      0.156      1.000      -2.48 0.01276457       0.00       0.00       0.00 1.00000000
#  2537 "Carollia_sowelli" "Chiroderma_salvin   8   3   3      0.000      0.737      0.275     -0.435      0.250      1.000      -2.68 0.00713098      -2.68       0.00       0.00 1.00000000
#  2629 "Artibeus_intermed "Micronycteris_mic   8   3   3      0.000      0.683      0.263     -0.072      0.250      1.000      -2.60 0.00918323       0.00       0.00       0.00 1.00000000
#  2676 "Sturnira_ludovici "Chiroderma_villos   7   6   4      0.143      0.675      0.212      0.086      0.286      1.000      -2.51 0.01179129      -2.51      -2.51       0.00 1.00000000
#  2688 "Sturnira_ludovici "Lampronycteris_br   7   5   4      0.086      0.710      0.223     -0.218      0.229      1.000      -2.80 0.00496906      -2.80      -2.80       0.00 1.00000000
#  2759 "Vampyressa_pusill "Saccopteryx_bilin   7   6   5      0.048      0.688      0.214      0.121      0.286      1.000      -3.00 0.00265229      -3.00      -3.00       0.00 1.00000000
#  2768 "Vampyressa_pusill "Lampronycteris_br   7   5   4      0.086      0.663      0.220      0.009      0.229      1.000      -2.62 0.00870848      -2.62      -2.62       0.00 1.00000000
#  2769 "Vampyressa_pusill "Carollia_brevicau   7   5   5      0.000      0.686      0.239     -0.164      0.086      1.000      -2.87 0.00393778       0.00       0.00       0.00 1.00000000
#  2774 "Vampyressa_pusill "Trachops_cirrhosu   7   4   3      0.143      0.759      0.243     -0.365      0.357      1.000      -2.53 0.01115406      -2.53      -2.53       0.00 1.00000000
#  2844 "Chiroderma_villos "Vampyrodes_caracc   6   6   4      0.111      0.751      0.216     -0.165      0.250      1.000      -2.97 0.00293154      -2.97      -2.97       0.00 1.00000000
#  2854 "Chiroderma_villos "Micronycteris_meg   6   4   3      0.125      0.718      0.243     -0.107      0.333      1.000      -2.44 0.01463521      -2.44      -2.44       0.00 1.00000000
#  2919 "Antrozous_pallidu "Parastrellus_hesp   6   6   6      0.000      0.690      0.221     -0.120      0.111      1.000      -3.12 0.00177073       0.00       0.00       0.00 1.00000000
#  2921 "Antrozous_pallidu "Corynorhinus_town   6   6   5      0.028      0.735      0.250     -0.505      0.111      1.000      -2.82 0.00463736      -2.82      -2.82       0.00 1.00000000
#  2923 "Antrozous_pallidu "Myotis_yumanensis   6   5   4      0.067      0.681      0.240     -0.023      0.200      1.000      -2.55 0.01045483      -2.55      -2.55       0.00 1.00000000
#  2927 "Antrozous_pallidu "Myotis_californic   6   5   4      0.067      0.761      0.232     -0.411      0.200      1.000      -2.99 0.00272602      -2.99      -2.99       0.00 1.00000000
#  2958 "Antrozous_pallidu "Idionycteris_phyl   6   2   2      0.000      0.831      0.265     -0.954      0.417      1.000      -3.14 0.00163662      -3.14      -3.14       0.00 1.00000000
#  3078 "Saccopteryx_bilin "Lampronycteris_br   6   5   4      0.067      0.722      0.241     -0.170      0.200      1.000      -2.72 0.00637728      -2.72      -2.72       0.00 1.00000000
#  3079 "Saccopteryx_bilin "Carollia_brevicau   6   5   4      0.067      0.667      0.231      0.045      0.200      1.000      -2.60 0.00925577      -2.60      -2.60       0.00 1.00000000
#  3084 "Saccopteryx_bilin "Trachops_cirrhosu   6   4   3      0.125      0.754      0.231     -0.236      0.333      1.000      -2.73 0.00619882      -2.73      -2.73       0.00 1.00000000
#  3085 "Saccopteryx_bilin "Micronycteris_meg   6   4   3      0.125      0.739      0.262     -0.327      0.333      1.000      -2.34 0.01882923      -2.34      -2.34       0.00 1.00000000
#  3093 "Saccopteryx_bilin "Noctilio_leporinu   6   3   3      0.000      0.749      0.253     -0.285      0.222      1.000      -2.96 0.00300515      -2.96       0.00       0.00 1.00000000
#  3099 "Saccopteryx_bilin "Bauerus_dubiaquer   6   3   3      0.000      0.738      0.262     -0.299      0.222      1.000      -2.82 0.00470078      -2.82       0.00       0.00 1.00000000
#  3107 "Saccopteryx_bilin "Hylonycteris_unde   6   2   2      0.000      0.784      0.282     -0.555      0.417      1.000      -2.78 0.00523001      -2.78       0.00       0.00 1.00000000
#  3149 "Myotis_volans"    "Corynorhinus_town   6   6   4      0.111      0.709      0.215     -0.029      0.250      1.000      -2.78 0.00527483      -2.78      -2.78       0.00 1.00000000
#  3151 "Myotis_volans"    "Myotis_yumanensis   6   5   4      0.067      0.727      0.231     -0.245      0.200      1.000      -2.86 0.00410235      -2.86      -2.86       0.00 1.00000000
#  3155 "Myotis_volans"    "Myotis_californic   6   5   4      0.067      0.721      0.237     -0.160      0.200      1.000      -2.76 0.00565571      -2.76      -2.76       0.00 1.00000000
#  3157 "Myotis_volans"    "Myotis_thysanodes   6   5   5      0.000      0.699      0.237     -0.286      0.067      1.000      -2.96 0.00301921       0.00       0.00       0.00 1.00000000
#  3296 "Parastrellus_hesp "Corynorhinus_town   6   6   5      0.028      0.674      0.227     -0.006      0.250      1.000      -2.85 0.00425839      -2.85      -2.85       0.00 1.00000000
#  3298 "Parastrellus_hesp "Myotis_yumanensis   6   5   4      0.067      0.721      0.237     -0.160      0.200      1.000      -2.76 0.00565541      -2.76      -2.76       0.00 1.00000000
#  3302 "Parastrellus_hesp "Myotis_californic   6   5   4      0.067      0.674      0.221      0.057      0.200      1.000      -2.75 0.00582457      -2.75      -2.75       0.00 1.00000000
#  3522 "Vampyrodes_caracc "Vampyressa_thyone   6   4   3      0.125      0.742      0.240     -0.224      0.333      1.000      -2.57 0.00983655      -2.57      -2.57       0.00 1.00000000
#  3584 "Myotis_yumanensis "Myotis_californic   5   5   4      0.040      0.742      0.244     -0.358      0.160      1.000      -2.88 0.00388122      -2.88      -2.88       0.00 1.00000000
#  3586 "Myotis_yumanensis "Myotis_thysanodes   5   5   3      0.160      0.755      0.246     -0.341      0.360      1.000      -2.42 0.01525140       0.00       0.00       0.00 1.00000000
#  3615 "Myotis_yumanensis "Idionycteris_phyl   5   2   2      0.000      0.898      0.225     -1.811      0.400      1.000      -3.98 0.00006390      -3.98      -3.98      -3.42 0.00059269
#  3723 "Lampronycteris_br "Trachops_cirrhosu   5   4   3      0.100      0.773      0.241     -0.426      0.300      1.000      -2.79 0.00513279      -2.79      -2.79       0.00 1.00000000
#  3755 "Lampronycteris_br "Vampyrum_spectrum   5   2   2      0.000      0.832      0.269     -1.010      0.400      1.000      -3.09 0.00194490      -3.09      -3.09       0.00 1.00000000
#  3820 "Carollia_brevicau "Vampyrodes_major"   5   2   2      0.000      0.790      0.286     -0.648      0.400      1.000      -2.76 0.00563121      -2.76       0.00       0.00 1.00000000
#  3989 "Myotis_thysanodes "Myotis_evotis"      5   3   3      0.000      0.773      0.275     -0.649      0.200      1.000      -2.81 0.00486439      -2.81       0.00       0.00 1.00000000
#  4061 "Myotis_keaysi"    "Molossus_ater"      5   2   2      0.000      0.826      0.272     -0.954      0.400      1.000      -3.03 0.00233662      -3.03      -3.03       0.00 1.00000000
#  4134 "Trachops_cirrhosu "Mimon_cozumelae"    4   2   2      0.000      0.856      0.263     -1.323      0.375      1.000      -3.26 0.00108862      -3.26      -3.26       0.00 1.00000000
#  4196 "Micronycteris_meg "Vampyrum_spectrum   4   2   2      0.000      0.875      0.250     -1.546      0.375      1.000      -3.50 0.00044435      -3.50      -3.50       0.00 1.00000000
#  4356 "Eptesicus_furinal "Molossus_ater"      4   2   2      0.000      0.837      0.274     -1.128      0.375      1.000      -3.05 0.00217742      -3.05      -3.05       0.00 1.00000000
#  4726 "Tonatia_saurophil "Mimon_crenulatum"   3   2   2      0.000      0.827      0.292     -1.128      0.333      1.000      -2.83 0.00457633      -2.83      -2.83       0.00 1.00000000
#  4923 "Bauerus_dubiaquer "Thyroptera_tricol   3   2   2      0.000      0.873      0.262     -1.629      0.333      1.000      -3.34 0.00080574      -3.34      -3.34       0.00 1.00000000
#  5255 "Hylonycteris_unde "Thyroptera_tricol   2   2   2      0.000      0.902      0.252     -2.268      0.250      1.000      -3.58 0.00032985      -3.58      -3.58       0.00 1.00000000
#  5260 "Hylonycteris_unde "Mimon_bennettii"    2   2   2      0.000      0.933      0.215     -2.953      0.250      1.000      -4.34 0.00001311      -4.34      -4.34      -3.83 0.00012163
#  5297 "Thyroptera_tricol "Mimon_bennettii"    2   2   2      0.000      0.910      0.244     -2.411      0.250      1.000      -3.73 0.00017911      -3.73      -3.73       0.00 1.00000000
 
> Name               SP   CL+   CL-   BM+   BM-   BC+   BC-   BY+   BY-       NR   CL+   CL+
> NAmBats.txt      5995   136   173   128    87   128    76    83     2   599500  5995  5995
 
& File           Speci   Individ     BRInd       BRZ Cscoreind   CscoreZ Soeren.In  Soeren.Z    AbsInd      AbsZ CheckerIn  CheckerZ   CombInd     CombZ   CorrInd     CorrZ    SchInd      SchZ
& NAmBats.txt      110    609.00    0.5993    4.0847    0.1271   19.7734    0.0768    3.6067    0.0026    3.9539    0.1723   12.2854    0.8012    2.3256    0.1511    7.0324    0.0000    0.0000
 
%          Observed numbers                                          Expected numbers
% Class    Pairs   CL+   CL-   BM+   BM-   BC+   BC-   BY+   BY-       NR   CL+   CL-
% 0.000      999     0    88     0    18     0    12     0     2    63124   582   565
% 0.025       34     0    32     0    31     0    29     0     0       10     0     0
% 0.075       55     0    34     0    27     0    24     0     0      302     3     2
% 0.125       75     0    18     0    11     0    11     0     0     2420    33    28
% 0.175       64     0     1     0     0     0     0     0     0     3940    42    38
% 0.225       81     0     0     0     0     0     0     0     0     7605    79    85
% 0.275       94     0     0     0     0     0     0     0     0    15603   155   165
% 0.325       85     0     0     0     0     0     0     0     0    16041   145   162
% 0.375       49     0     0     0     0     0     0     0     0    11130   115   116
% 0.425      117     0     0     0     0     0     0     0     0    29056   292   287
% 0.475       74     0     0     0     0     0     0     0     0    24674   264   254
% 0.525       60     0     0     0     0     0     0     0     0    17050   161   204
% 0.575       63     0     0     0     0     0     0     0     0    17039   178   173
% 0.625       65     0     0     0     0     0     0     0     0    20112   192   204
% 0.675       26     0     0     0     0     0     0     0     0    11792   128   125
% 0.725       19     0     0     0     0     0     0     0     0    10881   106    99
% 0.775       16     0     0     0     0     0     0     0     0     6269    60    63
% 0.825        6     1     0     0     0     0     0     0     0     1201    10     9
% 0.875        3     3     0     0     0     0     0     3     0       47     0     0
% 0.925        4     4     0     0     0     0     0     4     0        0     0     0
% 0.975        0     0     0     0     0     0     0     0     0        0     0     0
% 1.000     4006   128     0   128     0   128     0    76     0   341204  3450  3416
