Packed matrix: NAmBats.txt                                       
 
                                 "X743 "X777 "X812 "X129 "X173 "X175 "X128 "X808 "X771 "X933 "X753 "X169 "X793 "X170 "X757 "X159 "X754 "X913 "X742 "X756 "X176 "X169 "X129 "X823 "X172 "X818 "X924 "X128       "X169 "X266 "X170 "X776 "X736 "X789 "X821 "X960 "X912 "X768 "X175 "X267 "X178 "X773 "X268 "X813 "X934 "X940
 
"Artibeus_jamaicens"                 1     1     1     1     1     1     1     1     1     1     1     1     1     1     0     1     0     1     1     0     1     1     1     0     1     0     1     1     0     0     0     0     0     0     0     0     0     0     0     0     0     0     0     0     0     0     0      23
"Eptesicus_fuscus"                   0     0     0     0     0     0     0     0     0     0     0     0     0     1     1     0     1     0     0     1     0     0     0     1     0     1     0     0     1     1     1     1     1     1     1     1     1     1     0     1     1     1     0     1     1     1     1      23
"Glossophaga_sorici"                 1     1     1     1     1     1     1     1     1     1     1     1     1     1     0     1     0     1     0     0     1     1     1     0     0     0     1     1     0     0     0     0     0     0     0     0     0     0     0     0     0     0     0     0     0     0     0      21
"Artibeus_lituratus"                 1     1     1     1     1     1     1     1     1     0     1     1     1     1     0     1     0     0     1     0     1     1     1     0     1     0     0     1     0     0     0     0     0     0     0     0     0     0     0     0     0     0     0     0     0     0     0      20
"Artibeus_phaeotis"                  1     1     1     1     1     1     1     1     1     0     1     1     1     0     0     1     0     1     0     0     1     1     1     0     1     0     1     0     0     0     0     0     0     0     0     0     0     0     0     0     0     0     0     0     0     0     0      19
"Sturnira_lilium"                    1     1     1     1     1     1     1     1     1     1     1     0     1     1     0     1     0     1     0     0     1     0     1     0     1     0     1     0     0     0     0     0     0     0     0     0     0     0     0     0     0     0     0     0     0     0     0      19
"Lasiurus_cinereus"                  0     0     0     0     0     0     0     0     0     0     0     0     0     0     1     0     1     0     0     1     0     0     0     1     0     0     0     0     1     1     1     1     1     0     0     1     1     0     1     0     1     1     1     1     0     0     1      17
"Myotis_lucifugus"                   0     0     0     0     0     0     0     0     0     0     0     0     0     0     1     0     0     0     0     0     0     0     0     0     0     0     0     0     1     1     1     0     0     0     1     1     1     1     1     1     1     1     0     1     1     1     0      15
"Centurio_senex"                     1     0     1     1     1     1     0     1     1     0     1     1     0     0     0     0     0     1     1     0     1     0     0     0     1     0     1     1     0     0     0     0     0     0     0     0     0     0     0     0     0     0     0     0     0     0     0      15
"Lasiurus_borealis"                  0     0     0     0     0     0     0     0     0     0     0     0     0     0     0     0     1     0     0     0     0     0     0     0     0     1     0     0     0     0     1     1     1     0     1     1     1     1     1     1     1     0     1     0     0     1     0      14
"Desmodus_rotundus"                  1     1     1     1     1     1     1     1     0     1     0     0     0     1     0     1     0     1     0     0     0     0     0     0     1     0     1     0     0     0     0     0     0     0     0     0     0     0     0     0     0     0     0     0     0     0     0      14
"Myotis_keenii"                      0     0     0     0     0     0     0     0     0     0     0     0     0     0     0     0     1     0     0     0     0     0     0     0     0     0     0     0     0     0     1     0     1     0     1     1     1     1     1     1     1     1     0     1     0     1     0      13
"Carollia_perspicil"                 1     1     1     1     1     1     0     1     1     0     0     1     0     1     0     0     0     0     0     0     1     1     1     0     0     0     0     0     0     0     0     0     0     0     0     0     0     0     0     0     0     0     0     0     0     0     0      13
"Platyrrhinus_helle"                 1     1     1     1     1     1     0     1     1     0     0     1     0     0     0     1     0     0     0     0     1     1     1     0     0     0     0     0     0     0     0     0     0     0     0     0     0     0     0     0     0     0     0     0     0     0     0      13
"Lasionycteris_noct"                 0     0     0     0     0     0     0     0     0     0     0     0     0     0     1     0     1     0     0     1     0     0     0     1     0     0     0     0     1     1     1     0     1     0     1     0     1     0     0     0     1     0     1     0     0     0     1      13
"Uroderma_bilobatum"                 1     1     1     1     1     1     1     0     1     0     0     1     0     0     0     1     0     0     1     0     0     1     1     0     0     0     0     0     0     0     0     0     0     0     0     0     0     0     0     0     0     0     0     0     0     0     0      13
"Artibeus_toltecus"                  1     1     1     1     1     0     0     0     1     0     0     1     1     0     0     1     0     0     0     0     0     1     1     0     1     0     0     0     0     0     0     0     0     0     0     0     0     0     0     0     0     0     0     0     0     0     0      12
"Pteronotus_parnell"                 1     1     1     1     0     0     1     1     0     1     1     0     1     1     0     1     0     1     0     0     0     0     0     0     0     0     0     0     0     0     0     0     0     0     0     0     0     0     0     0     0     0     0     0     0     0     0      12
"Artibeus_watsoni"                   1     1     1     1     1     1     0     0     1     0     0     1     0     0     0     0     0     0     0     0     1     1     1     0     0     0     0     0     0     0     0     0     0     0     0     0     0     0     0     0     0     0     0     0     0     0     0      11
"Perimyotis_subflav"                 0     0     0     0     0     0     0     0     0     0     0     0     0     0     0     0     0     0     0     0     0     0     0     0     0     1     0     0     0     0     1     1     1     0     0     1     0     1     1     1     0     0     1     0     1     0     0      10
"Phyllostomus_disco"                 1     1     1     1     0     1     0     0     1     0     0     1     0     0     0     0     0     0     1     0     1     0     0     0     0     0     0     1     0     0     0     0     0     0     0     0     0     0     0     0     0     0     0     0     0     0     0      10
"Tadarida_brasilien"                 0     0     0     0     0     0     0     0     0     0     0     0     0     0     1     0     1     0     0     1     0     0     0     1     0     1     0     0     1     0     0     1     0     1     0     0     0     0     0     0     0     0     1     0     0     0     0       9
"Myotis_leibii"                      0     0     0     0     0     0     0     0     0     0     0     0     0     0     0     0     0     0     0     1     0     0     0     1     0     1     0     0     1     0     0     0     0     0     1     1     0     1     0     0     0     1     0     1     0     0     0       9
"Pteronotus_davyi"                   1     0     1     1     0     0     1     0     0     0     0     0     0     0     0     1     0     1     1     0     0     0     0     0     0     0     0     1     0     0     0     0     0     0     0     0     0     0     0     0     0     0     0     0     0     0     0       8
"Choeroniscus_godma"                 1     0     1     1     1     0     0     0     0     0     0     0     0     0     0     1     0     0     1     0     1     0     0     0     0     0     0     1     0     0     0     0     0     0     0     0     0     0     0     0     0     0     0     0     0     0     0       8
"Mormoops_megalophy"                 1     0     1     1     0     0     1     0     0     0     1     0     1     0     0     0     0     1     0     0     0     0     0     0     0     0     1     0     0     0     0     0     0     0     0     0     0     0     0     0     0     0     0     0     0     0     0       8
"Carollia_sowelli"                   0     0     0     0     1     1     0     0     1     0     0     1     0     1     0     0     0     0     0     0     1     1     1     0     0     0     0     0     0     0     0     0     0     0     0     0     0     0     0     0     0     0     0     0     0     0     0       8
"Artibeus_intermedi"                 0     1     0     0     0     0     0     0     0     0     1     0     1     0     0     0     0     1     1     0     0     0     0     0     1     0     1     1     0     0     0     0     0     0     0     0     0     0     0     0     0     0     0     0     0     0     0       8
"Sturnira_ludovici"                  1     0     1     1     1     1     0     0     0     0     0     0     0     1     0     0     0     0     0     0     0     0     0     0     1     0     0     0     0     0     0     0     0     0     0     0     0     0     0     0     0     0     0     0     0     0     0       7
"Vampyressa_pusilla"                 1     1     1     1     0     0     0     1     0     0     0     1     0     0     0     1     0     0     0     0     0     0     0     0     0     0     0     0     0     0     0     0     0     0     0     0     0     0     0     0     0     0     0     0     0     0     0       7
"Chiroderma_villosu"                 1     0     1     1     0     1     0     0     1     0     1     0     0     0     0     0     0     0     0     0     0     0     0     0     0     0     0     0     0     0     0     0     0     0     0     0     0     0     0     0     0     0     0     0     0     0     0       6
"Antrozous_pallidus"                 0     0     0     0     0     0     0     0     0     0     0     0     0     0     1     0     1     0     0     1     0     0     0     1     0     1     0     0     0     0     0     0     0     1     0     0     0     0     0     0     0     0     0     0     0     0     0       6
"Glossophaga_commis"                 0     0     0     0     0     0     1     0     1     0     0     1     1     0     0     0     0     0     0     0     0     1     1     0     0     0     0     0     0     0     0     0     0     0     0     0     0     0     0     0     0     0     0     0     0     0     0       6
"Saccopteryx_biline"                 1     1     1     1     0     0     0     1     0     0     1     0     0     0     0     0     0     0     0     0     0     0     0     0     0     0     0     0     0     0     0     0     0     0     0     0     0     0     0     0     0     0     0     0     0     0     0       6
"Myotis_volans"                      0     0     0     0     0     0     0     0     0     0     0     0     0     0     1     0     1     0     0     1     0     0     0     0     0     0     0     0     1     1     0     0     0     1     0     0     0     0     0     0     0     0     0     0     0     0     0       6
"Nycticeius_humeral"                 0     0     0     0     0     0     0     0     0     0     0     0     0     0     0     0     0     0     0     0     0     0     0     0     0     1     0     0     0     0     1     1     1     0     0     0     0     0     1     0     0     0     1     0     0     0     0       6
"Parastrellus_hespe"                 0     0     0     0     0     0     0     0     0     0     0     0     0     0     1     0     1     0     0     1     0     0     0     1     0     1     0     0     0     0     0     0     0     1     0     0     0     0     0     0     0     0     0     0     0     0     0       6
"Leptonycteris_yerb"                 1     0     1     0     0     0     1     0     0     0     0     0     1     0     0     0     0     1     1     0     0     0     0     0     0     0     0     0     0     0     0     0     0     0     0     0     0     0     0     0     0     0     0     0     0     0     0       6
"Corynorhinus_towns"                 0     0     0     0     0     0     0     0     0     0     0     0     0     0     1     0     0     0     0     1     0     0     0     1     0     1     0     0     1     0     0     0     0     1     0     0     0     0     0     0     0     0     0     0     0     0     0       6
"Vampyrodes_caracci"                 1     0     0     1     1     1     0     0     1     0     0     1     0     0     0     0     0     0     0     0     0     0     0     0     0     0     0     0     0     0     0     0     0     0     0     0     0     0     0     0     0     0     0     0     0     0     0       6
"Myotis_yumanensis"                  0     0     0     0     0     0     0     0     0     0     0     0     0     0     1     0     1     0     0     0     0     0     0     1     0     0     0     0     0     1     0     0     0     1     0     0     0     0     0     0     0     0     0     0     0     0     0       5
"Natalus_stramineus"                 1     0     1     0     0     0     0     0     0     1     1     0     1     0     0     0     0     0     0     0     0     0     0     0     0     0     0     0     0     0     0     0     0     0     0     0     0     0     0     0     0     0     0     0     0     0     0       5
"Lampronycteris_bra"                 1     0     1     1     1     0     0     1     0     0     0     0     0     0     0     0     0     0     0     0     0     0     0     0     0     0     0     0     0     0     0     0     0     0     0     0     0     0     0     0     0     0     0     0     0     0     0       5
"Carollia_brevicaud"                 1     1     1     1     0     0     0     0     0     0     0     0     0     0     0     1     0     0     0     0     0     0     0     0     0     0     0     0     0     0     0     0     0     0     0     0     0     0     0     0     0     0     0     0     0     0     0       5
"Myotis_californicu"                 0     0     0     0     0     0     0     0     0     0     0     0     0     0     0     0     1     0     0     1     0     0     0     1     0     0     0     0     0     1     0     0     0     1     0     0     0     0     0     0     0     0     0     0     0     0     0       5
"Myotis_sodalis"                     0     0     0     0     0     0     0     0     0     0     0     0     0     0     0     0     0     0     0     0     0     0     0     0     0     0     0     0     0     0     0     0     0     0     1     0     1     0     0     1     0     1     0     0     1     0     0       5
"Myotis_thysanodes"                  0     0     0     0     0     0     0     0     0     0     0     0     0     0     1     0     1     0     0     1     0     0     0     0     0     0     0     0     1     1     0     0     0     0     0     0     0     0     0     0     0     0     0     0     0     0     0       5
"Myotis_keaysi"                      0     1     0     1     0     0     0     0     0     1     0     0     0     1     0     0     0     0     0     0     0     0     0     0     0     0     0     1     0     0     0     0     0     0     0     0     0     0     0     0     0     0     0     0     0     0     0       5
"Trachops_cirrhosus"                 1     1     0     0     1     0     0     1     0     0     0     0     0     0     0     0     0     0     0     0     0     0     0     0     0     0     0     0     0     0     0     0     0     0     0     0     0     0     0     0     0     0     0     0     0     0     0       4
"Micronycteris_mega"                 1     0     0     1     0     0     0     0     0     0     1     0     1     0     0     0     0     0     0     0     0     0     0     0     0     0     0     0     0     0     0     0     0     0     0     0     0     0     0     0     0     0     0     0     0     0     0       4
"Rhogeessa_parvula"                  0     0     0     0     0     0     1     0     0     0     0     0     1     0     0     0     0     0     0     0     0     0     0     0     0     0     1     1     0     0     0     0     0     0     0     0     0     0     0     0     0     0     0     0     0     0     0       4
"Vampyressa_thyone"                  0     0     0     0     1     1     0     0     1     0     0     0     0     0     0     0     0     0     1     0     0     0     0     0     0     0     0     0     0     0     0     0     0     0     0     0     0     0     0     0     0     0     0     0     0     0     0       4
"Eptesicus_furinali"                 0     1     0     0     0     0     0     1     0     1     0     0     0     1     0     0     0     0     0     0     0     0     0     0     0     0     0     0     0     0     0     0     0     0     0     0     0     0     0     0     0     0     0     0     0     0     0       4
"Myotis_velifer"                     0     0     0     0     0     0     0     0     0     0     0     0     0     1     0     0     0     0     0     1     0     0     0     0     0     1     0     0     0     0     0     0     0     0     0     0     0     0     0     0     0     0     0     0     0     0     0       3
"Chiroderma_salvini"                 0     0     0     0     1     1     0     0     0     0     0     0     0     0     0     0     0     0     0     0     1     0     0     0     0     0     0     0     0     0     0     0     0     0     0     0     0     0     0     0     0     0     0     0     0     0     0       3
"Lasiurus_blossevil"                 0     0     0     0     0     0     1     0     0     0     0     0     1     0     0     0     0     0     0     0     0     0     0     1     0     0     0     0     0     0     0     0     0     0     0     0     0     0     0     0     0     0     0     0     0     0     0       3
"Myotis_evotis"                      0     0     0     0     0     0     0     0     0     0     0     0     0     0     1     0     0     0     0     0     0     0     0     0     0     0     0     0     1     1     0     0     0     0     0     0     0     0     0     0     0     0     0     0     0     0     0       3
"Noctilio_leporinus"                 1     1     0     0     0     0     0     0     0     0     1     0     0     0     0     0     0     0     0     0     0     0     0     0     0     0     0     0     0     0     0     0     0     0     0     0     0     0     0     0     0     0     0     0     0     0     0       3
"Carollia_subrufa"                   0     0     0     0     0     0     1     1     0     0     0     0     0     0     0     0     0     1     0     0     0     0     0     0     0     0     0     0     0     0     0     0     0     0     0     0     0     0     0     0     0     0     0     0     0     0     0       3
"Tonatia_saurophila"                 0     1     0     0     1     1     0     0     0     0     0     0     0     0     0     0     0     0     0     0     0     0     0     0     0     0     0     0     0     0     0     0     0     0     0     0     0     0     0     0     0     0     0     0     0     0     0       3
"Glossophaga_moreno"                 0     0     0     0     0     0     1     0     0     0     0     0     1     0     0     0     0     0     0     0     0     0     0     0     1     0     0     0     0     0     0     0     0     0     0     0     0     0     0     0     0     0     0     0     0     0     0       3
"Lasiurus_ega"                       0     1     0     0     0     0     0     0     0     1     0     0     0     0     0     0     0     0     0     0     0     0     0     1     0     0     0     0     0     0     0     0     0     0     0     0     0     0     0     0     0     0     0     0     0     0     0       3
"Diphylla_ecaudata"                  0     0     0     0     0     1     0     0     0     1     0     0     0     1     0     0     0     0     0     0     0     0     0     0     0     0     0     0     0     0     0     0     0     0     0     0     0     0     0     0     0     0     0     0     0     0     0       3
"Bauerus_dubiaquerc"                 1     1     1     0     0     0     0     0     0     0     0     0     0     0     0     0     0     0     0     0     0     0     0     0     0     0     0     0     0     0     0     0     0     0     0     0     0     0     0     0     0     0     0     0     0     0     0       3
"Micronycteris_micr"                 0     1     0     0     0     0     0     0     0     0     0     0     0     0     0     0     0     0     1     0     0     0     0     0     0     0     1     0     0     0     0     0     0     0     0     0     0     0     0     0     0     0     0     0     0     0     0       3
"Mimon_crenulatum"                   0     1     0     0     0     1     0     0     0     0     0     0     0     0     0     0     0     0     0     0     0     0     0     0     0     0     0     0     0     0     0     0     0     0     0     0     0     0     0     0     0     0     0     0     0     0     0       2
"Molossus_ater"                      0     1     0     0     0     0     0     0     0     1     0     0     0     0     0     0     0     0     0     0     0     0     0     0     0     0     0     0     0     0     0     0     0     0     0     0     0     0     0     0     0     0     0     0     0     0     0       2
"Chrotopterus_aurit"                 0     0     0     1     0     0     0     1     0     0     0     0     0     0     0     0     0     0     0     0     0     0     0     0     0     0     0     0     0     0     0     0     0     0     0     0     0     0     0     0     0     0     0     0     0     0     0       2
"Lasiurus_intermedi"                 0     0     0     0     0     0     1     0     0     1     0     0     0     0     0     0     0     0     0     0     0     0     0     0     0     0     0     0     0     0     0     0     0     0     0     0     0     0     0     0     0     0     0     0     0     0     0       2
"Lasiurus_seminolus"                 0     0     0     0     0     0     0     0     0     0     0     0     0     0     0     0     0     0     0     0     0     0     0     0     0     0     0     0     0     0     0     1     1     0     0     0     0     0     0     0     0     0     0     0     0     0     0       2
"Sturnira_parvidens"                 0     0     0     0     0     0     0     0     0     0     0     1     0     0     0     0     0     0     0     0     0     1     0     0     0     0     0     0     0     0     0     0     0     0     0     0     0     0     0     0     0     0     0     0     0     0     0       2
"Hylonycteris_under"                 1     0     1     0     0     0     0     0     0     0     0     0     0     0     0     0     0     0     0     0     0     0     0     0     0     0     0     0     0     0     0     0     0     0     0     0     0     0     0     0     0     0     0     0     0     0     0       2
"Thyroptera_tricolo"                 1     0     1     0     0     0     0     0     0     0     0     0     0     0     0     0     0     0     0     0     0     0     0     0     0     0     0     0     0     0     0     0     0     0     0     0     0     0     0     0     0     0     0     0     0     0     0       2
"Nyctinomops_latica"                 0     0     0     0     0     0     0     0     0     1     1     0     0     0     0     0     0     0     0     0     0     0     0     0     0     0     0     0     0     0     0     0     0     0     0     0     0     0     0     0     0     0     0     0     0     0     0       2
"Lichonycteris_obsc"                 0     0     0     0     1     0     0     0     0     0     0     1     0     0     0     0     0     0     0     0     0     0     0     0     0     0     0     0     0     0     0     0     0     0     0     0     0     0     0     0     0     0     0     0     0     0     0       2
"Idionycteris_phyll"                 0     0     0     0     0     0     0     0     0     0     0     0     0     0     1     0     1     0     0     0     0     0     0     0     0     0     0     0     0     0     0     0     0     0     0     0     0     0     0     0     0     0     0     0     0     0     0       2
"Enchisthenes_harti"                 0     0     1     0     0     0     0     0     0     0     0     0     0     0     0     0     0     0     1     0     0     0     0     0     0     0     0     0     0     0     0     0     0     0     0     0     0     0     0     0     0     0     0     0     0     0     0       2
"Mimon_bennettii"                    1     0     1     0     0     0     0     0     0     0     0     0     0     0     0     0     0     0     0     0     0     0     0     0     0     0     0     0     0     0     0     0     0     0     0     0     0     0     0     0     0     0     0     0     0     0     0       2
"Mimon_cozumelae"                    0     1     0     0     0     0     0     1     0     0     0     0     0     0     0     0     0     0     0     0     0     0     0     0     0     0     0     0     0     0     0     0     0     0     0     0     0     0     0     0     0     0     0     0     0     0     0       2
"Vampyrodes_major"                   0     0     1     0     0     0     0     0     0     0     0     0     0     0     0     1     0     0     0     0     0     0     0     0     0     0     0     0     0     0     0     0     0     0     0     0     0     0     0     0     0     0     0     0     0     0     0       2
"Vampyrum_spectrum"                  1     0     0     1     0     0     0     0     0     0     0     0     0     0     0     0     0     0     0     0     0     0     0     0     0     0     0     0     0     0     0     0     0     0     0     0     0     0     0     0     0     0     0     0     0     0     0       2
"Nyctinomops_macrot"                 0     0     0     0     0     0     0     0     0     0     0     0     0     0     0     0     0     0     0     1     0     0     0     0     0     0     0     0     0     0     0     0     0     0     0     0     0     0     0     0     0     0     0     0     0     0     0       1
"Musonycteris_harri"                 0     0     0     0     0     0     0     0     0     0     0     0     0     0     0     0     0     1     0     0     0     0     0     0     0     0     0     0     0     0     0     0     0     0     0     0     0     0     0     0     0     0     0     0     0     0     0       1
"Myotis_auriculus"                   0     0     0     0     0     0     0     0     0     0     0     0     0     0     1     0     0     0     0     0     0     0     0     0     0     0     0     0     0     0     0     0     0     0     0     0     0     0     0     0     0     0     0     0     0     0     0       1
"Peropteryx_macroti"                 0     0     0     0     0     0     0     1     0     0     0     0     0     0     0     0     0     0     0     0     0     0     0     0     0     0     0     0     0     0     0     0     0     0     0     0     0     0     0     0     0     0     0     0     0     0     0       1
"Phylloderma_stenop"                 0     0     0     0     0     0     0     0     1     0     0     0     0     0     0     0     0     0     0     0     0     0     0     0     0     0     0     0     0     0     0     0     0     0     0     0     0     0     0     0     0     0     0     0     0     0     0       1
"Myotis_austroripar"                 0     0     0     0     0     0     0     0     0     0     0     0     0     0     0     0     0     0     0     0     0     0     0     0     0     0     0     0     0     0     0     1     0     0     0     0     0     0     0     0     0     0     0     0     0     0     0       1
"Glyphonycteris_syl"                 1     0     0     0     0     0     0     0     0     0     0     0     0     0     0     0     0     0     0     0     0     0     0     0     0     0     0     0     0     0     0     0     0     0     0     0     0     0     0     0     0     0     0     0     0     0     0       1
"Promops_centralis"                  0     0     0     0     0     0     0     0     0     1     0     0     0     0     0     0     0     0     0     0     0     0     0     0     0     0     0     0     0     0     0     0     0     0     0     0     0     0     0     0     0     0     0     0     0     0     0       1
"Myotis_elegans"                     0     1     0     0     0     0     0     0     0     0     0     0     0     0     0     0     0     0     0     0     0     0     0     0     0     0     0     0     0     0     0     0     0     0     0     0     0     0     0     0     0     0     0     0     0     0     0       1
"Diaemus_youngi"                     0     0     0     0     0     0     0     0     0     0     1     0     0     0     0     0     0     0     0     0     0     0     0     0     0     0     0     0     0     0     0     0     0     0     0     0     0     0     0     0     0     0     0     0     0     0     0       1
"Rhogeessa_aeneus"                   0     1     0     0     0     0     0     0     0     0     0     0     0     0     0     0     0     0     0     0     0     0     0     0     0     0     0     0     0     0     0     0     0     0     0     0     0     0     0     0     0     0     0     0     0     0     0       1
"Myotis_fortidens"                   0     0     0     0     0     0     0     0     0     0     0     0     0     0     0     0     0     0     1     0     0     0     0     0     0     0     0     0     0     0     0     0     0     0     0     0     0     0     0     0     0     0     0     0     0     0     0       1
"Rhogeessa_tumida"                   0     0     0     0     0     0     0     0     0     1     0     0     0     0     0     0     0     0     0     0     0     0     0     0     0     0     0     0     0     0     0     0     0     0     0     0     0     0     0     0     0     0     0     0     0     0     0       1
"Rhynchonycteris_na"                 0     1     0     0     0     0     0     0     0     0     0     0     0     0     0     0     0     0     0     0     0     0     0     0     0     0     0     0     0     0     0     0     0     0     0     0     0     0     0     0     0     0     0     0     0     0     0       1
"Diclidurus_albus"                   1     0     0     0     0     0     0     0     0     0     0     0     0     0     0     0     0     0     0     0     0     0     0     0     0     0     0     0     0     0     0     0     0     0     0     0     0     0     0     0     0     0     0     0     0     0     0       1
"Sturnira_hondurens"                 0     0     0     0     0     0     1     0     0     0     0     0     0     0     0     0     0     0     0     0     0     0     0     0     0     0     0     0     0     0     0     0     0     0     0     0     0     0     0     0     0     0     0     0     0     0     0       1
"Lonchorhina_aurita"                 0     0     0     0     1     0     0     0     0     0     0     0     0     0     0     0     0     0     0     0     0     0     0     0     0     0     0     0     0     0     0     0     0     0     0     0     0     0     0     0     0     0     0     0     0     0     0       1
"Lophostoma_brasili"                 1     0     0     0     0     0     0     0     0     0     0     0     0     0     0     0     0     0     0     0     0     0     0     0     0     0     0     0     0     0     0     0     0     0     0     0     0     0     0     0     0     0     0     0     0     0     0       1
"Lophostoma_evotis"                  0     1     0     0     0     0     0     0     0     0     0     0     0     0     0     0     0     0     0     0     0     0     0     0     0     0     0     0     0     0     0     0     0     0     0     0     0     0     0     0     0     0     0     0     0     0     0       1
"Euderma_maculatum"                  0     0     0     0     0     0     0     0     0     0     0     0     0     0     1     0     0     0     0     0     0     0     0     0     0     0     0     0     0     0     0     0     0     0     0     0     0     0     0     0     0     0     0     0     0     0     0       1
"Myotis_subulatus"                   0     0     0     0     0     0     0     0     0     0     0     0     0     0     0     0     1     0     0     0     0     0     0     0     0     0     0     0     0     0     0     0     0     0     0     0     0     0     0     0     0     0     0     0     0     0     0       1
"Eumops_bonariensis"                 0     0     0     0     0     0     0     0     0     1     0     0     0     0     0     0     0     0     0     0     0     0     0     0     0     0     0     0     0     0     0     0     0     0     0     0     0     0     0     0     0     0     0     0     0     0     0       1
"Eumops_glaucinus"                   0     0     0     0     0     0     0     0     0     1     0     0     0     0     0     0     0     0     0     0     0     0     0     0     0     0     0     0     0     0     0     0     0     0     0     0     0     0     0     0     0     0     0     0     0     0     0       1
"Diclidurus_virgo"                   0     0     1     0     0     0     0     0     0     0     0     0     0     0     0     0     0     0     0     0     0     0     0     0     0     0     0     0     0     0     0     0     0     0     0     0     0     0     0     0     0     0     0     0     0     0     0       1
"Glossophaga_leachi"                 0     0     0     0     0     0     1     0     0     0     0     0     0     0     0     0     0     0     0     0     0     0     0     0     0     0     0     0     0     0     0     0     0     0     0     0     0     0     0     0     0     0     0     0     0     0     0       1
"Anoura_geoffroyi"                   0     0     0     0     0     0     0     0     0     0     0     0     0     1     0     0     0     0     0     0     0     0     0     0     0     0     0     0     0     0     0     0     0     0     0     0     0     0     0     0     0     0     0     0     0     0     0       1
"Molossus_rufus"                     0     0     0     0     0     0     0     0     0     0     1     0     0     0     0     0     0     0     0     0     0     0     0     0     0     0     0     0     0     0     0     0     0     0     0     0     0     0     0     0     0     0     0     0     0     0     0       1
"Molossus_sinaloae"                  0     0     0     0     0     0     0     0     0     1     0     0     0     0     0     0     0     0     0     0     0     0     0     0     0     0     0     0     0     0     0     0     0     0     0     0     0     0     0     0     0     0     0     0     0     0     0       1
"Artibeus_aztecus"                   0     0     0     0     0     0     0     0     0     0     0     0     0     1     0     0     0     0     0     0     0     0     0     0     0     0     0     0     0     0     0     0     0     0     0     0     0     0     0     0     0     0     0     0     0     0     0       1
 
                                    37    32    32    28    23    21    19    19    18    18    17    17    16    16    15    15    14    13    13    13    13    12    12    12    10    10    10    10    10     9     8     8     8     8     7     7     7     6     6     6     6     6     6     5     4     4     3
 
Last packed randomized matrix: NAmBats.txt    No. of Swaps:    51700
 
                                 "X743 "X777 "X812 "X129 "X173 "X175 "X128 "X808 "X771 "X933 "X753 "X169 "X793 "X170 "X757 "X159 "X754 "X913 "X742 "X756 "X176 "X169 "X129 "X823 "X172 "X818 "X924 "X128       "X169 "X266 "X170 "X776 "X736 "X789 "X821 "X960 "X912 "X768 "X175 "X267 "X178 "X773 "X268 "X813 "X934 "X940
 
"Artibeus_jamaicens"                 1     1     1     1     0     1     1     0     1     0     1     1     1     1     1     0     0     0     0     1     1     0     1     1     1     0     0     0     0     1     0     0     0     0     0     1     1     0     0     0     0     1     1     0     0     1     0      23
"Eptesicus_fuscus"                   1     1     1     1     0     1     0     0     1     1     0     0     1     0     0     1     1     1     0     0     1     1     1     1     1     0     0     0     0     1     1     0     1     1     0     0     0     0     0     1     1     0     0     0     1     0     0      23
"Glossophaga_sorici"                 1     1     1     1     1     0     0     0     0     0     1     1     0     0     1     1     1     0     1     0     1     0     0     1     0     0     0     0     0     1     0     0     0     1     0     0     0     0     1     1     1     0     0     1     1     1     0      21
"Artibeus_lituratus"                 1     0     1     1     0     1     1     1     1     0     1     1     0     1     0     0     0     1     1     0     1     1     0     0     1     1     0     0     0     0     0     1     1     0     1     0     0     1     0     0     0     0     0     0     0     0     0      20
"Artibeus_phaeotis"                  1     0     1     0     1     0     0     1     0     1     0     1     1     0     1     1     1     1     1     0     1     1     0     0     0     0     1     0     1     0     0     1     0     0     0     0     1     0     0     0     0     1     0     0     0     0     0      19
"Sturnira_lilium"                    1     0     1     1     1     0     1     1     0     0     0     0     0     1     1     1     0     1     1     0     0     1     1     1     0     1     1     0     0     0     0     0     1     0     0     0     0     1     0     1     0     0     0     0     0     0     0      19
"Lasiurus_cinereus"                  1     0     0     1     1     1     0     1     0     0     1     0     1     0     1     0     0     1     1     1     0     1     0     0     0     0     0     0     0     0     0     0     1     0     0     0     1     0     0     0     0     1     0     1     0     0     1      17
"Myotis_lucifugus"                   1     0     1     1     0     0     1     0     1     0     1     0     0     0     0     0     1     1     1     0     1     0     0     0     1     1     0     0     1     0     0     1     0     0     0     0     0     0     0     1     0     0     0     0     0     0     0      15
"Centurio_senex"                     1     0     1     1     1     0     1     0     1     1     1     0     0     1     0     1     0     0     0     0     0     1     0     0     0     0     0     1     1     0     1     0     0     0     0     0     0     0     0     0     0     0     1     0     0     0     0      15
"Lasiurus_borealis"                  0     1     0     0     1     1     1     1     0     0     0     1     0     0     0     0     0     0     0     1     0     0     1     0     1     0     1     1     1     0     0     0     1     0     0     0     0     0     1     0     0     0     0     0     0     0     0      14
"Desmodus_rotundus"                  0     1     1     0     1     1     1     0     1     0     1     1     0     0     0     0     1     1     0     1     0     0     0     0     0     1     0     0     0     0     0     0     0     0     1     0     0     0     0     0     0     0     1     0     0     0     0      14
"Myotis_keenii"                      1     1     1     1     0     1     0     0     0     0     0     1     0     0     0     1     1     0     0     0     0     0     0     0     0     0     0     1     0     0     1     0     0     0     1     0     1     0     0     0     0     0     1     0     0     0     0      13
"Carollia_perspicil"                 0     0     0     0     1     0     0     1     1     1     1     1     0     1     0     0     0     0     1     0     0     1     1     0     0     0     0     1     0     0     0     0     0     0     0     1     0     0     0     0     0     0     0     0     0     1     0      13
"Platyrrhinus_helle"                 1     1     1     0     0     1     0     1     0     1     1     0     0     0     0     1     0     0     0     0     0     0     0     1     0     0     1     0     0     0     0     1     1     0     1     0     0     0     0     0     0     0     0     0     0     0     0      13
"Lasionycteris_noct"                 1     1     1     1     0     0     1     0     0     0     0     0     0     1     0     0     1     0     0     1     0     0     0     0     0     0     0     1     0     0     1     1     0     0     0     0     1     0     0     0     0     0     0     1     0     0     0      13
"Uroderma_bilobatum"                 1     0     1     1     1     1     0     1     0     0     0     1     0     0     0     0     0     0     0     1     1     0     0     0     0     0     1     1     0     0     1     0     0     0     0     0     1     0     0     0     0     0     0     0     0     0     0      13
"Artibeus_toltecus"                  1     1     1     1     1     0     0     1     0     1     1     0     0     0     0     0     0     1     0     0     0     0     0     0     0     1     0     0     0     0     0     0     0     1     0     0     0     0     0     1     0     0     0     0     0     0     0      12
"Pteronotus_parnell"                 1     1     0     0     1     1     0     1     0     0     1     0     1     1     1     0     0     0     0     0     0     0     0     0     1     1     0     0     0     1     0     0     0     0     0     0     0     0     0     0     0     0     0     0     0     0     0      12
"Artibeus_watsoni"                   1     1     0     0     1     1     0     0     0     1     0     0     1     0     0     0     0     0     1     1     1     0     0     0     0     0     0     0     1     0     0     0     1     0     0     0     0     0     0     0     0     0     0     0     0     0     0      11
"Perimyotis_subflav"                 1     1     0     1     1     0     1     0     0     1     0     0     0     1     0     0     0     1     0     0     0     0     0     0     0     0     0     0     1     0     0     0     0     0     1     0     0     0     0     0     0     0     0     0     0     0     0      10
"Phyllostomus_disco"                 0     1     1     1     1     0     0     0     1     0     0     0     0     1     0     0     0     0     0     0     1     1     0     0     1     0     0     1     0     0     0     0     0     0     0     0     0     0     0     0     0     0     0     0     0     0     0      10
"Tadarida_brasilien"                 1     0     0     1     0     0     0     0     0     0     1     0     0     0     1     0     1     0     0     1     1     0     0     1     0     0     0     0     0     0     0     0     0     0     1     0     0     0     0     0     0     0     0     0     0     0     0       9
"Myotis_leibii"                      1     1     1     0     0     1     1     0     0     0     0     0     0     0     1     1     0     1     0     0     0     0     0     0     0     0     0     0     0     0     0     0     0     0     0     0     0     1     0     0     0     0     0     0     0     0     0       9
"Pteronotus_davyi"                   0     0     1     0     0     1     1     0     0     1     0     0     0     0     0     0     0     0     0     0     0     1     0     0     0     0     0     0     0     0     0     0     0     0     0     1     0     0     0     0     0     0     1     0     0     0     1       8
"Choeroniscus_godma"                 1     0     0     0     0     0     0     0     0     0     1     1     1     1     0     0     0     0     0     0     0     0     0     1     0     0     1     0     0     0     0     0     0     0     0     0     0     0     0     0     0     0     0     0     1     0     0       8
"Mormoops_megalophy"                 0     0     1     0     0     0     0     0     1     1     0     1     0     0     1     0     0     0     0     0     1     0     0     0     0     1     0     0     0     0     0     0     0     0     0     0     0     0     1     0     0     0     0     0     0     0     0       8
"Carollia_sowelli"                   1     1     0     1     0     0     1     0     0     1     0     0     0     0     0     0     0     0     1     0     0     0     0     0     0     0     0     0     1     0     0     1     0     0     0     0     0     0     0     0     0     0     0     0     0     0     0       8
"Artibeus_intermedi"                 0     1     0     1     0     0     0     1     1     0     0     1     0     0     0     0     1     0     0     0     0     0     0     0     1     0     0     0     0     0     0     0     0     0     0     1     0     0     0     0     0     0     0     0     0     0     0       8
"Sturnira_ludovici"                  0     1     0     0     0     0     0     0     1     0     0     0     0     0     1     1     0     0     1     1     0     0     0     0     0     0     0     0     0     0     0     0     0     0     0     0     0     0     0     0     0     0     0     0     1     0     0       7
"Vampyressa_pusilla"                 1     1     1     1     0     0     0     0     0     0     0     0     1     0     0     0     0     0     0     1     0     0     0     0     0     0     0     0     0     0     0     0     1     0     0     0     0     0     0     0     0     0     0     0     0     0     0       7
"Chiroderma_villosu"                 0     0     0     0     1     1     0     0     1     0     0     0     0     0     0     0     0     0     0     0     0     0     0     0     0     1     0     1     0     1     0     0     0     0     0     0     0     0     0     0     0     0     0     0     0     0     0       6
"Antrozous_pallidus"                 0     1     0     0     0     1     0     0     0     0     0     0     1     0     0     0     0     0     0     0     0     0     0     0     0     1     0     0     0     0     0     0     0     0     0     0     0     0     0     0     0     1     0     0     0     0     1       6
"Glossophaga_commis"                 0     0     0     0     0     0     1     0     0     0     0     0     0     0     0     0     1     1     0     0     0     0     0     1     0     0     1     0     0     1     0     0     0     0     0     0     0     0     0     0     0     0     0     0     0     0     0       6
"Saccopteryx_biline"                 1     0     0     0     0     1     0     0     1     0     0     1     0     0     0     1     0     0     0     0     0     0     0     0     0     0     0     0     0     1     0     0     0     0     0     0     0     0     0     0     0     0     0     0     0     0     0       6
"Myotis_volans"                      0     1     0     0     0     0     1     1     1     0     1     0     0     0     0     0     0     0     0     0     0     0     0     0     0     0     0     1     0     0     0     0     0     0     0     0     0     0     0     0     0     0     0     0     0     0     0       6
"Nycticeius_humeral"                 0     0     0     0     1     1     1     1     0     0     0     0     0     0     0     0     0     0     0     0     1     0     0     1     0     0     0     0     0     0     0     0     0     0     0     0     0     0     0     0     0     0     0     0     0     0     0       6
"Parastrellus_hespe"                 1     1     0     1     0     0     0     0     0     0     0     0     0     0     0     0     0     0     0     0     0     0     1     0     0     0     0     0     0     1     0     0     0     0     0     1     0     0     0     0     0     0     0     0     0     0     0       6
"Leptonycteris_yerb"                 0     1     0     0     0     0     1     0     0     0     0     1     0     0     1     0     0     0     0     0     1     0     0     0     0     0     0     0     0     0     0     0     0     0     0     0     0     0     0     0     1     0     0     0     0     0     0       6
"Corynorhinus_towns"                 0     0     1     0     0     0     0     1     0     0     0     0     0     0     0     1     0     0     0     0     0     0     1     0     0     0     1     0     0     0     0     0     0     0     0     0     0     0     0     0     0     0     0     1     0     0     0       6
"Vampyrodes_caracci"                 1     0     1     0     0     1     0     0     0     1     0     0     0     0     0     0     1     0     0     0     0     0     1     0     0     0     0     0     0     0     0     0     0     0     0     0     0     0     0     0     0     0     0     0     0     0     0       6
"Myotis_yumanensis"                  1     0     1     0     0     0     0     0     0     0     0     0     0     0     0     0     0     0     1     0     0     0     0     1     0     0     0     0     1     0     0     0     0     0     0     0     0     0     0     0     0     0     0     0     0     0     0       5
"Natalus_stramineus"                 0     0     0     0     0     1     0     1     0     0     0     0     0     0     0     1     0     0     0     0     0     0     0     0     0     0     0     0     0     0     0     0     0     1     0     0     0     0     0     0     0     1     0     0     0     0     0       5
"Lampronycteris_bra"                 0     0     1     1     0     0     0     0     0     0     0     0     0     0     0     0     0     0     0     1     0     0     0     0     0     0     0     0     0     0     1     0     0     0     0     0     0     0     1     0     0     0     0     0     0     0     0       5
"Carollia_brevicaud"                 0     0     0     1     0     0     0     0     0     0     0     0     1     0     0     0     0     0     0     0     0     0     1     0     0     0     0     0     1     0     0     0     0     0     0     0     0     1     0     0     0     0     0     0     0     0     0       5
"Myotis_californicu"                 0     0     0     0     0     0     0     0     1     0     0     0     0     0     0     0     1     0     1     0     0     0     1     0     0     0     0     0     0     1     0     0     0     0     0     0     0     0     0     0     0     0     0     0     0     0     0       5
"Myotis_sodalis"                     1     0     0     0     0     0     0     0     0     0     0     0     0     0     0     0     0     1     0     0     0     0     0     0     1     0     0     0     0     0     0     0     0     1     0     0     0     0     0     0     1     0     0     0     0     0     0       5
"Myotis_thysanodes"                  1     0     0     0     0     0     0     0     0     1     1     0     0     0     0     0     0     0     0     0     0     0     0     0     0     0     0     0     0     0     0     0     0     0     0     0     0     0     0     0     1     0     0     0     0     1     0       5
"Myotis_keaysi"                      0     0     0     0     0     0     0     0     0     1     0     0     0     0     0     1     0     0     0     0     0     1     0     0     0     0     0     0     0     0     1     0     0     1     0     0     0     0     0     0     0     0     0     0     0     0     0       5
"Trachops_cirrhosus"                 0     0     1     0     1     1     0     1     0     0     0     0     0     0     0     0     0     0     0     0     0     0     0     0     0     0     0     0     0     0     0     0     0     0     0     0     0     0     0     0     0     0     0     0     0     0     0       4
"Micronycteris_mega"                 1     0     0     0     0     0     0     0     0     0     0     0     0     0     0     0     0     0     1     0     0     1     0     0     0     0     1     0     0     0     0     0     0     0     0     0     0     0     0     0     0     0     0     0     0     0     0       4
"Rhogeessa_parvula"                  0     0     0     0     0     0     0     0     0     0     0     0     0     1     0     0     0     0     0     0     0     0     1     0     1     0     0     0     0     0     0     0     0     0     0     1     0     0     0     0     0     0     0     0     0     0     0       4
"Vampyressa_thyone"                  0     1     0     0     1     0     0     1     0     0     1     0     0     0     0     0     0     0     0     0     0     0     0     0     0     0     0     0     0     0     0     0     0     0     0     0     0     0     0     0     0     0     0     0     0     0     0       4
"Eptesicus_furinali"                 1     1     0     1     0     0     0     0     0     0     0     0     0     0     0     0     1     0     0     0     0     0     0     0     0     0     0     0     0     0     0     0     0     0     0     0     0     0     0     0     0     0     0     0     0     0     0       4
"Myotis_velifer"                     0     0     0     0     0     0     0     0     0     1     1     0     0     0     0     0     0     0     0     0     0     0     0     0     0     0     0     0     0     0     0     0     0     0     0     0     0     0     0     1     0     0     0     0     0     0     0       3
"Chiroderma_salvini"                 0     0     0     1     0     0     0     1     0     0     0     0     0     0     0     0     0     0     0     0     0     0     0     0     0     0     0     0     0     0     0     1     0     0     0     0     0     0     0     0     0     0     0     0     0     0     0       3
"Lasiurus_blossevil"                 1     0     1     0     0     0     0     0     0     0     0     0     0     0     1     0     0     0     0     0     0     0     0     0     0     0     0     0     0     0     0     0     0     0     0     0     0     0     0     0     0     0     0     0     0     0     0       3
"Myotis_evotis"                      1     0     0     0     0     0     0     0     0     0     0     0     1     1     0     0     0     0     0     0     0     0     0     0     0     0     0     0     0     0     0     0     0     0     0     0     0     0     0     0     0     0     0     0     0     0     0       3
"Noctilio_leporinus"                 0     0     0     0     0     0     0     0     1     0     0     0     0     0     0     0     0     0     0     1     0     0     0     0     0     0     0     0     0     0     0     0     0     0     0     0     0     1     0     0     0     0     0     0     0     0     0       3
"Carollia_subrufa"                   0     0     1     0     0     0     0     0     0     0     0     0     0     0     0     0     0     0     0     1     0     0     0     0     0     0     1     0     0     0     0     0     0     0     0     0     0     0     0     0     0     0     0     0     0     0     0       3
"Tonatia_saurophila"                 0     1     0     0     0     0     0     0     0     0     0     0     0     0     0     0     0     0     0     0     0     0     0     1     0     0     0     0     0     0     0     0     0     0     0     0     1     0     0     0     0     0     0     0     0     0     0       3
"Glossophaga_moreno"                 0     0     0     1     0     0     1     1     0     0     0     0     0     0     0     0     0     0     0     0     0     0     0     0     0     0     0     0     0     0     0     0     0     0     0     0     0     0     0     0     0     0     0     0     0     0     0       3
"Lasiurus_ega"                       0     1     0     0     0     0     0     0     1     0     0     0     0     0     0     0     0     0     0     0     0     0     0     0     0     0     0     0     1     0     0     0     0     0     0     0     0     0     0     0     0     0     0     0     0     0     0       3
"Diphylla_ecaudata"                  0     0     1     0     0     0     0     0     0     0     0     0     1     0     0     0     0     0     0     0     0     0     0     0     0     0     0     0     0     0     0     0     0     1     0     0     0     0     0     0     0     0     0     0     0     0     0       3
"Bauerus_dubiaquerc"                 1     0     1     0     0     0     0     0     0     1     0     0     0     0     0     0     0     0     0     0     0     0     0     0     0     0     0     0     0     0     0     0     0     0     0     0     0     0     0     0     0     0     0     0     0     0     0       3
"Micronycteris_micr"                 1     0     0     0     1     1     0     0     0     0     0     0     0     0     0     0     0     0     0     0     0     0     0     0     0     0     0     0     0     0     0     0     0     0     0     0     0     0     0     0     0     0     0     0     0     0     0       3
"Mimon_crenulatum"                   1     0     0     0     0     0     0     0     0     0     0     1     0     0     0     0     0     0     0     0     0     0     0     0     0     0     0     0     0     0     0     0     0     0     0     0     0     0     0     0     0     0     0     0     0     0     0       2
"Molossus_ater"                      0     0     1     0     0     0     0     0     0     0     0     0     0     0     0     0     0     0     0     0     0     1     0     0     0     0     0     0     0     0     0     0     0     0     0     0     0     0     0     0     0     0     0     0     0     0     0       2
"Chrotopterus_aurit"                 0     1     0     0     0     0     0     0     0     0     0     0     1     0     0     0     0     0     0     0     0     0     0     0     0     0     0     0     0     0     0     0     0     0     0     0     0     0     0     0     0     0     0     0     0     0     0       2
"Lasiurus_intermedi"                 0     1     0     0     0     0     0     0     0     1     0     0     0     0     0     0     0     0     0     0     0     0     0     0     0     0     0     0     0     0     0     0     0     0     0     0     0     0     0     0     0     0     0     0     0     0     0       2
"Lasiurus_seminolus"                 1     0     0     0     0     0     0     0     0     0     0     0     0     0     0     0     0     0     0     0     0     0     1     0     0     0     0     0     0     0     0     0     0     0     0     0     0     0     0     0     0     0     0     0     0     0     0       2
"Sturnira_parvidens"                 0     0     0     0     0     0     0     0     0     1     0     0     0     0     0     0     0     0     0     0     0     0     0     0     0     0     0     0     0     0     0     0     0     0     0     1     0     0     0     0     0     0     0     0     0     0     0       2
"Hylonycteris_under"                 0     0     0     0     0     0     0     0     0     0     0     0     0     0     1     0     0     0     0     0     0     0     0     0     0     0     0     0     0     0     0     0     0     1     0     0     0     0     0     0     0     0     0     0     0     0     0       2
"Thyroptera_tricolo"                 0     1     0     0     0     0     0     0     0     0     0     0     0     0     1     0     0     0     0     0     0     0     0     0     0     0     0     0     0     0     0     0     0     0     0     0     0     0     0     0     0     0     0     0     0     0     0       2
"Nyctinomops_latica"                 0     0     0     0     0     0     0     0     0     0     0     0     0     0     0     1     0     0     0     0     0     0     0     0     0     0     0     0     0     0     0     0     0     0     0     0     0     1     0     0     0     0     0     0     0     0     0       2
"Lichonycteris_obsc"                 0     0     0     0     0     0     0     0     0     0     0     0     0     0     1     0     0     0     0     0     0     0     0     0     0     0     0     0     0     0     0     0     0     0     0     0     0     0     1     0     0     0     0     0     0     0     0       2
"Idionycteris_phyll"                 0     0     0     0     0     0     1     0     0     0     0     0     0     0     0     0     1     0     0     0     0     0     0     0     0     0     0     0     0     0     0     0     0     0     0     0     0     0     0     0     0     0     0     0     0     0     0       2
"Enchisthenes_harti"                 0     1     0     0     0     0     0     0     0     0     0     0     0     0     0     0     0     0     0     0     0     0     0     0     0     0     0     0     0     0     0     0     0     0     0     0     0     0     0     0     0     1     0     0     0     0     0       2
"Mimon_bennettii"                    1     0     0     0     1     0     0     0     0     0     0     0     0     0     0     0     0     0     0     0     0     0     0     0     0     0     0     0     0     0     0     0     0     0     0     0     0     0     0     0     0     0     0     0     0     0     0       2
"Mimon_cozumelae"                    0     0     0     0     1     0     0     0     0     0     0     0     0     1     0     0     0     0     0     0     0     0     0     0     0     0     0     0     0     0     0     0     0     0     0     0     0     0     0     0     0     0     0     0     0     0     0       2
"Vampyrodes_major"                   0     0     0     0     1     0     0     0     0     0     0     0     0     0     0     0     0     0     0     0     0     0     0     0     0     0     0     0     0     0     0     0     0     0     0     0     0     0     0     0     1     0     0     0     0     0     0       2
"Vampyrum_spectrum"                  0     0     0     0     0     0     0     0     0     0     0     0     0     0     0     0     0     0     0     0     0     0     0     1     0     0     0     0     0     0     1     0     0     0     0     0     0     0     0     0     0     0     0     0     0     0     0       2
"Nyctinomops_macrot"                 0     0     0     0     0     0     0     0     0     0     0     0     0     0     0     1     0     0     0     0     0     0     0     0     0     0     0     0     0     0     0     0     0     0     0     0     0     0     0     0     0     0     0     0     0     0     0       1
"Musonycteris_harri"                 0     0     0     0     0     0     0     0     0     0     0     0     0     0     0     0     0     0     0     0     0     0     0     0     0     0     0     1     0     0     0     0     0     0     0     0     0     0     0     0     0     0     0     0     0     0     0       1
"Myotis_auriculus"                   0     1     0     0     0     0     0     0     0     0     0     0     0     0     0     0     0     0     0     0     0     0     0     0     0     0     0     0     0     0     0     0     0     0     0     0     0     0     0     0     0     0     0     0     0     0     0       1
"Peropteryx_macroti"                 0     0     0     0     0     0     0     0     0     0     0     0     0     1     0     0     0     0     0     0     0     0     0     0     0     0     0     0     0     0     0     0     0     0     0     0     0     0     0     0     0     0     0     0     0     0     0       1
"Phylloderma_stenop"                 0     0     0     0     0     0     0     0     0     0     0     0     0     0     0     0     0     0     0     0     0     0     0     0     0     0     0     0     0     0     0     0     0     0     0     0     0     0     1     0     0     0     0     0     0     0     0       1
"Myotis_austroripar"                 0     0     0     1     0     0     0     0     0     0     0     0     0     0     0     0     0     0     0     0     0     0     0     0     0     0     0     0     0     0     0     0     0     0     0     0     0     0     0     0     0     0     0     0     0     0     0       1
"Glyphonycteris_syl"                 0     0     0     0     0     0     0     0     0     0     0     0     0     0     0     0     0     0     0     0     0     0     0     0     0     0     0     0     0     0     0     1     0     0     0     0     0     0     0     0     0     0     0     0     0     0     0       1
"Promops_centralis"                  0     0     1     0     0     0     0     0     0     0     0     0     0     0     0     0     0     0     0     0     0     0     0     0     0     0     0     0     0     0     0     0     0     0     0     0     0     0     0     0     0     0     0     0     0     0     0       1
"Myotis_elegans"                     0     0     0     0     0     0     0     0     0     0     0     0     0     0     0     0     0     1     0     0     0     0     0     0     0     0     0     0     0     0     0     0     0     0     0     0     0     0     0     0     0     0     0     0     0     0     0       1
"Diaemus_youngi"                     0     0     0     1     0     0     0     0     0     0     0     0     0     0     0     0     0     0     0     0     0     0     0     0     0     0     0     0     0     0     0     0     0     0     0     0     0     0     0     0     0     0     0     0     0     0     0       1
"Rhogeessa_aeneus"                   0     0     0     1     0     0     0     0     0     0     0     0     0     0     0     0     0     0     0     0     0     0     0     0     0     0     0     0     0     0     0     0     0     0     0     0     0     0     0     0     0     0     0     0     0     0     0       1
"Myotis_fortidens"                   0     0     0     0     0     0     0     0     0     0     0     1     0     0     0     0     0     0     0     0     0     0     0     0     0     0     0     0     0     0     0     0     0     0     0     0     0     0     0     0     0     0     0     0     0     0     0       1
"Rhogeessa_tumida"                   0     0     0     0     0     0     0     0     0     0     0     0     1     0     0     0     0     0     0     0     0     0     0     0     0     0     0     0     0     0     0     0     0     0     0     0     0     0     0     0     0     0     0     0     0     0     0       1
"Rhynchonycteris_na"                 0     0     0     0     0     0     0     0     0     0     0     0     1     0     0     0     0     0     0     0     0     0     0     0     0     0     0     0     0     0     0     0     0     0     0     0     0     0     0     0     0     0     0     0     0     0     0       1
"Diclidurus_albus"                   0     0     0     0     0     0     1     0     0     0     0     0     0     0     0     0     0     0     0     0     0     0     0     0     0     0     0     0     0     0     0     0     0     0     0     0     0     0     0     0     0     0     0     0     0     0     0       1
"Sturnira_hondurens"                 0     0     0     0     1     0     0     0     0     0     0     0     0     0     0     0     0     0     0     0     0     0     0     0     0     0     0     0     0     0     0     0     0     0     0     0     0     0     0     0     0     0     0     0     0     0     0       1
"Lonchorhina_aurita"                 0     0     0     0     0     0     0     0     0     0     0     0     0     0     0     0     0     0     0     0     0     0     0     0     0     1     0     0     0     0     0     0     0     0     0     0     0     0     0     0     0     0     0     0     0     0     0       1
"Lophostoma_brasili"                 0     0     0     0     0     0     0     0     1     0     0     0     0     0     0     0     0     0     0     0     0     0     0     0     0     0     0     0     0     0     0     0     0     0     0     0     0     0     0     0     0     0     0     0     0     0     0       1
"Lophostoma_evotis"                  0     0     1     0     0     0     0     0     0     0     0     0     0     0     0     0     0     0     0     0     0     0     0     0     0     0     0     0     0     0     0     0     0     0     0     0     0     0     0     0     0     0     0     0     0     0     0       1
"Euderma_maculatum"                  0     1     0     0     0     0     0     0     0     0     0     0     0     0     0     0     0     0     0     0     0     0     0     0     0     0     0     0     0     0     0     0     0     0     0     0     0     0     0     0     0     0     0     0     0     0     0       1
"Myotis_subulatus"                   0     0     0     0     0     0     0     0     0     0     0     0     1     0     0     0     0     0     0     0     0     0     0     0     0     0     0     0     0     0     0     0     0     0     0     0     0     0     0     0     0     0     0     0     0     0     0       1
"Eumops_bonariensis"                 0     0     0     0     0     0     0     0     0     0     0     0     0     0     0     0     0     0     0     0     0     0     0     0     0     0     0     0     0     0     0     0     0     0     1     0     0     0     0     0     0     0     0     0     0     0     0       1
"Eumops_glaucinus"                   0     0     0     0     0     0     0     0     0     0     0     0     0     0     0     0     0     0     0     0     0     0     0     0     0     0     0     0     0     0     0     0     0     0     0     0     0     0     0     0     0     0     0     1     0     0     0       1
"Diclidurus_virgo"                   0     0     0     0     0     0     0     0     0     0     0     0     0     0     0     0     0     0     0     0     0     0     0     0     0     0     0     0     0     0     0     0     0     0     0     0     0     0     0     0     0     0     1     0     0     0     0       1
"Glossophaga_leachi"                 0     0     0     0     0     0     0     0     0     0     0     0     0     1     0     0     0     0     0     0     0     0     0     0     0     0     0     0     0     0     0     0     0     0     0     0     0     0     0     0     0     0     0     0     0     0     0       1
"Anoura_geoffroyi"                   0     0     0     0     0     0     0     0     0     0     0     0     0     1     0     0     0     0     0     0     0     0     0     0     0     0     0     0     0     0     0     0     0     0     0     0     0     0     0     0     0     0     0     0     0     0     0       1
"Molossus_rufus"                     0     0     0     1     0     0     0     0     0     0     0     0     0     0     0     0     0     0     0     0     0     0     0     0     0     0     0     0     0     0     0     0     0     0     0     0     0     0     0     0     0     0     0     0     0     0     0       1
"Molossus_sinaloae"                  0     0     0     0     0     0     0     0     0     0     0     1     0     0     0     0     0     0     0     0     0     0     0     0     0     0     0     0     0     0     0     0     0     0     0     0     0     0     0     0     0     0     0     0     0     0     0       1
"Artibeus_aztecus"                   0     0     1     0     0     0     0     0     0     0     0     0     0     0     0     0     0     0     0     0     0     0     0     0     0     0     0     0     0     0     0     0     0     0     0     0     0     0     0     0     0     0     0     0     0     0     0       1
 
                                    37    32    32    28    23    21    19    19    18    18    17    17    16    16    15    15    14    13    13    13    13    12    12    12    10    10    10    10    10     9     8     8     8     8     7     7     7     6     6     6     6     6     6     5     4     4     3
