<  File:  NWLgMamm.txt   Species:  126 Sites:   49 MatFill: 0.10 Occ:    597 0.100% Confidence limit  Index: c Model: fixed - fixed                      
 
#    No             Sp1                Sp2     S1  S2 Com  Obs.Score  Exp.Score  Exp.StDev   Skewness    LowerCL    UpperCL SigZ-Score      Alpha >MeanScore   >CLScore   >BJScore      Alpha
#    19 "Dasypus_novemcin" "Lynx_rufus"        31  10   1      0.871      0.274      0.128      0.231      0.000      0.523       4.67 0.00000286       0.00       0.00       4.18 0.00002732
#    49 "Dasypus_novemcin" "Odocoileus_hemio"  31   3   0      1.000      0.291      0.226      0.190      0.000      0.645       3.13 0.00166279       3.13       3.13       0.00 1.00000000
#   126 "Leopardus_pardal" "Pecari_tajacu"     26  22  19      0.037      0.239      0.069      0.472      0.105      0.441      -2.93 0.00325960      -2.93       0.00       0.00 1.00000000
#   128 "Leopardus_pardal" "Eira_barbara"      26  20  17      0.052      0.267      0.074     -0.142      0.106      0.415      -2.90 0.00356978       0.00       0.00       0.00 1.00000000
#   150 "Leopardus_pardal" "Didelphis_marsup"  26   8   8      0.000      0.350      0.152      0.336      0.091      0.692      -2.30 0.02109700       0.00       0.00       0.00 1.00000000
#   250 "Pecari_tajacu"    "Puma_concolor"     22  22  14      0.132      0.298      0.073      0.041      0.167      0.465      -2.27 0.02312553       0.00       0.00       0.00 1.00000000
#   261 "Pecari_tajacu"    "Tapirus_terrestr"  22  12  11      0.042      0.399      0.150      0.556      0.148      0.758      -2.39 0.01653713      -2.39      -2.39       0.00 1.00000000
#   262 "Pecari_tajacu"    "Leopardus_wiedii"  22  11   9      0.107      0.400      0.131      0.325      0.174      0.744      -2.23 0.02558118       0.00       0.00       0.00 1.00000000
#   263 "Pecari_tajacu"    "Panthera_onca"     22  11  11      0.000      0.410      0.124      0.206      0.107      0.744      -3.32 0.00087386       0.00       0.00       0.00 1.00000000
#   272 "Pecari_tajacu"    "Nasua_narica"      22   8   8      0.000      0.453      0.152      0.113      0.085      0.835      -2.98 0.00283945       0.00       0.00       0.00 1.00000000
#   385 "Puma_concolor"    "Panthera_onca"     22  11  10      0.050      0.398      0.148      0.369      0.107      0.744      -2.35 0.01835781      -2.35      -2.35       0.00 1.00000000
#   393 "Puma_concolor"    "Myrmecophaga_tri"  22   8   8      0.000      0.421      0.152      0.348      0.085      0.835      -2.77 0.00552016       0.00       0.00       0.00 1.00000000
#   498 "Eira_barbara"     "Canis_latrans"     20  16   1      0.891      0.394      0.124      0.374      0.141      0.691       4.02 0.00005537       0.00       0.00       3.45 0.00052874
#   499 "Eira_barbara"     "Procyon_lotor"     20  14   1      0.882      0.396      0.123      0.330      0.143      0.668       3.95 0.00007528       0.00       0.00       3.37 0.00071883
#   500 "Eira_barbara"     "Procyon_cancrivo"  20  14  11      0.096      0.413      0.122     -0.024      0.143      0.668      -2.59 0.00935066       0.00       0.00       0.00 1.00000000
#   501 "Eira_barbara"     "Nasua_nasua"       20  13  11      0.069      0.431      0.135      0.289      0.169      0.877      -2.68 0.00723606      -2.68       0.00       0.00 1.00000000
#   502 "Eira_barbara"     "Canis_lupus"       20  13   9      0.169      0.418      0.125      1.283      0.231      1.000      -2.00 0.04543716       0.00       0.00       0.00 1.00000000
#   503 "Eira_barbara"     "Sylvilagus_brasi"  20  12   9      0.138      0.446      0.142      0.873      0.200      0.871      -2.17 0.02986568       0.00       0.00       0.00 1.00000000
#   507 "Eira_barbara"     "Didelphis_virgin"  20  10   0      1.000      0.487      0.149      0.153      0.195      0.855       3.44 0.00054985       3.44       3.44       0.00 1.00000000
#   509 "Eira_barbara"     "Lynx_rufus"        20  10   0      1.000      0.447      0.155      0.317      0.120      0.855       3.56 0.00035197       3.56       3.56       0.00 1.00000000
#   512 "Eira_barbara"     "Sylvilagus_flori"  20   9   0      1.000      0.455      0.151      0.308      0.144      0.844       3.60 0.00029790       3.60       3.60       0.00 1.00000000
#   513 "Eira_barbara"     "Urocyon_cinereoa"  20   9   0      1.000      0.463      0.170      0.000      0.144      0.844       3.16 0.00149924       3.16       3.16       0.00 1.00000000
#   627 "Cuniculus_paca"   "Didelphis_virgin"  19  10   0      1.000      0.467      0.151      0.073      0.053      0.853       3.52 0.00040555       3.52       3.52       0.00 1.00000000
#   629 "Cuniculus_paca"   "Lynx_rufus"        19  10   0      1.000      0.458      0.158      0.051      0.116      0.853       3.44 0.00056082       3.44       3.44       0.00 1.00000000
#   632 "Cuniculus_paca"   "Sylvilagus_flori"  19   9   0      1.000      0.467      0.176      0.457      0.140      0.842       3.03 0.00236267       3.03       3.03       0.00 1.00000000
#   637 "Cuniculus_paca"   "Mazama_americana"  19   8   7      0.079      0.488      0.157      0.202      0.171      0.829      -2.61 0.00893146      -2.61       0.00       0.00 1.00000000
#   736 "Cerdocyon_thous"  "Odocoileus_virgi"  17  17   0      1.000      0.375      0.107      0.177      0.087      0.678       5.84 0.00000000       5.84       5.84       5.84 0.00000000
#   737 "Cerdocyon_thous"  "Canis_latrans"     17  16   0      1.000      0.415      0.135      0.113      0.074      0.882       4.34 0.00001317       4.34       4.34       3.82 0.00012578
#   738 "Cerdocyon_thous"  "Procyon_lotor"     17  14   0      1.000      0.446      0.131      0.055      0.118      0.756       4.22 0.00002331       4.22       4.22       3.68 0.00022254
#   746 "Cerdocyon_thous"  "Didelphis_virgin"  17  10   0      1.000      0.495      0.157      0.275      0.176      0.847       3.22 0.00125068       3.22       3.22       0.00 1.00000000
#   748 "Cerdocyon_thous"  "Lynx_rufus"        17  10   0      1.000      0.499      0.152      0.085      0.176      0.847       3.29 0.00095642       3.29       3.29       0.00 1.00000000
#   751 "Cerdocyon_thous"  "Sylvilagus_flori"  17   9   0      1.000      0.499      0.156      0.252      0.216      0.837       3.22 0.00124454       3.22       3.22       0.00 1.00000000
#   752 "Cerdocyon_thous"  "Urocyon_cinereoa"  17   9   0      1.000      0.522      0.171      0.181      0.216      0.837       2.79 0.00512177       2.79       2.79       0.00 1.00000000
#   762 "Cerdocyon_thous"  "Euphractus_sexci"  17   5   5      0.000      0.576      0.216      0.055      0.153      1.000      -2.67 0.00746399       0.00       0.00       0.00 1.00000000
#   855 "Odocoileus_virgi" "Canis_latrans"     17  16  13      0.044      0.413      0.126      0.637      0.206      0.882      -2.92 0.00336224      -2.92      -2.92       0.00 1.00000000
#   856 "Odocoileus_virgi" "Procyon_lotor"     17  14  13      0.017      0.425      0.116      0.158      0.168      0.756      -3.53 0.00040263      -3.53      -3.53       0.00 1.00000000
#   857 "Odocoileus_virgi" "Procyon_cancrivo"  17  14   0      1.000      0.447      0.134      0.231      0.168      0.756       4.13 0.00003451       4.13       4.13       3.58 0.00032953
#   858 "Odocoileus_virgi" "Nasua_nasua"       17  13   0      1.000      0.468      0.134      0.169      0.204      0.869       3.96 0.00007057       3.96       3.96       3.39 0.00067387
#   861 "Odocoileus_virgi" "Tapirus_terrestr"  17  12   0      1.000      0.456      0.157      0.675      0.176      0.863       3.46 0.00051802       3.46       3.46       0.00 1.00000000
#   864 "Odocoileus_virgi" "Didelphis_virgin"  17  10  10      0.000      0.483      0.143      0.008      0.176      0.847      -3.37 0.00072718       0.00       0.00       0.00 1.00000000
#   869 "Odocoileus_virgi" "Sylvilagus_flori"  17   9   9      0.000      0.494      0.167      0.542      0.216      0.837      -2.95 0.00306398       0.00       0.00       0.00 1.00000000
#   870 "Odocoileus_virgi" "Urocyon_cinereoa"  17   9   9      0.000      0.492      0.160      0.653      0.131      1.000      -3.07 0.00204176       0.00       0.00       0.00 1.00000000
#   872 "Odocoileus_virgi" "Nasua_narica"      17   8   8      0.000      0.516      0.181      0.217      0.074      1.000      -2.86 0.00412065       0.00       0.00       0.00 1.00000000
#   884 "Odocoileus_virgi" "Sciurus_caroline"  17   5   5      0.000      0.570      0.220     -0.108      0.153      1.000      -2.59 0.00953108       0.00       0.00       0.00 1.00000000
#   898 "Odocoileus_virgi" "Mephitis_macrour"  17   3   3      0.000      0.624      0.254      0.176      0.294      1.000      -2.46 0.01378369       0.00       0.00       0.00 1.00000000
#   973 "Canis_latrans"    "Procyon_lotor"     16  14  13      0.013      0.460      0.140      0.448      0.156      0.871      -3.18 0.00140649      -3.18      -3.18       0.00 1.00000000
#   974 "Canis_latrans"    "Procyon_cancrivo"  16  14   0      1.000      0.463      0.142      0.110      0.107      0.750       3.77 0.00015509       3.77       3.77       0.00 1.00000000
#   975 "Canis_latrans"    "Nasua_nasua"       16  13   0      1.000      0.498      0.142     -0.183      0.192      0.740       3.53 0.00039834       3.53       3.53       0.00 1.00000000
#   978 "Canis_latrans"    "Tapirus_terrestr"  16  12   0      1.000      0.489      0.128     -0.164      0.167      0.729       4.00 0.00005937       4.00       4.00       3.44 0.00056687
#   981 "Canis_latrans"    "Didelphis_virgin"  16  10   9      0.044      0.491      0.145      0.266      0.169      0.844      -3.09 0.00194186      -3.09      -3.09       0.00 1.00000000
#   983 "Canis_latrans"    "Lynx_rufus"        16  10  10      0.000      0.518      0.177      0.529      0.169      1.000      -2.93 0.00326645       0.00       0.00       0.00 1.00000000
#   984 "Canis_latrans"    "Mazama_gouazoubi"  16  10   0      1.000      0.507      0.132      0.106      0.250      0.844       3.75 0.00017083       3.75       3.75       0.00 1.00000000
#   985 "Canis_latrans"    "Tamandua_tetrada"  16   9   0      1.000      0.505      0.160     -0.004      0.125      0.833       3.08 0.00198245       3.08       3.08       0.00 1.00000000
#   986 "Canis_latrans"    "Sylvilagus_flori"  16   9   8      0.056      0.553      0.166      0.320      0.125      1.000      -2.99 0.00272238      -2.99      -2.99       0.00 1.00000000
#   987 "Canis_latrans"    "Urocyon_cinereoa"  16   9   8      0.056      0.534      0.134     -0.191      0.208      0.833      -3.58 0.00033194      -3.58      -3.58       0.00 1.00000000
#  1090 "Procyon_lotor"    "Procyon_cancrivo"  14  14   0      1.000      0.479      0.130      0.447      0.184      0.862       4.00 0.00005877       4.00       4.00       3.44 0.00056118
#  1091 "Procyon_lotor"    "Nasua_nasua"       14  13   0      1.000      0.496      0.147      0.235      0.165      0.857       3.42 0.00059861       3.42       3.42       0.00 1.00000000
#  1094 "Procyon_lotor"    "Tapirus_terrestr"  14  12   0      1.000      0.517      0.146      0.000      0.208      0.851       3.31 0.00088441       3.31       3.31       0.00 1.00000000
#  1097 "Procyon_lotor"    "Didelphis_virgin"  14  10  10      0.000      0.538      0.161      0.172      0.150      1.000      -3.34 0.00079954       0.00       0.00       0.00 1.00000000
#  1099 "Procyon_lotor"    "Lynx_rufus"        14  10   8      0.086      0.566      0.154      0.198      0.150      1.000      -3.12 0.00175816      -3.12      -3.12       0.00 1.00000000
#  1102 "Procyon_lotor"    "Sylvilagus_flori"  14   9   8      0.048      0.553      0.180      0.466      0.190      1.000      -2.82 0.00470865      -2.82      -2.82       0.00 1.00000000
#  1103 "Procyon_lotor"    "Urocyon_cinereoa"  14   9   8      0.048      0.542      0.169     -0.114      0.111      0.825      -2.92 0.00336176      -2.92      -2.92       0.00 1.00000000
#  1105 "Procyon_lotor"    "Nasua_narica"      14   8   6      0.143      0.581      0.172      0.212      0.241      1.000      -2.54 0.01079768      -2.54       0.00       0.00 1.00000000
#  1117 "Procyon_lotor"    "Sciurus_caroline"  14   5   5      0.000      0.642      0.231      0.098      0.143      1.000      -2.78 0.00533521       0.00       0.00       0.00 1.00000000
#  1206 "Procyon_cancrivo" "Nasua_nasua"       14  13   8      0.165      0.503      0.144      0.575      0.308      0.857      -2.36 0.01813948       0.00       0.00       0.00 1.00000000
#  1216 "Procyon_cancrivo" "Tamandua_tetrada"  14   9   7      0.111      0.550      0.192      0.258      0.190      1.000      -2.29 0.02177382      -2.29       0.00       0.00 1.00000000
#  1225 "Procyon_cancrivo" "Didelphis_aurita"  14   7   7      0.000      0.562      0.188      0.452      0.184      1.000      -2.99 0.00269586       0.00       0.00       0.00 1.00000000
#  1323 "Nasua_nasua"      "Tapirus_terrestr"  13  12   8      0.128      0.528      0.152     -0.168      0.192      0.846      -2.64 0.00818658       0.00       0.00       0.00 1.00000000
#  1327 "Nasua_nasua"      "Puma_yagouaround"  13  10   6      0.215      0.587      0.166      0.212      0.308      1.000      -2.24 0.02481824       0.00       0.00       0.00 1.00000000
#  1462 "Canis_lupus"      "Felis_catus"       13   4   4      0.000      0.645      0.245     -0.092      0.192      1.000      -2.63 0.00824809       0.00       0.00       0.00 1.00000000
#  1466 "Canis_lupus"      "Bos_taurus"        13   3   3      0.000      0.662      0.266     -0.014      0.282      1.000      -2.49 0.01261795       0.00       0.00       0.00 1.00000000
#  1552 "Sylvilagus_brasi" "Puma_yagouaround"  12  10   7      0.125      0.582      0.148      0.183      0.200      1.000      -3.09 0.00191557      -3.09      -3.09       0.00 1.00000000
#  1663 "Tapirus_terrestr" "Puma_yagouaround"  12  10   6      0.200      0.579      0.158      0.384      0.292      1.000      -2.40 0.01608765       0.00       0.00       0.00 1.00000000
#  1669 "Tapirus_terrestr" "Myrmecophaga_tri"  12   8   6      0.125      0.596      0.174      0.095      0.219      1.000      -2.71 0.00665665      -2.71      -2.71       0.00 1.00000000
#  1672 "Tapirus_terrestr" "Mazama_americana"  12   8   7      0.052      0.621      0.205     -0.015      0.219      1.000      -2.78 0.00537658      -2.78      -2.78       0.00 1.00000000
#  1686 "Tapirus_terrestr" "Tayassu_pecari"    12   4   4      0.000      0.675      0.253     -0.162      0.188      1.000      -2.67 0.00742912       0.00       0.00       0.00 1.00000000
#  1771 "Leopardus_wiedii" "Panthera_onca"     11  11   7      0.132      0.572      0.176      0.293      0.207      1.000      -2.50 0.01207960      -2.50       0.00       0.00 1.00000000
#  1991 "Didelphis_virgin" "Lynx_rufus"        10  10   6      0.160      0.634      0.168      0.217      0.250      1.000      -2.82 0.00468749       0.00       0.00       0.00 1.00000000
#  1994 "Didelphis_virgin" "Sylvilagus_flori"  10   9   8      0.022      0.651      0.174     -0.044      0.222      1.000      -3.61 0.00029075      -3.61      -3.61       0.00 1.00000000
#  1995 "Didelphis_virgin" "Urocyon_cinereoa"  10   9   8      0.022      0.644      0.172      0.179      0.222      1.000      -3.61 0.00029409      -3.61      -3.61       0.00 1.00000000
#  2009 "Didelphis_virgin" "Sciurus_caroline"  10   5   5      0.000      0.717      0.218     -0.166      0.120      1.000      -3.28 0.00098240       0.00       0.00       0.00 1.00000000
#  2011 "Didelphis_virgin" "Tamias_striatus"   10   4   3      0.175      0.751      0.213     -0.154      0.400      1.000      -2.71 0.00666535       0.00       0.00       0.00 1.00000000
#  2023 "Didelphis_virgin" "Mephitis_macrour"  10   3   3      0.000      0.755      0.255     -0.458      0.267      1.000      -2.97 0.00293499       0.00       0.00       0.00 1.00000000
#  2208 "Lynx_rufus"       "Urocyon_cinereoa"  10   9   5      0.222      0.627      0.166      0.036      0.333      1.000      -2.43 0.01478344       0.00       0.00       0.00 1.00000000
#  2219 "Lynx_rufus"       "Mephitis_mephiti"  10   5   5      0.000      0.702      0.221     -0.101      0.120      1.000      -3.18 0.00143838       0.00       0.00       0.00 1.00000000
#  2323 "Mazama_gouazoubi" "Euphractus_sexci"  10   5   4      0.120      0.674      0.216      0.031      0.280      1.000      -2.57 0.01003242      -2.57      -2.57       0.00 1.00000000
#  2325 "Mazama_gouazoubi" "Conepatus_chinga"  10   5   4      0.120      0.704      0.199      0.069      0.280      1.000      -2.93 0.00328457      -2.93      -2.93       0.00 1.00000000
#  2332 "Mazama_gouazoubi" "Lepus_europaeus"   10   4   4      0.000      0.728      0.241     -0.323      0.175      1.000      -3.02 0.00245416       0.00       0.00       0.00 1.00000000
#  2337 "Mazama_gouazoubi" "Leopardus_geoffr"  10   3   3      0.000      0.702      0.259     -0.167      0.267      1.000      -2.71 0.00655860       0.00       0.00       0.00 1.00000000
#  2422 "Tamandua_tetrada" "Hydrochoerus_hyd"   9   8   6      0.083      0.642      0.196     -0.126      0.167      1.000      -2.86 0.00416583      -2.86      -2.86       0.00 1.00000000
#  2520 "Sylvilagus_flori" "Urocyon_cinereoa"   9   9   7      0.049      0.646      0.177     -0.167      0.198      1.000      -3.37 0.00071418      -3.37      -3.37       0.00 1.00000000
#  2542 "Sylvilagus_flori" "Conepatus_leucon"   9   3   3      0.000      0.797      0.242     -0.682      0.259      1.000      -3.29 0.00096560       0.00       0.00       0.00 1.00000000
#  2727 "Myrmecophaga_tri" "Mazama_americana"   8   8   5      0.141      0.685      0.198      0.172      0.250      1.000      -2.75 0.00590104      -2.75      -2.75       0.00 1.00000000
#  2845 "Nasua_narica"     "Conepatus_leucon"   8   3   3      0.000      0.817      0.235     -0.781      0.250      1.000      -3.47 0.00049096       0.00       0.00       0.00 1.00000000
#  2846 "Nasua_narica"     "Tamandua_mexican"   8   3   3      0.000      0.775      0.236     -0.370      0.250      1.000      -3.29 0.00097632       0.00       0.00       0.00 1.00000000
#  2851 "Nasua_narica"     "Mephitis_macrour"   8   3   3      0.000      0.791      0.231     -0.444      0.250      1.000      -3.42 0.00059444       0.00       0.00       0.00 1.00000000
#  2961 "Didelphis_marsup" "Sciurus_granaten"   8   2   2      0.000      0.786      0.273     -0.510      0.438      1.000      -2.88 0.00387013       0.00       0.00       0.00 1.00000000
#  3038 "Mazama_americana" "Tayassu_pecari"     8   4   4      0.000      0.799      0.211     -0.455      0.375      1.000      -3.79 0.00014406       0.00       0.00       0.00 1.00000000
#  3130 "Hydrochoerus_hyd" "Didelphis_albive"   8   5   4      0.100      0.729      0.226     -0.275      0.250      1.000      -2.79 0.00515246      -2.79      -2.79       0.00 1.00000000
#  3351 "Didelphis_aurita" "Cebus_xanthoster"   7   2   2      0.000      0.857      0.247     -1.190      0.429      1.000      -3.46 0.00050855       0.00       0.00       0.00 1.00000000
#  3443 "Dasyprocta_azara" "Cebus_nigritus"     6   2   2      0.000      0.872      0.242     -1.393      0.417      1.000      -3.61 0.00029474       0.00       0.00       0.00 1.00000000
#  3507 "Sus_scrofa"       "Conepatus_chinga"   5   5   3      0.160      0.782      0.225     -0.404      0.360      1.000      -2.76 0.00558299      -2.76       0.00       0.00 1.00000000
#  3520 "Sus_scrofa"       "Pseudalopex_gymn"   5   3   3      0.000      0.873      0.226     -1.454      0.200      1.000      -3.86 0.00010532       0.00       0.00       0.00 1.00000000
#  3599 "Euphractus_sexci" "Conepatus_chinga"   5   5   3      0.160      0.822      0.212     -0.646      0.360      1.000      -3.12 0.00172949      -3.12      -3.12       0.00 1.00000000
#  3611 "Euphractus_sexci" "Leopardus_geoffr"   5   3   3      0.000      0.832      0.224     -0.601      0.533      1.000      -3.71 0.00019354       0.00       0.00       0.00 1.00000000
#  3787 "Conepatus_chinga" "Lepus_europaeus"    5   4   3      0.100      0.809      0.225     -0.569      0.300      1.000      -3.16 0.00153446      -3.16      -3.16       0.00 1.00000000
#  3792 "Conepatus_chinga" "Leopardus_geoffr"   5   3   3      0.000      0.841      0.239     -1.028      0.200      1.000      -3.52 0.00040859       0.00       0.00       0.00 1.00000000
#  3793 "Conepatus_chinga" "Pseudalopex_gymn"   5   3   3      0.000      0.885      0.208     -1.380      0.200      1.000      -4.26 0.00001949       0.00       0.00      -3.72 0.00018611
#  3881 "Didelphis_albive" "Leopardus_geoffr"   5   3   3      0.000      0.831      0.241     -0.922      0.200      1.000      -3.44 0.00054795       0.00       0.00       0.00 1.00000000
#  3961 "Sciurus_caroline" "Tamias_striatus"    5   4   3      0.100      0.804      0.220     -0.447      0.300      1.000      -3.20 0.00132126      -3.20      -3.20       0.00 1.00000000
#  4234 "Felis_catus"      "Callithrix_kuhli"   4   2   2      0.000      0.869      0.255     -1.468      0.375      1.000      -3.41 0.00061589       0.00       0.00       0.00 1.00000000
#  4256 "Felis_catus"      "Potos_flavus"       4   2   2      0.000      0.894      0.235     -1.811      0.375      1.000      -3.81 0.00013340       0.00       0.00       0.00 1.00000000
#  4641 "Conepatus_leucon" "Mephitis_macrour"   3   3   3      0.000      0.858      0.248     -1.273      0.111      1.000      -3.45 0.00053227       0.00       0.00       0.00 1.00000000
#  4650 "Conepatus_leucon" "Sciurus_aureogas"   3   2   2      0.000      0.887      0.250     -1.811      0.333      1.000      -3.54 0.00038069       0.00       0.00       0.00 1.00000000
#  5109 "Mephitis_macrour" "Sciurus_aureogas"   3   2   2      0.000      0.920      0.217     -2.411      0.333      1.000      -4.25 0.00002044      -4.25       0.00      -3.71 0.00019522
#  5181 "Dasyprocta_lepor" "Sciurus_aestuans"   3   2   2      0.000      0.933      0.200     -2.749      0.333      1.000      -4.67 0.00000286      -4.67       0.00      -4.18 0.00002732
#  5331 "Callithrix_kuhli" "Cebus_xanthoster"   2   2   2      0.000      0.947      0.191     -3.474      0.250      1.000      -4.95 0.00000072      -4.95      -4.95      -4.48 0.00000683
#  5334 "Callithrix_kuhli" "Leontopithecus_c"   2   2   2      0.000      0.918      0.235     -2.569      0.250      1.000      -3.91 0.00008738      -3.91       0.00      -3.33 0.00083437
#  5341 "Callithrix_kuhli" "Potos_flavus"       2   2   2      0.000      0.947      0.191     -3.474      0.250      1.000      -4.95 0.00000072      -4.95      -4.95      -4.48 0.00000683
#  5535 "Bassariscus_astu" "Spilogale_putori"   2   2   2      0.000      0.947      0.191     -3.474      0.250      1.000      -4.95 0.00000072      -4.95      -4.95      -4.48 0.00000683
#  6051 "Myoprocta_acouch" "Dasypus_kappleri"   2   2   2      0.000      0.947      0.191     -3.474      0.250      1.000      -4.95 0.00000072      -4.95      -4.95      -4.48 0.00000683
#  6108 "Cebus_xanthoster" "Leontopithecus_c"   2   2   2      0.000      0.933      0.215     -2.953      0.250      1.000      -4.34 0.00001311      -4.34       0.00      -3.82 0.00012521
#  6115 "Cebus_xanthoster" "Potos_flavus"       2   2   2      0.000      0.902      0.252     -2.268      0.250      1.000      -3.58 0.00032985      -3.58       0.00       0.00 1.00000000
#  6286 "Leontopithecus_c" "Potos_flavus"       2   2   2      0.000      0.880      0.275     -1.912      0.250      1.000      -3.20 0.00132120       0.00       0.00       0.00 1.00000000
#  6845 "Castor_canadensi" "Lontra_canadensi"   1   1   1      0.000      1.000      0.000      0.000      1.000      1.000      -1.00 0.31722987      -1.00      -1.00       0.00 1.00000000
#  6950 "Lepus_alleni"     "Spermophilus_var"   1   1   1      0.000      1.000      0.000      0.000      1.000      1.000      -1.00 0.31722987      -1.00      -1.00       0.00 1.00000000
#  6985 "Lepus_americanus" "Erethizon_dorsat"   1   1   1      0.000      1.000      0.000      0.000      1.000      1.000      -1.00 0.31722987      -1.00      -1.00       0.00 1.00000000
#  7602 "Speothos_venatic" "Mazama_nemorivag"   1   1   1      0.000      1.000      0.000      0.000      1.000      1.000      -1.00 0.31722987      -1.00      -1.00       0.00 1.00000000
#  7659 "Sphiggurus_insid" "Chaetomys_subspi"   1   1   1      0.000      1.000      0.000      0.000      1.000      1.000      -1.00 0.31722987      -1.00      -1.00       0.00 1.00000000
#  7720 "Mazama_rufina"    "Nasuella_olivace"   1   1   1      0.000      1.000      0.000      0.000      1.000      1.000      -1.00 0.31722987      -1.00      -1.00       0.00 1.00000000
 
> Name               SP   CL+   CL-   BM+   BM-   BC+   BC-   BY+   BY-       NR   CL+   CL+
> NWLgMamm.txt     7875    29   101    26    47    26    35    10     9   787500  7875  7875
 
& File           Speci   Individ     BRInd       BRZ Cscoreind   CscoreZ Soeren.In  Soeren.Z    AbsInd      AbsZ CheckerIn  CheckerZ   CombInd     CombZ   CorrInd     CorrZ    SchInd      SchZ
& NWLgMamm.txt     126  30026.00    0.5645   -2.3388    0.0296    6.3557   -0.0018   -0.0891   -0.0001   -0.1344    0.0732   14.7074    0.4249    1.8765    0.0271    1.1001   -0.0061   -3.4592
 
%          Observed numbers                                          Expected numbers
% Class    Pairs   CL+   CL-   BM+   BM-   BC+   BC-   BY+   BY-       NR   CL+   CL-
% 0.000      892     0    56     0    15     0    10     0     9    72155   764   757
% 0.025       14     0    12     0    12     0    11     0     0        9     0     0
% 0.075       22     0     9     0     7     0     5     0     0      324     0     3
% 0.125       43     0    15     0    11     0     8     0     0      823    10    11
% 0.175       52     0     6     0     2     0     1     0     0     2516    25    21
% 0.225       38     0     3     0     0     0     0     0     0     3855    41    39
% 0.275       56     0     0     0     0     0     0     0     0     9475    91    92
% 0.325       71     0     0     0     0     0     0     0     0    10694   107    94
% 0.375       42     0     0     0     0     0     0     0     0     7900    81    82
% 0.425       94     0     0     0     0     0     0     0     0    19312   186   199
% 0.475      148     0     0     0     0     0     0     0     0    29145   283   299
% 0.525       31     0     0     0     0     0     0     0     0    10303    97    89
% 0.575       30     0     0     0     0     0     0     0     0     8506    78    79
% 0.625       73     0     0     0     0     0     0     0     0    15808   172   167
% 0.675       34     0     0     0     0     0     0     0     0     8447    86    72
% 0.725       34     0     0     0     0     0     0     0     0     7786    82    76
% 0.775       33     0     0     0     0     0     0     0     0     4803    51    56
% 0.825       17     0     0     0     0     0     0     0     0     2583    19    39
% 0.875        7     3     0     0     0     0     0     3     0      105     0     0
% 0.925        0     0     0     0     0     0     0     0     0        0     0     0
% 0.975        0     0     0     0     0     0     0     0     0        0     0     0
% 1.000     6144    26     0    26     0    26     0     7     0   572951  5702  5700
