species	97	103	104	107	108	109	110	112	125	133	153	154	155	156	157	171	177	179	214	229	249	274	1007	1009	1010	1657	2006	2007	2026	2035	2051	2053	2057	2058	2060	2089	2090
Abies_balsamea	0	0	0	535	0	0	0	0	0	0	0	0	1	0	0	0	0	0	0	0	0	0	0	54	0	0	0	0	0	0	0	0	0	0	0	0	0
Abies_fraseri	0	0	1113	0	0	0	0	0	0	0	0	0	0	0	0	0	0	0	0	0	0	0	0	0	0	0	0	0	0	0	0	0	0	0	0	0	0
Acer_negundo	0	0	0	0	0	0	0	0	0	0	0	0	0	0	0	0	0	0	7	0	0	0	4	0	0	0	0	0	0	2	0	0	0	0	0	0	0
Acer_pennsylvanica	0	0	0	0	0	0	0	0	0	24	0	0	0	0	0	0	0	0	0	0	0	0	0	0	0	0	0	0	0	0	0	0	0	0	0	0	0
Acer_pensylvanicum	0	12	0	0	10	14	0	0	0	0	0	14	28	0	0	4	0	0	0	0	0	8	0	0	0	0	0	0	0	0	0	0	0	0	0	0	0
Acer_rubrum	81	116	0	79	3	0	0	8	0	24	0	1	0	0	4	35	0	20	0	2	0	73	61	18	0	19	24	5	0	0	0	8	18	13	22	67	0
Acer_rubum	0	0	0	0	0	0	8	0	0	0	23	0	0	0	0	0	0	0	0	0	0	0	0	0	0	0	0	0	0	0	0	0	0	0	0	0	0
Acer_saccharinum	0	0	0	0	0	0	0	0	0	0	0	0	0	0	0	0	0	0	21	0	0	0	0	0	0	0	0	0	0	0	0	0	0	0	0	0	0
Acer_saccharum	83	8	0	4	0	4	1470	0	0	949	196	217	158	0	0	7	0	0	0	1	20	0	0	175	260	0	0	15	129	0	0	6	120	0	0	138	0
Acer_spicatum	0	2	2	0	0	0	0	0	0	33	0	0	0	0	0	1	0	0	0	0	0	0	0	0	0	0	0	0	0	0	0	0	0	0	0	0	0
Aesculus_flava	0	0	0	0	0	0	0	0	0	0	0	0	0	0	0	0	0	0	0	0	0	0	0	0	0	0	0	4	0	0	0	0	0	0	0	1	0
Aesculus_octandra	2	0	0	0	0	0	0	0	0	0	0	0	0	0	0	0	0	0	0	0	0	0	0	0	0	0	0	0	0	0	0	0	0	0	0	0	0
Alnus_rugosa	0	0	0	84	0	0	0	0	0	0	0	0	0	0	0	0	0	0	0	0	0	0	0	0	0	0	0	0	0	0	0	0	0	0	0	0	0
Amelanchier_arborea	1	0	0	42	17	4	0	0	0	0	0	0	0	0	0	0	0	0	0	0	0	0	0	0	0	0	0	0	0	0	0	1	0	0	3	0	0
Amelanchier_laevis	0	13	0	0	0	0	0	0	0	0	0	0	0	0	0	0	0	0	0	0	0	0	0	0	0	0	0	0	0	0	0	0	0	0	0	0	0
Asimina_triloba	0	0	0	0	0	0	0	0	0	0	0	0	0	0	0	0	0	0	0	0	0	0	0	0	0	0	0	0	4	0	0	0	2	0	0	0	0
Betula_alleghanience	0	0	0	0	0	0	34	0	0	0	0	0	0	0	0	0	0	0	0	0	0	0	0	0	0	0	0	0	0	0	0	0	0	0	0	0	0
Betula_alleghaniensis	0	0	0	0	0	0	0	0	0	0	61	19	17	0	0	29	0	0	0	0	0	0	0	0	0	0	0	13	0	0	0	0	0	0	0	0	0
Betula_lenta	0	26	0	0	39	25	0	55	0	9	0	0	0	0	0	0	0	0	0	0	0	27	0	0	0	0	0	0	0	0	0	0	0	0	8	1	0
Betula_lutea	0	179	32	169	0	0	0	0	0	0	0	0	0	0	0	0	0	0	0	0	0	3	0	0	0	0	0	0	0	0	0	0	0	0	0	0	0
Betula_nigra	0	0	0	0	0	0	0	0	0	0	0	0	0	0	0	0	0	0	1	1	0	0	0	0	0	0	1	13	0	0	0	0	0	0	0	0	0
Betula_papyrifera	0	0	0	0	0	0	0	0	0	0	0	0	0	0	0	0	0	0	0	0	0	0	11	28	29	0	0	0	0	0	0	0	0	0	0	0	0
Carpinus_caroliniana	3	0	0	0	0	0	0	0	0	0	0	0	0	0	0	0	0	0	0	0	0	0	0	0	0	0	0	0	0	0	0	13	14	0	0	0	0
Carya_alba	0	0	0	0	0	0	0	0	0	0	0	0	0	0	2	0	0	0	0	0	0	0	0	0	0	0	0	0	11	0	0	0	0	0	0	0	0
Carya_cordiformis	1	0	0	0	0	0	0	0	0	3	0	0	0	0	0	0	0	0	0	2	0	0	0	0	0	0	0	0	1	1	0	0	0	0	0	3	0
Carya_cordijormis	0	0	0	0	0	0	0	0	0	0	0	0	0	0	0	0	0	0	0	0	26	0	0	0	0	0	0	0	0	0	0	0	0	0	0	0	0
Carya_floridana	0	0	0	0	0	0	0	0	0	0	0	0	0	0	0	0	0	0	0	0	0	0	0	0	0	0	0	0	0	0	0	0	0	0	0	0	233
Carya_glabra	45	0	0	0	0	0	0	0	0	0	0	0	0	0	0	2	0	0	0	2	0	0	0	0	0	0	0	0	13	0	17	5	30	2	0	11	0
Carya_ovala	0	0	0	0	0	0	0	0	0	0	0	0	0	0	0	0	0	0	0	0	26	0	0	0	0	0	0	0	0	0	0	0	0	0	0	0	0
Carya_ovalis	0	0	0	0	0	0	0	0	0	2	0	0	0	0	0	0	0	0	0	0	0	0	0	0	0	0	0	0	0	0	0	0	0	0	0	0	0
Carya_ovata	12	0	0	0	0	0	0	0	22	3	0	0	0	0	0	1	0	0	0	7	0	0	0	0	0	0	0	0	6	11	93	24	15	0	0	25	0
Carya_pallida	0	0	0	0	0	0	0	0	0	0	0	0	0	0	0	0	0	0	0	0	0	0	0	0	0	0	0	0	11	0	0	0	0	0	0	0	0
Carya_texana	0	0	0	0	0	0	0	0	45	0	0	0	0	0	10	0	0	0	0	0	0	0	0	0	0	0	0	0	0	0	0	0	0	0	0	0	0
Carya_tomentosa	7	0	0	0	0	0	0	0	9	0	0	0	0	0	0	0	0	0	0	21	0	0	0	0	0	18	5	0	0	0	17	8	17	0	0	14	0
Castanea_dentata	0	0	0	0	0	0	0	0	0	0	0	0	0	0	0	1	0	0	0	0	0	83	0	0	0	0	0	0	0	0	0	0	0	0	0	0	0
Castanea_pumila	0	0	0	0	0	0	0	0	0	0	0	0	0	0	0	0	0	0	0	0	0	3	0	0	0	0	0	0	0	0	0	0	0	0	0	0	0
Celtis_laevigata	0	0	0	0	0	0	0	0	0	0	0	0	0	0	0	0	0	0	38	0	0	0	0	0	0	0	0	0	1	0	0	0	1	0	0	0	0
Celtis_occidentalis	2	0	0	0	0	0	0	0	0	0	0	0	0	0	0	0	0	0	0	0	0	0	0	0	0	0	0	0	6	3	3	0	0	0	0	0	0
Cercis_canadensis	0	0	0	0	0	0	0	0	0	0	0	0	0	0	0	0	0	0	0	0	0	0	0	0	0	1	0	0	2	0	0	0	15	0	0	6	0
Ceris_canadensis	24	0	0	0	0	0	0	0	0	0	0	0	0	0	0	0	0	0	0	0	0	0	0	0	0	0	0	0	0	0	0	0	0	0	0	0	0
Clethra_acuminata	0	0	0	0	0	0	0	0	0	0	0	0	0	0	0	0	0	0	0	0	0	7	0	0	0	0	0	0	0	0	0	0	0	0	0	0	0
Cornus_alternifolia	3	0	0	0	0	0	0	0	0	0	0	0	0	0	0	0	0	0	0	0	0	0	0	0	0	0	0	0	0	0	0	0	0	0	0	0	0
Cornus_florida	21	0	0	0	0	0	0	0	0	1	0	0	0	0	6	0	0	0	0	3	0	48	0	0	0	4	43	0	22	0	0	18	65	4	0	19	0
Diospyros_virginiana	1	0	0	0	0	0	0	0	0	0	0	0	0	0	0	0	0	0	4	7	0	0	0	0	0	0	0	0	18	0	0	0	0	0	0	2	0
Fagus_grandifolia	0	43	0	5	0	0	0	0	0	23	109	232	203	0	0	7	0	0	0	1	0	0	0	0	0	0	0	0	38	0	0	8	105	7	0	30	0
Fargus_grandifolia	12	0	0	0	0	0	0	0	0	0	0	0	0	0	0	0	0	0	0	0	0	0	0	0	0	0	0	0	0	0	0	0	0	0	0	0	0
Frangula_caroliniana	0	0	0	0	0	0	0	0	0	0	0	0	0	0	0	0	0	0	0	0	0	0	0	0	0	0	0	0	0	0	0	0	2	0	0	0	0
Fraxinus_americana	28	0	0	0	0	0	0	0	0	0	0	16	0	0	1	1	0	0	0	0	8	2	0	0	0	0	0	2	8	0	0	4	19	0	0	12	0
Fraxinus_lanceolata	0	0	0	0	0	0	0	0	0	0	0	0	0	0	0	0	0	0	0	0	0	0	0	0	0	0	0	0	0	0	1	0	0	0	0	0	0
Fraxinus_nigra	0	0	0	4	0	0	0	0	0	0	0	0	0	0	0	0	0	0	0	0	0	0	0	4	0	0	0	0	0	0	0	4	0	0	0	0	0
Fraxinus_pennsylvanica	0	0	0	0	0	0	0	0	0	3	0	0	0	0	0	0	0	12	1	0	0	0	21	2	2	0	0	0	0	3	0	1	6	0	0	0	0
Fraxius_americana	0	0	0	0	0	0	0	0	0	0	6	0	5	0	0	0	0	0	0	0	0	0	0	0	0	0	0	0	0	0	0	0	0	0	0	0	0
Fraxonum_americana	0	0	0	1	0	0	0	0	0	0	0	0	0	0	0	0	0	0	0	0	0	0	0	0	0	0	0	0	0	0	0	0	0	0	0	0	0
Gleditsia_triacanthos	0	0	0	0	0	0	0	0	0	0	0	0	0	0	0	0	0	0	2	0	0	0	0	0	0	0	0	0	0	0	0	0	0	0	0	0	0
Halesia_carolina	0	0	0	0	0	0	0	6	0	0	0	0	0	0	0	0	0	0	0	0	0	25	0	0	0	0	0	0	0	0	0	0	0	0	0	0	0
Hamamelis_virginiana	0	0	0	2	4	2	0	0	0	187	0	0	0	0	0	0	0	0	0	0	0	0	0	0	0	0	0	0	0	0	0	0	0	0	0	0	0
Hammamelis_virginiana	0	0	0	0	0	0	0	0	0	0	0	0	0	0	0	0	0	0	0	0	0	17	0	0	0	0	0	0	0	0	0	0	0	0	0	0	0
Ilex_ambigua	0	0	0	1	0	0	0	0	0	0	0	0	0	0	0	0	0	0	0	0	0	0	0	0	0	0	0	0	0	0	0	0	0	0	0	0	0
Ilex_decidua	0	0	0	0	0	0	0	0	0	0	0	0	0	0	0	0	0	0	2	0	0	0	0	0	0	0	0	0	0	0	0	0	0	0	0	0	0
Ilex_montana	0	2	0	0	0	0	0	0	0	0	0	0	0	0	0	0	0	0	0	0	0	0	0	0	0	0	0	0	0	0	0	0	0	0	0	0	0
Ilex_monticola	0	0	0	0	0	0	0	0	0	0	0	0	0	0	0	0	0	0	0	0	0	5	0	0	0	0	0	0	0	0	0	0	0	0	0	0	0
Ilex_opaca	0	0	0	0	0	0	0	0	0	0	0	0	0	0	0	0	0	0	0	0	0	0	0	0	0	0	0	0	0	0	0	0	3	11	0	0	0
Illex_opaca	0	0	0	0	0	0	0	0	0	0	0	0	0	0	1	0	0	0	0	0	0	0	0	0	0	0	0	0	0	0	0	0	0	0	0	0	0
Juglans_nigra	3	0	0	0	0	0	0	0	1	0	0	0	0	0	0	0	0	0	0	0	0	0	0	0	0	0	0	0	5	8	0	0	0	0	0	0	0
Juniperus_virginiana	0	0	0	0	0	0	0	0	0	0	0	0	0	0	0	0	0	0	3	0	0	0	0	0	0	0	0	0	0	0	0	0	9	0	0	0	0
Kalmia_latifolia	0	0	0	0	0	0	0	0	0	0	0	0	0	0	0	0	0	0	0	0	0	8	0	0	0	0	0	0	0	0	0	0	0	0	0	0	0
Ligustrum_sinense	0	0	0	0	0	0	0	0	0	0	0	0	0	0	0	0	0	0	0	0	0	0	0	0	0	0	0	0	0	0	0	0	1	0	0	0	0
Liquidambar_styraciflua	0	0	0	0	0	0	0	0	0	0	0	0	0	2	13	0	0	19	3	0	0	0	0	0	0	0	0	0	0	0	0	18	0	3	0	0	0
Liriodendron_tulipifera	37	0	0	0	0	0	0	8	0	0	0	0	0	0	0	0	0	0	0	28	0	13	0	0	0	2	10	0	2	0	0	9	6	0	0	43	0
Lyonia_ferruginea	0	0	0	0	0	0	0	0	0	0	0	0	0	0	0	0	0	0	0	0	0	0	0	0	0	0	0	0	0	0	0	0	0	0	0	0	15
Magnolia_acuminata	0	4	0	0	0	0	0	0	0	28	0	0	0	0	0	0	0	0	0	0	0	2	0	0	0	0	0	0	0	0	0	0	20	0	0	9	0
Magnolia_fraseri	0	4	0	0	0	0	0	44	0	0	0	0	0	0	0	0	0	0	0	0	0	0	0	0	0	0	1	0	0	0	0	0	0	0	0	0	0
Magnolia_macrophylla	0	0	0	0	0	0	0	0	0	0	0	0	0	0	0	0	0	0	0	0	0	0	0	0	0	0	0	0	0	0	0	0	10	0	0	0	0
Magnolia_tripetala	0	0	0	0	0	0	0	0	0	0	0	0	0	0	0	0	0	0	0	0	0	0	0	0	0	0	0	0	0	0	0	0	0	0	0	1	0
Magnolia_virginiana	0	0	0	0	0	0	0	0	0	0	0	0	0	0	0	0	0	0	0	0	0	0	0	0	0	0	0	0	0	0	0	0	0	3	0	0	0
Morus_rubra	0	0	0	0	0	0	0	0	0	0	0	0	0	0	0	0	0	0	1	0	0	0	0	0	0	0	0	0	0	0	5	0	0	0	0	0	0
Myrica_cerifera	0	0	0	0	0	0	0	0	0	0	0	0	0	0	0	0	0	1	0	0	0	0	0	0	0	0	0	0	0	0	0	0	0	0	0	0	0
Nyssa_aquatica	0	0	0	0	0	0	0	0	0	0	0	0	0	0	0	0	145	0	0	0	0	0	0	0	0	0	0	0	0	0	0	0	0	0	0	0	0
Nyssa_sylvatica	16	0	0	0	0	0	0	1	0	0	0	0	0	0	8	0	23	203	1	3	0	20	0	0	0	2	4	0	29	0	0	27	65	1	8	17	0
Osmanthus_americana	0	0	0	0	0	0	0	0	0	0	0	0	0	0	0	0	0	0	0	0	0	0	0	0	0	0	0	0	0	0	0	0	0	4	0	0	0
Ostrya_viginiana	0	0	0	0	0	0	0	0	0	0	0	2	13	0	0	0	0	0	0	0	0	0	0	0	0	0	0	0	0	0	0	0	0	0	0	0	0
Ostrya_virginiana	1	0	0	0	0	1	39	0	0	7	1	0	0	0	0	8	0	0	0	1	114	0	0	54	136	0	0	0	3	0	0	0	560	0	0	4	0
Oxydendron_arboreum	0	0	0	0	0	0	0	0	0	0	0	0	0	0	0	0	0	0	0	0	0	0	0	0	0	7	0	0	0	0	0	0	0	0	0	0	0
Oxydendrum_aboreum	0	0	0	0	0	0	0	0	0	0	0	0	0	0	0	0	0	0	0	0	0	0	0	0	0	0	0	0	0	0	0	0	0	0	0	25	0
Oxydendrum_arboreum	64	0	0	0	0	0	0	0	0	0	0	0	0	0	0	0	0	0	0	0	0	18	0	0	0	0	18	0	3	0	0	1	4	12	0	0	0
Persea_borbonia	0	0	0	0	0	0	0	0	0	0	0	0	0	0	0	0	0	0	0	0	0	0	0	0	0	0	0	0	0	0	0	0	0	8	0	0	0
Picea_glauca	0	0	0	0	0	0	0	0	0	0	0	0	0	0	0	0	0	0	0	0	0	0	0	3	0	0	0	0	0	0	0	0	0	0	0	0	0
Picea_rubens	0	164	286	245	0	0	0	0	0	0	0	4	17	0	0	0	0	0	0	0	0	0	0	0	0	0	0	0	0	0	0	0	0	0	0	0	0
Pinus_clausa	0	0	0	0	0	0	0	0	0	0	0	0	0	0	0	0	0	0	0	0	0	0	0	0	0	0	0	0	0	0	0	0	0	0	0	0	18
Pinus_echinata	0	0	0	0	0	0	0	0	0	0	0	0	0	7	13	0	0	0	0	0	0	0	0	0	0	24	0	0	0	0	0	0	0	0	0	0	0
Pinus_elliottii	0	0	0	0	0	0	0	0	0	0	0	0	0	0	16	0	0	0	0	0	0	0	0	0	0	0	0	0	0	0	0	0	0	0	0	0	0
Pinus_palustris	0	0	0	0	0	0	0	0	0	0	0	0	0	389	77	0	0	0	0	0	0	0	0	0	0	0	0	0	0	0	0	0	0	0	0	0	0
Pinus_pungens	0	0	0	0	5	0	0	0	0	0	0	0	0	0	0	0	0	0	0	0	0	0	0	0	0	0	0	0	0	0	0	0	0	0	0	0	0
Pinus_resinosa	0	0	0	0	106	218	0	0	0	0	0	0	0	0	0	0	0	0	0	0	0	0	0	0	0	0	0	0	0	0	0	0	0	0	0	0	0
Pinus_rigida	0	0	0	0	6	2	0	0	0	0	0	0	0	0	0	0	0	0	0	0	0	0	0	0	0	0	0	0	0	0	0	0	0	0	0	0	0
Pinus_strobus	0	2	0	0	11	0	0	0	0	0	0	0	0	0	0	0	0	0	0	0	0	18	0	4	0	0	0	0	0	0	0	0	0	0	0	0	0
Pinus_taeda	0	0	0	0	0	0	0	0	0	0	0	0	0	0	52	0	0	1	0	0	0	0	0	0	0	2	0	0	0	0	0	0	4	6	0	0	0
Pinus_virginiana	0	0	0	0	10	0	0	0	0	0	0	0	0	0	0	0	0	0	0	0	0	0	0	0	0	0	0	0	0	0	0	0	0	0	0	0	0
Platanus_occidentalis	1	0	0	0	0	0	0	0	0	0	0	0	0	0	0	0	0	0	0	0	0	0	0	0	0	0	0	0	0	0	0	0	0	0	0	0	0
Populus_balsamifera	0	0	0	0	0	0	0	0	0	0	0	0	0	0	0	0	0	0	0	0	0	0	0	0	19	0	0	0	0	0	0	0	0	0	0	0	0
Populus_deltoides	0	0	0	0	0	0	0	0	0	0	0	0	0	0	0	0	0	0	43	0	0	0	0	0	0	0	0	0	0	0	0	0	0	0	0	0	0
Populus_grandidentata	0	0	0	0	0	0	0	0	0	0	1	0	0	0	0	0	0	0	0	0	0	0	0	0	0	0	0	0	0	0	0	0	0	0	0	0	0
Populus_tremuloides	0	0	0	0	0	0	0	0	0	0	0	0	0	0	0	0	0	0	0	0	0	0	671	22	0	0	0	0	0	0	0	0	0	0	0	0	0
Prunus_pensylvanica	0	0	0	47	1	0	0	0	0	0	0	0	0	0	0	0	0	0	0	0	0	0	0	0	0	0	0	0	0	0	0	0	0	0	0	0	0
Prunus_serotina	1	19	0	9	0	0	0	0	0	4	7	0	0	0	1	0	0	0	0	1	0	10	410	0	0	4	0	0	0	0	3	2	4	0	0	1	0
Pyrus_americana	0	19	0	0	0	0	0	0	0	0	0	0	0	0	0	0	0	0	0	0	0	0	0	0	0	0	0	0	0	0	0	0	0	0	0	0	0
Quercus_alba	52	0	0	0	0	0	0	0	37	0	0	0	0	0	10	0	0	0	0	53	0	40	0	0	0	4	5	0	10	0	4	24	231	0	0	1	0
Quercus_borealis	32	0	0	0	0	0	0	0	0	0	0	0	0	0	0	0	0	0	0	0	12	0	0	9	0	0	0	0	0	0	0	0	0	0	0	0	0
Quercus_chapmanii	0	0	0	0	0	0	0	0	0	0	0	0	0	0	0	0	0	0	0	0	0	0	0	0	0	0	0	0	0	0	0	0	0	0	0	0	31
Quercus_coccinea	19	0	0	0	0	0	0	0	0	0	0	0	0	0	0	0	0	0	0	11	0	16	0	0	0	0	0	0	1	0	0	2	0	0	0	0	0
Quercus_ellipsoidalis	0	0	0	0	0	0	0	0	0	0	0	0	0	0	0	0	0	0	0	0	0	0	4189	0	0	0	0	0	0	0	0	0	0	0	0	0	0
Quercus_falcata	0	0	0	0	0	0	0	0	0	0	0	0	0	0	40	0	0	0	0	9	0	0	0	0	0	0	0	0	0	0	0	0	6	0	0	0	0
Quercus_geminata	0	0	0	0	0	0	0	0	0	0	0	0	0	0	0	0	0	0	0	0	0	0	0	0	0	0	0	0	0	0	0	0	0	0	0	0	132
Quercus_ilicifolia	0	0	0	0	2	0	0	0	0	0	0	0	0	0	0	0	0	0	0	0	0	0	0	0	0	0	0	0	0	0	0	0	0	0	0	0	0
Quercus_imbricaria	0	0	0	0	0	0	0	0	22	0	0	0	0	0	0	0	0	0	0	0	0	0	0	0	0	0	0	0	0	0	7	0	0	0	0	0	0
Quercus_incana	0	0	0	0	0	0	0	0	0	0	0	0	0	0	1	0	0	0	0	0	0	0	0	0	0	0	0	0	0	0	0	0	0	0	0	0	0
Quercus_laevis	0	0	0	0	0	0	0	0	0	0	0	0	0	0	0	0	0	0	0	0	0	0	0	0	0	0	0	0	0	0	0	0	0	0	0	0	227
Quercus_macrocarpa	0	0	0	0	0	0	0	0	0	0	0	0	0	0	0	0	0	0	0	0	0	0	5674	6	10	0	0	0	0	0	0	0	0	0	0	0	0
Quercus_marilandica	0	0	0	0	0	0	0	0	64	0	0	0	0	33	50	0	0	0	0	0	0	0	0	0	0	0	0	0	0	0	0	0	0	0	0	0	0
Quercus_montana	0	0	0	0	0	0	0	0	0	0	0	0	0	0	0	0	0	0	0	0	0	0	0	0	0	25	0	0	0	0	0	0	0	0	18	7	0
Quercus_muehlenbergii	0	0	0	0	0	0	0	0	0	0	0	0	0	0	0	0	0	0	0	0	0	0	0	0	0	0	0	0	0	0	0	0	7	0	0	0	0
Quercus_muehlenburgeii	19	0	0	0	0	0	0	0	0	0	0	0	0	0	0	0	0	0	0	0	0	0	0	0	0	0	0	0	0	0	0	0	0	0	0	0	0
Quercus_myrtifolia	0	0	0	0	0	0	0	0	0	0	0	0	0	0	0	0	0	0	0	0	0	0	0	0	0	0	0	0	0	0	0	0	0	0	0	0	24
Quercus_nigra	0	0	0	0	0	0	0	0	0	0	0	0	0	0	0	0	0	0	2	0	0	0	0	0	0	0	0	0	0	0	0	0	0	16	0	0	0
Quercus_palustris	0	0	0	0	0	0	0	0	3	0	0	0	0	0	0	0	0	0	0	0	0	0	0	0	0	0	0	0	0	0	0	0	0	0	0	0	0
Quercus_prinus	194	0	0	0	0	0	0	0	0	10	0	0	0	0	0	0	0	0	0	0	0	87	0	0	0	0	0	0	33	0	0	0	7	0	0	0	0
Quercus_rubra	0	0	0	0	4	6	0	0	0	132	0	0	0	0	0	21	0	0	0	0	0	92	0	0	0	0	2	6	9	6	0	0	3	0	0	4	0
Quercus_stellata	0	0	0	0	0	0	0	0	473	0	0	0	0	0	78	0	0	0	0	13	0	0	0	0	0	1	0	0	0	0	60	0	1	0	0	0	0
Quercus_velutina	12	0	0	0	0	0	0	0	162	2	0	0	0	0	5	0	0	0	0	11	0	5	0	0	0	0	8	0	10	0	6	8	0	0	6	0	0
Rhododendron_calendulacea	0	0	0	0	0	0	0	0	0	0	0	0	0	0	0	0	0	0	0	0	0	23	0	0	0	0	0	0	0	0	0	0	0	0	0	0	0
Rhododendron_maximum	0	0	0	0	0	0	0	0	0	0	0	0	0	0	0	0	0	0	0	0	0	23	0	0	0	0	0	0	0	0	0	0	0	0	0	0	0
Robinia_pseudoacaccia	0	0	0	0	0	0	0	0	0	9	0	0	0	0	0	0	0	0	0	0	0	0	0	0	0	0	0	0	0	0	0	0	0	0	0	0	0
Robinia_pseudoacacia	2	0	0	0	0	0	0	0	0	0	0	0	0	0	0	0	0	0	0	0	0	20	0	0	0	0	6	0	1	0	0	0	0	0	0	0	0
Salix_nigra	0	0	0	0	0	0	0	0	0	0	0	0	0	0	0	0	0	0	42	0	0	0	0	0	0	0	0	0	0	0	0	0	0	0	0	0	0
Sassafras_albidum	130	0	0	0	0	0	0	0	3	0	0	0	0	0	0	0	0	0	0	0	0	15	0	0	0	0	2	0	67	0	0	15	0	3	0	2	0
Sorbus_americana	0	0	98	2	24	0	0	0	0	0	0	0	0	0	0	0	0	0	0	0	0	0	0	0	0	0	0	0	0	0	0	0	0	0	0	0	0
Symplocos_tinctoria	0	0	0	0	0	0	0	0	0	0	0	0	0	0	0	0	0	0	0	0	0	0	0	0	0	0	0	0	0	0	0	0	0	1	0	0	0
Taxodium_distichum	0	0	0	0	0	0	0	0	0	0	0	0	0	0	0	0	6	14	0	0	0	0	0	0	0	0	0	0	0	0	0	0	0	0	0	0	0
Tila_americana	0	0	0	0	0	0	0	0	0	0	0	1	4	0	0	0	0	0	0	0	0	0	0	0	0	0	0	0	0	0	0	0	0	0	0	0	0
Tilia_americana	0	0	0	0	0	0	50	0	0	114	0	0	0	0	0	0	0	0	0	0	92	0	0	68	67	0	0	1	3	3	0	0	9	0	3	0	0
Tilia_heterophylla	0	0	0	0	0	0	0	0	0	0	0	0	0	0	0	0	0	0	0	0	0	0	0	0	0	0	0	0	0	0	0	0	0	0	0	21	0
Tilia_noglecta	2	0	0	0	0	0	0	0	0	0	0	0	0	0	0	0	0	0	0	0	0	0	0	0	0	0	0	0	0	0	0	0	0	0	0	0	0
Tsuga_canadensis	0	26	0	170	1	3	150	46	0	0	2	0	25	0	0	0	0	0	0	0	0	17	0	0	0	0	0	0	0	0	0	0	0	0	5	0	0
Tsuga_caroliniana	0	0	0	0	0	0	0	0	0	0	0	0	0	0	0	0	0	0	0	0	0	0	0	0	0	0	0	0	0	0	0	0	0	0	101	0	0
Ulmus_alata	0	0	0	0	0	0	0	0	0	0	0	0	0	0	0	0	0	0	0	0	0	0	0	0	0	0	0	0	0	0	3	6	30	0	0	1	0
Ulmus_americana	3	0	0	0	0	0	0	0	0	0	0	0	0	0	0	0	0	0	0	0	56	0	6	0	26	0	0	0	0	9	2	0	0	0	0	1	0
Ulmus_fulva	0	0	0	0	0	0	0	0	0	0	0	0	0	0	0	0	0	0	0	0	96	0	0	0	4	0	0	0	0	0	0	0	0	0	0	0	0
Ulmus_rubra	6	0	0	0	0	0	0	0	0	0	0	0	0	0	0	0	0	0	0	1	0	0	0	0	0	0	0	0	15	8	0	1	16	0	0	7	0
Ulmus_serotina	0	0	0	0	0	0	0	0	0	0	0	0	0	0	0	0	0	0	0	0	0	0	0	0	0	0	0	0	2	0	0	0	0	0	0	0	0
Viburnum_rufidulum	0	0	0	0	0	0	0	0	0	0	0	0	0	0	0	0	0	0	0	0	0	0	0	0	0	0	0	0	0	0	0	0	17	0	0	0	0