<  File:  ENAmTrees.txt  Species:  148 Sites:   37 MatFill: 0.09 Occ:    520 5.000% Confidence limit  Index: c Model: fixed - fixed                      
 
#    No             Sp1                Sp2     S1  S2 Com  Obs.Score  Exp.Score  Exp.StDev   Skewness    LowerCL    UpperCL SigZ-Score      Alpha >MeanScore   >CLScore   >BJScore      Alpha
#   150 "Acer_saccharum"   "Ostrya_virginiana  19  13  13      0.000      0.269      0.098      0.697      0.109      0.547      -2.76 0.00562137       0.00       0.00       0.00 1.00000000
#   151 "Acer_saccharum"   "Fagus_grandifolia  19  13  12      0.028      0.267      0.117      1.106      0.109      0.547      -2.04 0.04095000      -2.04       0.00       0.00 1.00000000
#   196 "Acer_saccharum"   "Acer_negundo"      19   3   0      1.000      0.372      0.245      0.075      0.000      0.632       2.56 0.01029032       2.56       2.56       0.00 1.00000000
#   297 "Nyssa_sylvatica"  "Cornus_florida"    16  12  11      0.026      0.327      0.118      0.660      0.109      0.609      -2.54 0.01074141      -2.54       0.00       0.00 1.00000000
#   298 "Nyssa_sylvatica"  "Quercus_alba"      16  12  10      0.062      0.354      0.123      0.442      0.167      0.609      -2.38 0.01723659       0.00       0.00       0.00 1.00000000
#   303 "Nyssa_sylvatica"  "Liriodendron_tuli  16  10  10      0.000      0.386      0.147      0.284      0.169      0.700      -2.63 0.00848442       0.00       0.00       0.00 1.00000000
#   310 "Nyssa_sylvatica"  "Sassafras_albidum  16   8   7      0.070      0.407      0.167      0.274      0.156      0.656      -2.02 0.04349387       0.00       0.00       0.00 1.00000000
#   311 "Nyssa_sylvatica"  "Oxydendrum_arbore  16   7   7      0.000      0.399      0.170      0.358      0.089      0.804      -2.35 0.01845682       0.00       0.00       0.00 1.00000000
#   317 "Nyssa_sylvatica"  "Betula_alleghanie  16   6   0      1.000      0.414      0.193      0.874      0.115      0.781       3.04 0.00229383       3.04       3.04       2.27 0.02264397
#   323 "Nyssa_sylvatica"  "Quercus_coccinea"  16   5   5      0.000      0.418      0.191      0.372      0.150      0.750      -2.18 0.02871704       0.00       0.00       0.00 1.00000000
#   325 "Nyssa_sylvatica"  "Picea_rubens"      16   5   0      1.000      0.403      0.200      0.495      0.000      0.750       2.98 0.00280094       2.98       2.98       2.20 0.02765008
#   442 "Prunus_serotina"  "Quercus_alba"      14  12   9      0.089      0.350      0.125      0.127      0.143      0.589      -2.09 0.03635293       0.00       0.00       0.00 1.00000000
#   450 "Prunus_serotina"  "Carya_tomentosa"   14   9   7      0.111      0.430      0.150      0.358      0.190      0.667      -2.13 0.03313500       0.00       0.00       0.00 1.00000000
#   464 "Prunus_serotina"  "Magnolia_acuminat  14   5   5      0.000      0.493      0.214      0.347      0.143      1.000      -2.31 0.02087313       0.00       0.00       0.00 1.00000000
#   603 "Ostrya_virginiana "Carya_cordiformis  13   6   5      0.103      0.488      0.195      0.189      0.231      0.769      -1.97 0.04803127       0.00       0.00       0.00 1.00000000
#   736 "Fagus_grandifolia "Carya_glabra"      13   9   7      0.103      0.400      0.132      0.140      0.179      0.658      -2.25 0.02389663       0.00       0.00       0.00 1.00000000
#   868 "Cornus_florida"   "Quercus_alba"      12  12  10      0.028      0.379      0.137      0.159      0.174      0.694      -2.56 0.01027775      -2.56      -2.56       0.00 1.00000000
#   872 "Cornus_florida"   "Quercus_velutina"  12  11   8      0.091      0.425      0.138     -0.282      0.152      0.682      -2.42 0.01529241       0.00       0.00       0.00 1.00000000
#   873 "Cornus_florida"   "Liriodendron_tuli  12  10   9      0.025      0.443      0.158      0.199      0.200      0.667      -2.64 0.00815654      -2.64      -2.64       0.00 1.00000000
#   876 "Cornus_florida"   "Carya_tomentosa"   12   9   7      0.093      0.453      0.170      0.410      0.167      0.815      -2.12 0.03331178      -2.12       0.00       0.00 1.00000000
#   877 "Cornus_florida"   "Carya_glabra"      12   9   7      0.093      0.462      0.153      0.564      0.259      0.815      -2.41 0.01564866      -2.41       0.00       0.00 1.00000000
#   880 "Cornus_florida"   "Sassafras_albidum  12   8   7      0.052      0.471      0.185      0.619      0.219      0.802      -2.26 0.02341443      -2.26      -2.26       0.00 1.00000000
#   881 "Cornus_florida"   "Oxydendrum_arbore  12   7   7      0.000      0.466      0.191      0.444      0.167      0.786      -2.44 0.01438469       0.00       0.00       0.00 1.00000000
#   884 "Cornus_florida"   "Ulmus_rubra"       12   7   6      0.071      0.495      0.175      0.062      0.167      0.786      -2.43 0.01501572      -2.43      -2.43       0.00 1.00000000
#   886 "Cornus_florida"   "Carya_cordiformis  12   6   5      0.097      0.514      0.188      0.489      0.222      1.000      -2.22 0.02645200      -2.22      -2.22       0.00 1.00000000
#   891 "Cornus_florida"   "Robinia_pseudoaca  12   5   5      0.000      0.496      0.220      0.378      0.133      1.000      -2.26 0.02377903       0.00       0.00       0.00 1.00000000
#   893 "Cornus_florida"   "Quercus_coccinea"  12   5   5      0.000      0.539      0.222      0.319      0.133      1.000      -2.43 0.01484954       0.00       0.00       0.00 1.00000000
#   894 "Cornus_florida"   "Quercus_prinus"    12   5   5      0.000      0.497      0.221      0.175      0.133      1.000      -2.25 0.02391917       0.00       0.00       0.00 1.00000000
#  1009 "Quercus_alba"     "Carya_ovata"       12  11   8      0.091      0.423      0.144      0.266      0.152      0.682      -2.31 0.02042520       0.00       0.00       0.00 1.00000000
#  1012 "Quercus_alba"     "Quercus_velutina"  12  11   9      0.045      0.407      0.143      0.495      0.152      0.682      -2.52 0.01147640      -2.52      -2.52       0.00 1.00000000
#  1013 "Quercus_alba"     "Liriodendron_tuli  12  10   9      0.025      0.432      0.163      0.601      0.200      0.825      -2.49 0.01237875      -2.49      -2.49       0.00 1.00000000
#  1016 "Quercus_alba"     "Carya_tomentosa"   12   9   9      0.000      0.461      0.164      0.089      0.167      0.815      -2.82 0.00471103       0.00       0.00      -1.99 0.04650593
#  1017 "Quercus_alba"     "Carya_glabra"      12   9   7      0.093      0.454      0.166      0.348      0.167      0.815      -2.18 0.02912784      -2.18       0.00       0.00 1.00000000
#  1020 "Quercus_alba"     "Sassafras_albidum  12   8   7      0.052      0.454      0.177      0.333      0.125      0.802      -2.27 0.02267414      -2.27      -2.27       0.00 1.00000000
#  1021 "Quercus_alba"     "Oxydendrum_arbore  12   7   6      0.071      0.465      0.182      0.493      0.167      0.786      -2.16 0.03042024      -2.16      -2.16       0.00 1.00000000
#  1024 "Quercus_alba"     "Ulmus_rubra"       12   7   6      0.071      0.485      0.187      0.289      0.167      1.000      -2.21 0.02710229      -2.21      -2.21       0.00 1.00000000
#  1028 "Quercus_alba"     "Quercus_stellata"  12   6   6      0.000      0.498      0.184      0.516      0.222      1.000      -2.70 0.00678682       0.00       0.00       0.00 1.00000000
#  1033 "Quercus_alba"     "Quercus_coccinea"  12   5   5      0.000      0.537      0.235      0.167      0.133      1.000      -2.28 0.02213848       0.00       0.00       0.00 1.00000000
#  1151 "Carya_ovata"      "Quercus_velutina"  11  11   7      0.132      0.424      0.153      0.453      0.207      0.826      -1.91 0.05608940       0.00       0.00       0.00 1.00000000
#  1154 "Carya_ovata"      "Tsuga_canadensis"  11  10   0      1.000      0.438      0.136      0.260      0.182      0.655       4.15 0.00003165       4.15       4.15       3.59 0.00031244
#  1155 "Carya_ovata"      "Carya_tomentosa"   11   9   7      0.081      0.483      0.179      0.119      0.152      0.808      -2.25 0.02445287      -2.25      -2.25       0.00 1.00000000
#  1156 "Carya_ovata"      "Carya_glabra"      11   9   8      0.030      0.477      0.175     -0.012      0.152      0.808      -2.56 0.01040798      -2.56      -2.56       0.00 1.00000000
#  1163 "Carya_ovata"      "Ulmus_rubra"       11   7   7      0.000      0.498      0.182      0.180      0.156      0.779      -2.74 0.00595272       0.00       0.00       0.00 1.00000000
#  1165 "Carya_ovata"      "Carya_cordiformis  11   6   6      0.000      0.515      0.225      0.196      0.091      1.000      -2.29 0.02178818       0.00       0.00       0.00 1.00000000
#  1176 "Carya_ovata"      "Juglans_nigra"     11   4   4      0.000      0.567      0.267      0.169      0.182      1.000      -2.13 0.03316647       0.00       0.00       0.00 1.00000000
#  1181 "Carya_ovata"      "Celtis_occidental  11   4   4      0.000      0.577      0.246      0.154      0.182      1.000      -2.35 0.01872313       0.00       0.00       0.00 1.00000000
#  1294 "Fraxinus_american "Carya_glabra"      11   9   6      0.152      0.461      0.148      0.329      0.242      0.808      -2.09 0.03652227       0.00       0.00       0.00 1.00000000
#  1325 "Fraxinus_american "Carpinus_carolini  11   3   3      0.000      0.605      0.264      0.058      0.273      1.000      -2.29 0.02175629       0.00       0.00       0.00 1.00000000
#  1444 "Quercus_rubra"    "Magnolia_acuminat  11   5   4      0.127      0.532      0.199      0.221      0.291      1.000      -2.03 0.04205722       0.00       0.00       0.00 1.00000000
#  1570 "Quercus_velutina" "Sassafras_albidum  11   8   6      0.114      0.514      0.190      0.381      0.205      1.000      -2.11 0.03439206       0.00       0.00       0.00 1.00000000
#  1581 "Quercus_velutina" "Robinia_pseudoaca  11   5   5      0.000      0.519      0.222      0.227      0.127      1.000      -2.33 0.01943588       0.00       0.00       0.00 1.00000000
#  1583 "Quercus_velutina" "Quercus_coccinea"  11   5   5      0.000      0.547      0.224      0.122      0.127      1.000      -2.44 0.01427215       0.00       0.00       0.00 1.00000000
#  1701 "Liriodendron_tuli "Carya_tomentosa"   10   9   7      0.067      0.505      0.167      0.094      0.133      0.800      -2.62 0.00853533      -2.62      -2.62       0.00 1.00000000
#  1705 "Liriodendron_tuli "Sassafras_albidum  10   8   6      0.100      0.520      0.183      0.404      0.188      1.000      -2.30 0.02122366      -2.30       0.00       0.00 1.00000000
#  1706 "Liriodendron_tuli "Oxydendrum_arbore  10   7   6      0.057      0.523      0.166     -0.085      0.257      0.771      -2.80 0.00497091      -2.80      -2.80      -1.97 0.04907135
#  1709 "Liriodendron_tuli "Ulmus_rubra"       10   7   6      0.057      0.520      0.170     -0.353      0.143      0.771      -2.72 0.00632244      -2.72      -2.72       0.00 1.00000000
#  1718 "Liriodendron_tuli "Quercus_coccinea"  10   5   5      0.000      0.555      0.219      0.151      0.280      1.000      -2.53 0.01118243       0.00       0.00       0.00 1.00000000
#  1728 "Liriodendron_tuli "Ulmus_alata"       10   4   3      0.175      0.626      0.208      0.399      0.400      1.000      -2.16 0.03026748       0.00       0.00       0.00 1.00000000
#  1729 "Liriodendron_tuli "Cercis_canadensis  10   4   4      0.000      0.567      0.245      0.248      0.175      1.000      -2.32 0.02033055       0.00       0.00       0.00 1.00000000
#  1733 "Liriodendron_tuli "Carpinus_carolini  10   3   3      0.000      0.653      0.260      0.051      0.267      1.000      -2.52 0.01162678       0.00       0.00       0.00 1.00000000
#  1968 "Tsuga_canadensis" "Carya_tomentosa"   10   9   0      1.000      0.478      0.165      0.001      0.133      0.800       3.16 0.00154132       3.16       3.16       2.42 0.01521543
#  1969 "Tsuga_canadensis" "Carya_glabra"      10   9   0      1.000      0.484      0.166      0.474      0.222      0.800       3.10 0.00185651       3.10       3.10       2.35 0.01832688
#  1970 "Tsuga_canadensis" "Fraxinus_pennsylv  10   9   0      1.000      0.494      0.160      0.616      0.222      0.800       3.16 0.00151092       3.16       3.16       2.43 0.01491534
#  1971 "Tsuga_canadensis" "Betula_lenta"      10   8   6      0.100      0.496      0.184      0.411      0.188      0.788      -2.16 0.03048640       0.00       0.00       0.00 1.00000000
#  1974 "Tsuga_canadensis" "Acer_pensylvanicu  10   7   5      0.143      0.515      0.180      0.271      0.257      0.771      -2.07 0.03817427       0.00       0.00       0.00 1.00000000
#  2101 "Carya_tomentosa"  "Carya_glabra"       9   9   6      0.111      0.519      0.183     -0.085      0.198      0.790      -2.23 0.02550066       0.00       0.00       0.00 1.00000000
#  2104 "Carya_tomentosa"  "Sassafras_albidum   9   8   5      0.167      0.509      0.181      0.710      0.278      1.000      -1.89 0.05832726       0.00       0.00       0.00 1.00000000
#  2108 "Carya_tomentosa"  "Ulmus_rubra"        9   7   5      0.127      0.555      0.205      0.429      0.238      1.000      -2.09 0.03617412      -2.09       0.00       0.00 1.00000000
#  2112 "Carya_tomentosa"  "Quercus_stellata"   9   6   5      0.074      0.545      0.193      0.487      0.185      1.000      -2.43 0.01469356      -2.43      -2.43       0.00 1.00000000
#  2127 "Carya_tomentosa"  "Ulmus_alata"        9   4   4      0.000      0.653      0.232      0.094      0.167      1.000      -2.82 0.00469130       0.00       0.00      -1.99 0.04631117
#  2236 "Carya_glabra"     "Oxydendrum_arbore   9   7   5      0.127      0.570      0.207     -0.056      0.238      1.000      -2.14 0.03186595      -2.14      -2.14       0.00 1.00000000
#  2239 "Carya_glabra"     "Ulmus_rubra"        9   7   6      0.048      0.490      0.190      0.432      0.127      1.000      -2.33 0.01955330      -2.33      -2.33       0.00 1.00000000
#  2258 "Carya_glabra"     "Ulmus_alata"        9   4   4      0.000      0.616      0.246      0.066      0.167      1.000      -2.50 0.01209462       0.00       0.00       0.00 1.00000000
#  2263 "Carya_glabra"     "Carpinus_carolini   9   3   3      0.000      0.689      0.276     -0.323      0.259      1.000      -2.49 0.01246053       0.00       0.00       0.00 1.00000000
#  2396 "Fraxinus_pennsylv "Acer_negundo"       9   3   3      0.000      0.671      0.287     -0.252      0.259      1.000      -2.34 0.01892453       0.00       0.00       0.00 1.00000000
#  2404 "Fraxinus_pennsylv "Quercus_macrocarp   9   3   3      0.000      0.650      0.272     -0.129      0.259      1.000      -2.39 0.01658314       0.00       0.00       0.00 1.00000000
#  2504 "Betula_lenta"     "Magnolia_acuminat   8   5   4      0.100      0.645      0.225     -0.080      0.250      1.000      -2.42 0.01518637      -2.42      -2.42       0.00 1.00000000
#  2544 "Betula_lenta"     "Pinus_resinosa"     8   2   2      0.000      0.736      0.281     -0.124      0.438      1.000      -2.62 0.00860590       0.00       0.00       0.00 1.00000000
#  2623 "Sassafras_albidum "Oxydendrum_arbore   8   7   6      0.036      0.510      0.205      0.149      0.107      1.000      -2.31 0.02051359      -2.31      -2.31       0.00 1.00000000
#  2633 "Sassafras_albidum "Robinia_pseudoaca   8   5   4      0.100      0.587      0.208      0.205      0.250      1.000      -2.34 0.01883703      -2.34      -2.34       0.00 1.00000000
#  2635 "Sassafras_albidum "Quercus_coccinea"   8   5   4      0.100      0.617      0.238      0.127      0.250      1.000      -2.17 0.02948576      -2.17      -2.17       0.00 1.00000000
#  2753 "Oxydendrum_arbore "Ulmus_rubra"        7   7   4      0.184      0.574      0.201      0.264      0.327      1.000      -1.95 0.05110914       0.00       0.00       0.00 1.00000000
#  2760 "Oxydendrum_arbore "Robinia_pseudoaca   7   5   4      0.086      0.650      0.220      0.433      0.429      1.000      -2.57 0.01007080      -2.57      -2.57       0.00 1.00000000
#  2762 "Oxydendrum_arbore "Quercus_coccinea"   7   5   4      0.086      0.652      0.220      0.102      0.229      1.000      -2.58 0.00982350      -2.58      -2.58       0.00 1.00000000
#  2763 "Oxydendrum_arbore "Quercus_prinus"     7   5   4      0.086      0.634      0.253      0.124      0.229      1.000      -2.17 0.02977139      -2.17      -2.17       0.00 1.00000000
#  2777 "Oxydendrum_arbore "Carpinus_carolini   7   3   3      0.000      0.685      0.291     -0.256      0.238      1.000      -2.35 0.01831198       0.00       0.00       0.00 1.00000000
#  3130 "Ulmus_rubra"      "Carya_cordiformis   7   6   5      0.048      0.599      0.213      0.297      0.286      1.000      -2.59 0.00929028      -2.59      -2.59       0.00 1.00000000
#  3136 "Ulmus_rubra"      "Diospyros_virgini   7   5   4      0.086      0.647      0.236      0.042      0.229      1.000      -2.38 0.01700675      -2.38      -2.38       0.00 1.00000000
#  3137 "Ulmus_rubra"      "Quercus_coccinea"   7   5   4      0.086      0.635      0.242      0.012      0.229      1.000      -2.27 0.02276731      -2.27      -2.27       0.00 1.00000000
#  3146 "Ulmus_rubra"      "Celtis_occidental   7   4   3      0.143      0.629      0.240      0.315      0.357      1.000      -2.02 0.04294497      -2.02      -2.02       0.00 1.00000000
#  3152 "Ulmus_rubra"      "Carpinus_carolini   7   3   3      0.000      0.710      0.280     -0.288      0.238      1.000      -2.54 0.01095539       0.00       0.00       0.00 1.00000000
#  3185 "Ulmus_rubra"      "Asimina_triloba"    7   2   2      0.000      0.733      0.293     -0.260      0.429      1.000      -2.51 0.01202261       0.00       0.00       0.00 1.00000000
#  3298 "Amelanchier_arbor "Pinus_rigida"       6   2   2      0.000      0.764      0.300     -0.625      0.417      1.000      -2.54 0.01078141       0.00       0.00       0.00 1.00000000
#  3381 "Carya_cordiformis "Diospyros_virgini   6   5   4      0.067      0.652      0.239      0.043      0.200      1.000      -2.45 0.01423818      -2.45      -2.45       0.00 1.00000000
#  3386 "Carya_cordiformis "Juglans_nigra"      6   4   3      0.125      0.685      0.242     -0.059      0.333      1.000      -2.31 0.02058780      -2.31      -2.31       0.00 1.00000000
#  3549 "Betula_alleghanie "Acer_rubum"         6   2   2      0.000      0.809      0.281     -0.896      0.417      1.000      -2.88 0.00389612       0.00       0.00      -2.07 0.03846133
#  3648 "Quercus_stellata" "Quercus_falcata"    6   3   3      0.000      0.711      0.294     -0.355      0.222      1.000      -2.42 0.01532418       0.00       0.00       0.00 1.00000000
#  3652 "Quercus_stellata" "Quercus_imbricari   6   2   2      0.000      0.787      0.295     -0.816      0.417      1.000      -2.67 0.00746900       0.00       0.00       0.00 1.00000000
#  3655 "Quercus_stellata" "Carya_texana"       6   2   2      0.000      0.776      0.298     -0.718      0.417      1.000      -2.60 0.00906026       0.00       0.00       0.00 1.00000000
#  3978 "Robinia_pseudoaca "Quercus_prinus"     5   5   4      0.040      0.680      0.240     -0.109      0.160      1.000      -2.67 0.00751513      -2.67      -2.67       0.00 1.00000000
#  4441 "Picea_rubens"     "Betula_lutea"       5   4   3      0.100      0.729      0.246     -0.226      0.300      1.000      -2.56 0.01032615      -2.56      -2.56       0.00 1.00000000
#  4581 "Pinus_taeda"      "Ilex_opaca"         5   2   2      0.000      0.776      0.304     -0.744      0.400      1.000      -2.56 0.01041055       0.00       0.00       0.00 1.00000000
#  4667 "Juglans_nigra"    "Celtis_occidental   4   4   3      0.062      0.752      0.270     -0.506      0.250      1.000      -2.56 0.01035309      -2.56      -2.56       0.00 1.00000000
#  5455 "Cercis_canadensis "Asimina_triloba"    4   2   2      0.000      0.811      0.300     -1.084      0.375      1.000      -2.71 0.00664371       0.00       0.00       0.00 1.00000000
#  5547 "Hamamelis_virgini "Pinus_resinosa"     4   2   2      0.000      0.849      0.281     -1.476      0.375      1.000      -3.02 0.00247413       0.00       0.00      -2.25 0.02442388
#  5629 "Quercus_marilandi "Pinus_echinata"     3   3   2      0.111      0.793      0.279     -0.716      0.444      1.000      -2.44 0.01436210      -2.44      -2.44       0.00 1.00000000
#  5644 "Quercus_marilandi "Carya_texana"       3   2   2      0.000      0.860      0.272     -1.468      0.333      1.000      -3.17 0.00148416       0.00       0.00      -2.44 0.01465115
#  5648 "Quercus_marilandi "Pinus_palustris"    3   2   2      0.000      0.867      0.267     -1.546      0.333      1.000      -3.25 0.00110984       0.00       0.00      -2.54 0.01095600
#  5951 "Celtis_laevigata" "Juniperus_virgini   3   2   2      0.000      0.873      0.262     -1.629      0.333      1.000      -3.34 0.00080574       0.00       0.00      -2.65 0.00795399
#  5960 "Celtis_laevigata" "Asimina_triloba"    3   2   2      0.000      0.857      0.280     -1.534      0.333      1.000      -3.06 0.00213629       0.00       0.00      -2.30 0.02108883
#  6046 "Pinus_echinata"   "Pinus_palustris"    3   2   2      0.000      0.873      0.262     -1.629      0.333      1.000      -3.34 0.00080574       0.00       0.00      -2.65 0.00795399
#  6436 "Sorbus_americana" "Prunus_pensylvani   3   2   2      0.000      0.853      0.276     -1.393      0.333      1.000      -3.09 0.00193441       0.00       0.00      -2.34 0.01909592
#  6694 "Betula_papyrifera "Quercus_macrocarp   3   3   3      0.000      0.771      0.309     -0.804      0.111      1.000      -2.50 0.01237458       0.00       0.00       0.00 1.00000000
#  7235 "Ostrya_viginiana" "Tila_americana"     2   2   2      0.000      0.865      0.288     -1.717      0.250      1.000      -3.00 0.00259840       0.00       0.00      -2.23 0.02565069
#  7509 "Quercus_nigra"    "Populus_deltoides   2   1   1      0.000      0.980      0.140     -7.068      1.000      1.000      -7.00 0.00000000       0.00       0.00      -7.00 0.00000000
#  7798 "Pinus_resinosa"   "Pinus_rigida"       2   2   2      0.000      0.858      0.294     -1.629      0.250      1.000      -2.91 0.00346124       0.00       0.00      -2.11 0.03416837
#  8026 "Juniperus_virgini "Frangula_carolini   2   1   1      0.000      1.000      0.000      0.000      1.000      1.000      -1.00 0.31722987       0.00       0.00       0.00 1.00000000
#  9191 "Pinus_elliottii"  "Illex_opaca"        1   1   1      0.000      0.980      0.140     -7.068      1.000      1.000      -7.00 0.00000000       0.00       0.00      -7.00 0.00000000
#  9241 "Amelanchier_laevi "Ilex_montana"       1   1   1      0.000      1.000      0.000      0.000      1.000      1.000      -1.00 0.31722987       0.00       0.00       0.00 1.00000000
#  9303 "Pinus_pungens"    "Quercus_ilicifoli   1   1   1      0.000      0.980      0.140     -7.068      1.000      1.000      -7.00 0.00000000       0.00       0.00      -7.00 0.00000000
#  9484 "Gleditsia_triacan "Salix_nigra"        1   1   1      0.000      0.990      0.099    -10.152      1.000      1.000      -9.95 0.00000000       0.00       0.00      -9.95 0.00000000
#  9504 "Acer_saccharinum" "Populus_deltoides   1   1   1      0.000      0.980      0.140     -7.068      1.000      1.000      -7.00 0.00000000       0.00       0.00      -7.00 0.00000000
#  9568 "Pinus_virginiana" "Quercus_ilicifoli   1   1   1      0.000      0.980      0.140     -7.068      1.000      1.000      -7.00 0.00000000       0.00       0.00      -7.00 0.00000000
#  9633 "Platanus_occident "Cornus_alternifol   1   1   1      0.000      0.980      0.140     -7.068      1.000      1.000      -7.00 0.00000000       0.00       0.00      -7.00 0.00000000
#  9650 "Platanus_occident "Fargus_grandifoli   1   1   1      0.000      0.990      0.099    -10.152      1.000      1.000      -9.95 0.00000000       0.00       0.00      -9.95 0.00000000
#  9708 "Populus_deltoides "Ilex_decidua"       1   1   1      0.000      0.980      0.140     -7.068      1.000      1.000      -7.00 0.00000000       0.00       0.00      -7.00 0.00000000
#  9804 "Castanea_pumila"  "Ilex_monticola"     1   1   1      0.000      0.990      0.099    -10.152      1.000      1.000      -9.95 0.00000000       0.00       0.00      -9.95 0.00000000
# 10068 "Quercus_chapmanii "Carya_floridana"    1   1   1      0.000      0.990      0.099    -10.152      1.000      1.000      -9.95 0.00000000       0.00       0.00      -9.95 0.00000000
# 10118 "Ilex_monticola"   "Rhododendron_cale   1   1   1      0.000      0.990      0.099    -10.152      1.000      1.000      -9.95 0.00000000       0.00       0.00      -9.95 0.00000000
# 10119 "Ilex_monticola"   "Rhododendron_maxi   1   1   1      0.000      0.990      0.099    -10.152      1.000      1.000      -9.95 0.00000000       0.00       0.00      -9.95 0.00000000
# 10192 "Aesculus_octandra "Cornus_alternifol   1   1   1      0.000      0.990      0.099    -10.152      1.000      1.000      -9.95 0.00000000       0.00       0.00      -9.95 0.00000000
# 10204 "Aesculus_octandra "Tilia_noglecta"     1   1   1      0.000      0.980      0.140     -7.068      1.000      1.000      -7.00 0.00000000       0.00       0.00      -7.00 0.00000000
# 10216 "Quercus_geminata" "Quercus_laevis"     1   1   1      0.000      0.980      0.140     -7.068      1.000      1.000      -7.00 0.00000000       0.00       0.00      -7.00 0.00000000
# 10352 "Quercus_laevis"   "Carya_floridana"    1   1   1      0.000      0.980      0.140     -7.068      1.000      1.000      -7.00 0.00000000       0.00       0.00      -7.00 0.00000000
# 10417 "Carya_floridana"  "Quercus_myrtifoli   1   1   1      0.000      0.990      0.099    -10.152      1.000      1.000      -9.95 0.00000000       0.00       0.00      -9.95 0.00000000
# 10453 "Kalmia_latifolia" "Rhododendron_cale   1   1   1      0.000      0.980      0.140     -7.068      1.000      1.000      -7.00 0.00000000       0.00       0.00      -7.00 0.00000000
# 10617 "Ceris_canadensis" "Tilia_noglecta"     1   1   1      0.000      1.000      0.000      0.000      1.000      1.000      -1.00 0.31722987       0.00       0.00       0.00 1.00000000
# 10680 "Cornus_alternifol "Tilia_noglecta"     1   1   1      0.000      0.980      0.140     -7.068      1.000      1.000      -7.00 0.00000000       0.00       0.00      -7.00 0.00000000
# 10685 "Cornus_alternifol "Fargus_grandifoli   1   1   1      0.000      0.980      0.140     -7.068      1.000      1.000      -7.00 0.00000000       0.00       0.00      -7.00 0.00000000
# 10771 "Magnolia_macrophy "Frangula_carolini   1   1   1      0.000      0.980      0.140     -7.068      1.000      1.000      -7.00 0.00000000       0.00       0.00      -7.00 0.00000000
# 10847 "Tilia_noglecta"   "Fargus_grandifoli   1   1   1      0.000      0.990      0.099    -10.152      1.000      1.000      -9.95 0.00000000       0.00       0.00      -9.95 0.00000000
 
> Name               SP   CL+   CL-   BM+   BM-   BC+   BC-   BY+   BY-       NR   CL+   CL+
> ENAmTrees.txt   10878     7   134     7    42     7    35     6    36  1087800 32634 32634
 
& File           Speci   Individ     BRInd       BRZ Cscoreind   CscoreZ Soeren.In  Soeren.Z    AbsInd      AbsZ CheckerIn  CheckerZ   CombInd     CombZ   CorrInd     CorrZ    SchInd      SchZ
& ENAmTrees.txt    148  29790.00    0.5808   -0.7661   -0.0045   -0.6260   -0.0512   -2.2326   -0.0009   -1.5697    0.0542   10.4508    0.1993    1.2273   -0.0075   -0.1938   -0.0061   -2.9464
 
%          Observed numbers                                          Expected numbers
% Class    Pairs   CL+   CL-   BM+   BM-   BC+   BC-   BY+   BY-       NR   CL+   CL-
% 0.000     1296     0    74     0     0     0     0     0    35   133658  4096  4031
% 0.025       12     0    11     0    11     0     9     0     0       38     3     2
% 0.075       34     0    26     0    21     0    18     0     1      467    11    17
% 0.125       67     0    19     0    10     0     8     0     0     2156    74    66
% 0.175       80     0     4     0     0     0     0     0     0     4677   135   128
% 0.225       76     0     0     0     0     0     0     0     0     6495   185   174
% 0.275      119     0     0     0     0     0     0     0     0    16172   463   475
% 0.325      100     0     0     0     0     0     0     0     0    13532   364   407
% 0.375       85     0     0     0     0     0     0     0     0    12349   370   351
% 0.425      186     0     0     0     0     0     0     0     0    30173   907   917
% 0.475      144     0     0     0     0     0     0     0     0    22120   671   669
% 0.525       87     0     0     0     0     0     0     0     0    14328   430   446
% 0.575       76     0     0     0     0     0     0     0     0    13299   396   442
% 0.625      128     0     0     0     0     0     0     0     0    17954   495   544
% 0.675       73     0     0     0     0     0     0     0     0     9620   290   276
% 0.725       33     0     0     0     0     0     0     0     0     5931   165   161
% 0.775       27     0     0     0     0     0     0     0     0     2828    77    77
% 0.825        5     0     0     0     0     0     0     0     0      421    13    13
% 0.875        0     0     0     0     0     0     0     0     0        3     2     0
% 0.925        0     0     0     0     0     0     0     0     0        0     0     0
% 0.975        0     0     0     0     0     0     0     0     0        0     0     0
% 1.000     8250     7     0     7     0     7     0     6     0   781579 23487 23438
