<  File:  ENAmTrees.txt  Species:  148 Sites:   37 MatFill: 0.09 Occ:    520 1.000% Confidence limit  Index: c Model: fixed - fixed                      
 
#    No             Sp1                Sp2     S1  S2 Com  Obs.Score  Exp.Score  Exp.StDev   Skewness    LowerCL    UpperCL SigZ-Score      Alpha >MeanScore   >CLScore   >BJScore      Alpha
#   150 "Acer_saccharum"   "Ostrya_virginiana  19  13  13      0.000      0.268      0.100      0.372      0.065      0.547      -2.67 0.00735849       0.00       0.00       0.00 1.00000000
#   151 "Acer_saccharum"   "Fagus_grandifolia  19  13  12      0.028      0.275      0.113      0.353      0.065      0.547      -2.18 0.02891684      -2.18       0.00       0.00 1.00000000
#   297 "Nyssa_sylvatica"  "Cornus_florida"    16  12  11      0.026      0.325      0.121      0.374      0.109      0.609      -2.47 0.01340622      -2.47       0.00       0.00 1.00000000
#   298 "Nyssa_sylvatica"  "Quercus_alba"      16  12  10      0.062      0.341      0.142      0.532      0.109      0.729      -1.96 0.04957908       0.00       0.00       0.00 1.00000000
#   303 "Nyssa_sylvatica"  "Liriodendron_tuli  16  10  10      0.000      0.358      0.132      0.402      0.100      0.700      -2.71 0.00658536       0.00       0.00       0.00 1.00000000
#   310 "Nyssa_sylvatica"  "Sassafras_albidum  16   8   7      0.070      0.390      0.152      0.385      0.156      0.820      -2.11 0.03490740       0.00       0.00       0.00 1.00000000
#   317 "Nyssa_sylvatica"  "Betula_alleghanie  16   6   0      1.000      0.362      0.176      0.437      0.115      0.781       3.62 0.00027889       3.62       3.62       2.98 0.00275312
#   325 "Nyssa_sylvatica"  "Picea_rubens"      16   5   0      1.000      0.418      0.194      0.365      0.000      0.750       3.00 0.00264531       3.00       3.00       0.00 1.00000000
#   441 "Prunus_serotina"  "Cornus_florida"    14  12   9      0.089      0.364      0.136      1.052      0.143      0.851      -2.03 0.04230201       0.00       0.00       0.00 1.00000000
#   868 "Cornus_florida"   "Quercus_alba"      12  12  10      0.028      0.411      0.157      0.406      0.111      0.840      -2.43 0.01482117      -2.43      -2.43       0.00 1.00000000
#   873 "Cornus_florida"   "Liriodendron_tuli  12  10   9      0.025      0.406      0.164      0.569      0.067      1.000      -2.33 0.01964051      -2.33      -2.33       0.00 1.00000000
#   877 "Cornus_florida"   "Carya_glabra"      12   9   7      0.093      0.435      0.175      0.389      0.167      0.815      -1.96 0.04990852       0.00       0.00       0.00 1.00000000
#   880 "Cornus_florida"   "Sassafras_albidum  12   8   7      0.052      0.459      0.191      0.314      0.125      1.000      -2.13 0.03302932      -2.13      -2.13       0.00 1.00000000
#   881 "Cornus_florida"   "Oxydendrum_arbore  12   7   7      0.000      0.455      0.190      0.390      0.071      1.000      -2.40 0.01613224       0.00       0.00       0.00 1.00000000
#   891 "Cornus_florida"   "Robinia_pseudoaca  12   5   5      0.000      0.537      0.210      0.334      0.133      1.000      -2.56 0.01032364       0.00       0.00       0.00 1.00000000
#   894 "Cornus_florida"   "Quercus_prinus"    12   5   5      0.000      0.491      0.215      0.425      0.133      1.000      -2.28 0.02229506       0.00       0.00       0.00 1.00000000
#  1012 "Quercus_alba"     "Quercus_velutina"  12  11   9      0.045      0.408      0.154      0.299      0.091      0.833      -2.36 0.01790518      -2.36       0.00       0.00 1.00000000
#  1013 "Quercus_alba"     "Liriodendron_tuli  12  10   9      0.025      0.424      0.164      0.549      0.125      0.825      -2.43 0.01500684      -2.43      -2.43       0.00 1.00000000
#  1016 "Quercus_alba"     "Carya_tomentosa"   12   9   9      0.000      0.462      0.171      0.780      0.093      1.000      -2.71 0.00665957       0.00       0.00       0.00 1.00000000
#  1017 "Quercus_alba"     "Carya_glabra"      12   9   7      0.093      0.453      0.154      0.065      0.167      0.815      -2.34 0.01905507      -2.34       0.00       0.00 1.00000000
#  1024 "Quercus_alba"     "Ulmus_rubra"       12   7   6      0.071      0.508      0.176      0.118      0.167      1.000      -2.48 0.01293027      -2.48      -2.48       0.00 1.00000000
#  1028 "Quercus_alba"     "Quercus_stellata"  12   6   6      0.000      0.455      0.205      0.605      0.097      1.000      -2.21 0.02661669       0.00       0.00       0.00 1.00000000
#  1033 "Quercus_alba"     "Quercus_coccinea"  12   5   5      0.000      0.544      0.228      0.183      0.133      1.000      -2.38 0.01692337       0.00       0.00       0.00 1.00000000
#  1043 "Quercus_alba"     "Ulmus_alata"       12   4   4      0.000      0.549      0.232      0.194      0.188      1.000      -2.37 0.01763195       0.00       0.00       0.00 1.00000000
#  1155 "Carya_ovata"      "Carya_tomentosa"   11   9   7      0.081      0.453      0.155      0.238      0.152      0.808      -2.40 0.01610130      -2.40       0.00       0.00 1.00000000
#  1156 "Carya_ovata"      "Carya_glabra"      11   9   8      0.030      0.456      0.147      0.277      0.152      0.808      -2.89 0.00371212      -2.89      -2.89       0.00 1.00000000
#  1163 "Carya_ovata"      "Ulmus_rubra"       11   7   7      0.000      0.490      0.187      0.205      0.156      1.000      -2.62 0.00862420       0.00       0.00       0.00 1.00000000
#  1176 "Carya_ovata"      "Juglans_nigra"     11   4   4      0.000      0.569      0.250      0.394      0.182      1.000      -2.28 0.02254319       0.00       0.00       0.00 1.00000000
#  1581 "Quercus_velutina" "Robinia_pseudoaca  11   5   5      0.000      0.562      0.222      0.219      0.127      1.000      -2.54 0.01102573       0.00       0.00       0.00 1.00000000
#  1583 "Quercus_velutina" "Quercus_coccinea"  11   5   5      0.000      0.534      0.217      0.590      0.127      1.000      -2.46 0.01355541       0.00       0.00       0.00 1.00000000
#  1701 "Liriodendron_tuli "Carya_tomentosa"   10   9   7      0.067      0.482      0.167      0.407      0.133      1.000      -2.49 0.01263511      -2.49      -2.49       0.00 1.00000000
#  1706 "Liriodendron_tuli "Oxydendrum_arbore  10   7   6      0.057      0.522      0.197      0.088      0.143      1.000      -2.36 0.01815724      -2.36      -2.36       0.00 1.00000000
#  1709 "Liriodendron_tuli "Ulmus_rubra"       10   7   6      0.057      0.541      0.186      0.417      0.143      1.000      -2.61 0.00892949      -2.61      -2.61       0.00 1.00000000
#  1718 "Liriodendron_tuli "Quercus_coccinea"  10   5   5      0.000      0.555      0.205     -0.021      0.120      1.000      -2.71 0.00658774       0.00       0.00       0.00 1.00000000
#  1841 "Tilia_americana"  "Acer_pensylvanicu  10   7   0      1.000      0.501      0.176      0.038      0.143      0.771       2.83 0.00452417       2.83       2.83       0.00 1.00000000
#  2101 "Carya_tomentosa"  "Carya_glabra"       9   9   6      0.111      0.511      0.193      0.799      0.198      1.000      -2.07 0.03845143       0.00       0.00       0.00 1.00000000
#  2108 "Carya_tomentosa"  "Ulmus_rubra"        9   7   5      0.127      0.584      0.173      0.139      0.238      1.000      -2.65 0.00799000      -2.65      -2.65       0.00 1.00000000
#  2112 "Carya_tomentosa"  "Quercus_stellata"   9   6   5      0.074      0.557      0.208     -0.145      0.185      1.000      -2.32 0.02016521      -2.32      -2.32       0.00 1.00000000
#  2239 "Carya_glabra"     "Ulmus_rubra"        9   7   6      0.048      0.557      0.179      0.343      0.238      1.000      -2.84 0.00435287      -2.84      -2.84       0.00 1.00000000
#  2248 "Carya_glabra"     "Quercus_coccinea"   9   5   4      0.111      0.652      0.204      0.257      0.267      1.000      -2.66 0.00773382      -2.66      -2.66       0.00 1.00000000
#  2504 "Betula_lenta"     "Magnolia_acuminat   8   5   4      0.100      0.580      0.225      0.255      0.250      1.000      -2.13 0.03290659      -2.13      -2.13       0.00 1.00000000
#  2623 "Sassafras_albidum "Oxydendrum_arbore   8   7   6      0.036      0.577      0.208      0.201      0.107      1.000      -2.60 0.00903243      -2.60      -2.60       0.00 1.00000000
#  2762 "Oxydendrum_arbore "Quercus_coccinea"   7   5   4      0.086      0.634      0.226      0.184      0.229      1.000      -2.42 0.01519269      -2.42      -2.42       0.00 1.00000000
#  2777 "Oxydendrum_arbore "Carpinus_carolini   7   3   3      0.000      0.677      0.273     -0.078      0.238      1.000      -2.48 0.01304734       0.00       0.00       0.00 1.00000000
#  3130 "Ulmus_rubra"      "Carya_cordiformis   7   6   5      0.048      0.591      0.229     -0.071      0.143      1.000      -2.37 0.01734871      -2.37      -2.37       0.00 1.00000000
#  3648 "Quercus_stellata" "Quercus_falcata"    6   3   3      0.000      0.713      0.267     -0.193      0.222      1.000      -2.67 0.00732720       0.00       0.00       0.00 1.00000000
#  3978 "Robinia_pseudoaca "Quercus_prinus"     5   5   4      0.040      0.680      0.265     -0.149      0.160      1.000      -2.41 0.01574379      -2.41      -2.41       0.00 1.00000000
#  4667 "Juglans_nigra"    "Celtis_occidental   4   4   3      0.062      0.734      0.267     -0.308      0.250      1.000      -2.51 0.01177561      -2.51      -2.51       0.00 1.00000000
#  5548 "Hamamelis_virgini "Pinus_rigida"       4   2   2      0.000      0.831      0.277     -1.068      0.375      1.000      -3.00 0.00265265       0.00       0.00       0.00 1.00000000
#  5951 "Celtis_laevigata" "Juniperus_virgini   3   2   2      0.000      0.860      0.272     -1.468      0.333      1.000      -3.17 0.00148416       0.00       0.00       0.00 1.00000000
#  6694 "Betula_papyrifera "Quercus_macrocarp   3   3   3      0.000      0.810      0.275     -0.865      0.111      1.000      -2.95 0.00308144       0.00       0.00       0.00 1.00000000
#  6890 "Quercus_macrocarp "Populus_tremuloid   3   2   2      0.000      0.840      0.285     -1.255      0.333      1.000      -2.95 0.00308090       0.00       0.00       0.00 1.00000000
#  7235 "Ostrya_viginiana" "Tila_americana"     2   2   2      0.000      0.887      0.268     -2.021      0.250      1.000      -3.31 0.00088292       0.00       0.00      -2.62 0.00871596
#  7798 "Pinus_resinosa"   "Pinus_rigida"       2   2   2      0.000      0.873      0.282     -1.811      0.250      1.000      -3.10 0.00188857       0.00       0.00       0.00 1.00000000
#  9076 "Pinus_clausa"     "Quercus_laevis"     1   1   1      0.000      1.000      0.000      0.000      1.000      1.000      -1.00 0.31722987       0.00       0.00       0.00 1.00000000
# 10189 "Aesculus_octandra "Ceris_canadensis"   1   1   1      0.000      1.000      0.000      0.000      1.000      1.000      -1.00 0.31722987       0.00       0.00       0.00 1.00000000
# 10450 "Kalmia_latifolia" "Clethra_acuminata   1   1   1      0.000      1.000      0.000      0.000      1.000      1.000      -1.00 0.31722987       0.00       0.00       0.00 1.00000000
 
> Name               SP   CL+   CL-   BM+   BM-   BC+   BC-   BY+   BY-       NR   CL+   CL+
> ENAmTrees.txt   10878     3    54     3    24     3    19     1     1  1087800 10878 10878
 
& File           Speci   Individ     BRInd       BRZ Cscoreind   CscoreZ Soeren.In  Soeren.Z    AbsInd      AbsZ CheckerIn  CheckerZ   CombInd     CombZ   CorrInd     CorrZ    SchInd      SchZ
& ENAmTrees.txt    148  29790.00    0.5808   -0.9840   -0.0036   -0.4910   -0.0487   -2.0314   -0.0009   -0.7062    0.0541    8.3312    0.2396    1.5176   -0.0089   -0.1925   -0.0065   -4.4899
 
%          Observed numbers                                          Expected numbers
% Class    Pairs   CL+   CL-   BM+   BM-   BC+   BC-   BY+   BY-       NR   CL+   CL-
% 0.000     1296     0    25     0     0     0     0     0     1   133016  1259  1239
% 0.025       12     0    11     0    11     0     8     0     0       30     1     0
% 0.075       34     0    14     0    10     0     8     0     0      465     4     5
% 0.125       67     0     4     0     3     0     3     0     0     2313    32    32
% 0.175       80     0     0     0     0     0     0     0     0     4707    38    40
% 0.225       76     0     0     0     0     0     0     0     0     6616    85    64
% 0.275      119     0     0     0     0     0     0     0     0    15984   150   197
% 0.325      100     0     0     0     0     0     0     0     0    13651   148   157
% 0.375       85     0     0     0     0     0     0     0     0    11957   132   109
% 0.425      186     0     0     0     0     0     0     0     0    30209   301   313
% 0.475      144     0     0     0     0     0     0     0     0    22411   212   216
% 0.525       87     0     0     0     0     0     0     0     0    14047   153   132
% 0.575       76     0     0     0     0     0     0     0     0    13389   132   127
% 0.625      128     0     0     0     0     0     0     0     0    17825   183   159
% 0.675       73     0     0     0     0     0     0     0     0     9618   108    88
% 0.725       33     0     0     0     0     0     0     0     0     5676    59    60
% 0.775       27     0     0     0     0     0     0     0     0     2807    34    25
% 0.825        5     0     0     0     0     0     0     0     0      418     6     3
% 0.875        0     0     0     0     0     0     0     0     0        2     0     0
% 0.925        0     0     0     0     0     0     0     0     0        0     0     0
% 0.975        0     0     0     0     0     0     0     0     0        0     0     0
% 1.000     8250     3     0     3     0     3     0     1     0   782659  7841  7912
