<  File:  WIMamm.txt     Species:  116 Sites:   25 MatFill: 0.15 Occ:    433 *****% Confidence limit  Index: c Model: fixed - fixed                      
 
#    No             Sp1                Sp2     S1  S2 Com  Obs.Score  Exp.Score  Exp.StDev   Skewness    LowerCL    UpperCL SigZ-Score      Alpha >MeanScore   >CLScore   >BJScore      Alpha
#     3 "Hystrix_brachyura "Macaca_nemestrina  18  15  15      0.000      0.084      0.040      0.640      0.037      0.148      -2.10 0.03501743       0.00       0.00       0.00 1.00000000
#     5 "Hystrix_brachyura "Helarctos_malayan  18  14  14      0.000      0.095      0.047      0.929      0.048      0.179      -2.04 0.04142249       0.00       0.00       0.00 1.00000000
#     7 "Hystrix_brachyura "Macaca_fascicular  18  11  11      0.000      0.120      0.067      0.673      0.040      0.222      -1.81 0.07030368       0.00       0.00       0.00 1.00000000
#    59 "Hystrix_brachyura "Sus_celebensis"    18   2   0      1.000      0.167      0.258      1.339      0.000      0.472       3.22 0.00121993       3.22       3.22       2.52 0.01144608
#    73 "Hystrix_brachyura "Prionodon_pardico  18   2   0      1.000      0.138      0.226      1.301      0.000      0.472       3.81 0.00013280       3.81       3.81       3.22 0.00124600
#   116 "Prionailurus_beng "Paradoxurus_herma  16  15  13      0.025      0.115      0.050      0.942      0.050      0.233      -1.82 0.06877363       0.00       0.00       0.00 1.00000000
#   244 "Paradoxurus_herma "Paguma_larvata"    15   6   2      0.578      0.236      0.134      0.324      0.000      0.400       2.55 0.01056409       0.00       0.00       1.65 0.09911846
#   344 "Macaca_nemestrina "Helarctos_malayan  15  14  13      0.010      0.132      0.062      1.141      0.057      0.267      -1.96 0.04927087       0.00       0.00       0.00 1.00000000
#   351 "Macaca_nemestrina "Manis_javanica"    15   9   9      0.000      0.192      0.108      0.710      0.052      0.407      -1.77 0.07602829       0.00       0.00       0.00 1.00000000
#   354 "Macaca_nemestrina "Arctictis_binturo  15   7   7      0.000      0.187      0.127      1.303      0.086      0.457      -1.48 0.13996267       0.00       0.00       0.00 1.00000000
#   355 "Macaca_nemestrina "Hemigalus_derbyan  15   7   7      0.000      0.220      0.126      0.372      0.086      0.457      -1.75 0.08043939       0.00       0.00       0.00 1.00000000
#   391 "Macaca_nemestrina "Macaca_mulatta"    15   3   0      1.000      0.257      0.225      0.613      0.000      0.622       3.31 0.00091153       3.31       3.31       2.62 0.00855254
#   456 "Sus_scrofa"       "Muntiacus_muntjak  15  13  13      0.000      0.153      0.072      0.479      0.041      0.246      -2.14 0.03199732       0.00       0.00       0.00 1.00000000
#   458 "Sus_scrofa"       "Viverra_tangalung  15  11   3      0.582      0.167      0.085      1.097      0.073      0.364       4.88 0.00000101       0.00       0.00       4.41 0.00000951
#   464 "Sus_scrofa"       "Sus_barbatus"      15   7   2      0.619      0.226      0.137      0.652      0.086      0.457       2.87 0.00404221       0.00       0.00       2.07 0.03792636
#   474 "Sus_scrofa"       "Echinosorex_gymnu  15   5   1      0.747      0.247      0.168      0.635      0.000      0.520       2.97 0.00286502       0.00       0.00       2.21 0.02688126
#   476 "Sus_scrofa"       "Herpestes_brachyu  15   5   1      0.747      0.243      0.150      0.164      0.000      0.520       3.36 0.00075567       0.00       0.00       2.69 0.00709012
#   477 "Sus_scrofa"       "Hystrix_crassispi  15   5   0      1.000      0.258      0.170      0.613      0.000      0.520       4.37 0.00001192       4.37       4.37       3.85 0.00011185
#   478 "Sus_scrofa"       "Trichys_fascicula  15   5   0      1.000      0.213      0.152      0.748      0.000      0.520       5.18 0.00000024       5.18       5.18       4.72 0.00000224
#   496 "Sus_scrofa"       "Pongo_pygmaeus"    15   3   0      1.000      0.264      0.235      0.547      0.000      0.622       3.13 0.00165951       3.13       3.13       2.41 0.01557052
#   497 "Sus_scrofa"       "Presbytis_rubicun  15   3   0      1.000      0.285      0.229      0.678      0.000      0.622       3.12 0.00176942       3.12       3.12       2.39 0.01660177
#   504 "Sus_scrofa"       "Rheithrosciurus_m  15   2   0      1.000      0.277      0.262      0.318      0.000      0.467       2.76 0.00562245       2.76       2.76       1.93 0.05275308
#   570 "Helarctos_malayan "Rusa_unicolor"     14  10   9      0.036      0.192      0.089      0.952      0.086      0.321      -1.75 0.07932794      -1.75       0.00       0.00 1.00000000
#   581 "Helarctos_malayan "Elephas_maximus"   14   6   6      0.000      0.263      0.153      0.739      0.107      0.571      -1.72 0.08448833       0.00       0.00       0.00 1.00000000
#   582 "Helarctos_malayan "Viverra_zibetha"   14   6   6      0.000      0.262      0.154      0.682      0.107      0.571      -1.71 0.08752149       0.00       0.00       0.00 1.00000000
#   677 "Muntiacus_muntjak "Viverra_tangalung  13  11   3      0.559      0.204      0.088      0.778      0.105      0.336       4.05 0.00004876       0.00       0.00       3.49 0.00045746
#   682 "Muntiacus_muntjak "Atherurus_macrour  13   7   7      0.000      0.298      0.153      0.519      0.077      0.604      -1.94 0.05195910       0.00       0.00       0.00 1.00000000
#   683 "Muntiacus_muntjak "Sus_barbatus"      13   7   1      0.791      0.270      0.159      1.070      0.077      0.604       3.28 0.00101405       0.00       0.00       2.59 0.00951445
#   687 "Muntiacus_muntjak "Panthera_pardus"   13   6   6      0.000      0.309      0.157      0.831      0.103      0.564      -1.97 0.04840738       0.00       0.00       0.00 1.00000000
#   689 "Muntiacus_muntjak "Tapirus_indicus"   13   6   6      0.000      0.272      0.158      0.755      0.103      0.564      -1.72 0.08533353       0.00       0.00       0.00 1.00000000
#   691 "Muntiacus_muntjak "Viverra_zibetha"   13   6   6      0.000      0.301      0.161      0.531      0.103      0.564      -1.87 0.06102747       0.00       0.00       0.00 1.00000000
#   693 "Muntiacus_muntjak "Echinosorex_gymnu  13   5   1      0.738      0.288      0.165      0.442      0.138      0.508       2.73 0.00618964       0.00       0.00       1.89 0.05807487
#   696 "Muntiacus_muntjak "Hystrix_crassispi  13   5   0      1.000      0.298      0.177      0.641      0.138      0.738       3.96 0.00006980       3.96       3.96       3.40 0.00065488
#   697 "Muntiacus_muntjak "Trichys_fascicula  13   5   0      1.000      0.273      0.189      0.345      0.000      0.508       3.84 0.00011533       3.84       3.84       3.26 0.00108214
#   715 "Muntiacus_muntjak "Pongo_pygmaeus"    13   3   0      1.000      0.329      0.230      0.667      0.000      0.615       2.91 0.00351006       2.91       2.91       2.13 0.03293342
#   802 "Macaca_fascicular "Herpestes_urva"    11   5   0      1.000      0.345      0.185      0.108      0.000      0.727       3.54 0.00038677       3.54       3.54       2.90 0.00362894
#   811 "Macaca_fascicular "Tragulus_javanicu  11   4   0      1.000      0.410      0.240      0.416      0.000      0.682       2.46 0.01378721       2.46       2.46       0.00 1.00000000
#   903 "Viverra_tangalung "Herpestes_javanic  11   6   0      1.000      0.381      0.175      0.385      0.091      0.758       3.53 0.00039321       3.53       3.53       2.89 0.00368934
#   909 "Viverra_tangalung "Herpestes_urva"    11   5   0      1.000      0.380      0.199      0.168      0.127      0.727       3.12 0.00176775       3.12       3.12       2.39 0.01658611
#   911 "Viverra_tangalung "Hystrix_crassispi  11   5   5      0.000      0.355      0.196      0.544      0.127      0.727      -1.80 0.07077116       0.00       0.00       0.00 1.00000000
#   912 "Viverra_tangalung "Trichys_fascicula  11   5   5      0.000      0.341      0.178      0.295      0.127      0.727      -1.91 0.05540228       0.00       0.00       0.00 1.00000000
#   914 "Viverra_tangalung "Viverra_megaspila  11   5   0      1.000      0.381      0.195      0.513      0.127      0.727       3.17 0.00146472       3.17       3.17       2.46 0.01374290
#   925 "Viverra_tangalung "Viverricula_indic  11   4   0      1.000      0.352      0.202      0.514      0.000      0.682       3.21 0.00129294       3.21       3.21       2.50 0.01213116
#  1001 "Martes_flavigula" "Neofelis_diardi"   10   9   7      0.067      0.287      0.136      0.971      0.133      0.467      -1.62 0.10457158       0.00       0.00       0.00 1.00000000
#  1107 "Rusa_unicolor"    "Manis_javanica"    10   9   7      0.067      0.304      0.135      0.577      0.133      0.622      -1.76 0.07766193       0.00       0.00       0.00 1.00000000
#  1214 "Neofelis_diardi"  "Arctictis_binturo   9   7   6      0.048      0.358      0.157      0.466      0.127      0.556      -1.98 0.04698181      -1.98       0.00       0.00 1.00000000
#  1220 "Neofelis_diardi"  "Elephas_maximus"    9   6   6      0.000      0.376      0.174      0.764      0.185      0.741      -2.16 0.03012675       0.00       0.00       0.00 1.00000000
#  1221 "Neofelis_diardi"  "Viverra_zibetha"    9   6   5      0.074      0.426      0.178      0.338      0.185      0.741      -1.98 0.04780698       0.00       0.00       0.00 1.00000000
#  1228 "Neofelis_diardi"  "Tupaia_glis"        9   5   0      1.000      0.395      0.194      0.521      0.111      0.711       3.12 0.00176400       3.12       3.12       2.39 0.01655087
#  1231 "Neofelis_diardi"  "Leopoldamys_saban   9   5   0      1.000      0.428      0.194      0.703      0.111      0.711       2.95 0.00308865       2.95       2.95       2.18 0.02897955
#  1232 "Neofelis_diardi"  "Cuon_alpinus"       9   4   4      0.000      0.419      0.225      0.317      0.167      0.667      -1.86 0.06219870       0.00       0.00       0.00 1.00000000
#  1236 "Neofelis_diardi"  "Callosciurus_nota   9   4   0      1.000      0.413      0.217      0.715      0.167      0.667       2.71 0.00661403       2.71       2.71       1.86 0.06205669
#  1317 "Manis_javanica"   "Arctictis_binturo   9   7   6      0.048      0.376      0.157      0.774      0.238      0.762      -2.09 0.03627205      -2.09      -2.09       0.00 1.00000000
#  1318 "Manis_javanica"   "Hemigalus_derbyan   9   7   6      0.048      0.391      0.169      0.548      0.127      0.762      -2.04 0.04130775      -2.04      -2.04       0.00 1.00000000
#  1326 "Manis_javanica"   "Echinosorex_gymnu   9   5   5      0.000      0.499      0.218      0.240      0.111      1.000      -2.30 0.02145016       0.00       0.00       0.00 1.00000000
#  1329 "Manis_javanica"   "Hystrix_crassispi   9   5   5      0.000      0.411      0.212      0.499      0.111      0.711      -1.94 0.05258352       0.00       0.00       0.00 1.00000000
#  1330 "Manis_javanica"   "Trichys_fascicula   9   5   5      0.000      0.442      0.229      0.558      0.111      1.000      -1.93 0.05313045       0.00       0.00       0.00 1.00000000
#  1418 "Atherurus_macrour "Sus_barbatus"       7   7   0      1.000      0.455      0.210      0.275      0.184      0.735       2.60 0.00917161       2.60       2.60       1.71 0.08605336
#  1424 "Atherurus_macrour "Tapirus_indicus"    7   6   4      0.143      0.485      0.197      0.673      0.286      0.714      -1.74 0.08190340       0.00       0.00       0.00 1.00000000
#  1443 "Atherurus_macrour "Panthera_tigris"    7   4   4      0.000      0.538      0.242      0.541      0.143      1.000      -2.22 0.02602261       0.00       0.00       0.00 1.00000000
#  1444 "Atherurus_macrour "Capricornis_sumat   7   4   4      0.000      0.505      0.232      0.225      0.143      1.000      -2.18 0.02931875       0.00       0.00       0.00 1.00000000
#  1454 "Atherurus_macrour "Catopuma_temminck   7   3   3      0.000      0.546      0.269      0.181      0.238      1.000      -2.03 0.04183382       0.00       0.00       0.00 1.00000000
#  1529 "Sus_barbatus"     "Echinosorex_gymnu   7   5   4      0.086      0.490      0.238      0.452      0.229      1.000      -1.70 0.08895290       0.00       0.00       0.00 1.00000000
#  1531 "Sus_barbatus"     "Herpestes_brachyu   7   5   4      0.086      0.549      0.239      0.245      0.229      1.000      -1.94 0.05223060      -1.94       0.00       0.00 1.00000000
#  1532 "Sus_barbatus"     "Hystrix_crassispi   7   5   5      0.000      0.497      0.216      0.382      0.229      1.000      -2.30 0.02098387       0.00       0.00       0.00 1.00000000
#  1533 "Sus_barbatus"     "Trichys_fascicula   7   5   5      0.000      0.491      0.224      0.316      0.229      1.000      -2.19 0.02837008       0.00       0.00       0.00 1.00000000
#  1551 "Sus_barbatus"     "Pongo_pygmaeus"     7   3   3      0.000      0.638      0.286     -0.132      0.238      1.000      -2.23 0.02548164       0.00       0.00       0.00 1.00000000
#  1628 "Arctictis_binturo "Prionodon_linsang   7   5   5      0.000      0.489      0.235      0.516      0.229      1.000      -2.08 0.03729498       0.00       0.00       0.00 1.00000000
#  1636 "Arctictis_binturo "Pardofelis_marmor   7   5   4      0.086      0.484      0.226      0.544      0.229      1.000      -1.77 0.07724202       0.00       0.00       0.00 1.00000000
#  1728 "Hemigalus_derbyan "Echinosorex_gymnu   7   5   4      0.086      0.507      0.229      0.666      0.229      1.000      -1.84 0.06570661       0.00       0.00       0.00 1.00000000
#  1730 "Hemigalus_derbyan "Herpestes_brachyu   7   5   5      0.000      0.494      0.217      0.481      0.229      1.000      -2.27 0.02289581       0.00       0.00       0.00 1.00000000
#  1731 "Hemigalus_derbyan "Hystrix_crassispi   7   5   4      0.086      0.528      0.250      0.324      0.229      1.000      -1.77 0.07656562      -1.77       0.00       0.00 1.00000000
#  1732 "Hemigalus_derbyan "Trichys_fascicula   7   5   4      0.086      0.457      0.214      0.627      0.229      1.000      -1.74 0.08192670       0.00       0.00       0.00 1.00000000
#  1736 "Hemigalus_derbyan "Leopoldamys_saban   7   5   4      0.086      0.504      0.206      0.304      0.229      1.000      -2.03 0.04224199       0.00       0.00       0.00 1.00000000
#  1750 "Hemigalus_derbyan "Pongo_pygmaeus"     7   3   3      0.000      0.557      0.272      0.213      0.238      1.000      -2.05 0.04052216       0.00       0.00       0.00 1.00000000
#  1751 "Hemigalus_derbyan "Presbytis_rubicun   7   3   3      0.000      0.594      0.276      0.130      0.238      1.000      -2.15 0.03137165       0.00       0.00       0.00 1.00000000
#  1755 "Hemigalus_derbyan "Sundamys_muelleri   7   3   3      0.000      0.550      0.290      0.212      0.238      1.000      -1.89 0.05777508       0.00       0.00       0.00 1.00000000
#  1859 "Paguma_larvata"   "Mustela_kathiah"    6   2   2      0.000      0.649      0.307      0.108      0.417      1.000      -2.12 0.03398228       0.00       0.00       0.00 1.00000000
#  1919 "Panthera_pardus"  "Tapirus_indicus"    6   6   5      0.028      0.500      0.222      0.866      0.250      1.000      -2.13 0.03288907      -2.13      -2.13       0.00 1.00000000
#  1921 "Panthera_pardus"  "Viverra_zibetha"    6   6   4      0.111      0.534      0.229      0.266      0.250      1.000      -1.85 0.06436270       0.00       0.00       0.00 1.00000000
#  1949 "Panthera_pardus"  "Catopuma_temminck   6   3   3      0.000      0.573      0.297      0.256      0.222      1.000      -1.93 0.05338335       0.00       0.00       0.00 1.00000000
#  2036 "Herpestes_javanic "Viverricula_indic   6   4   4      0.000      0.525      0.224      0.251      0.125      1.000      -2.35 0.01848173       0.00       0.00       0.00 1.00000000
#  2129 "Tapirus_indicus"  "Panthera_tigris"    6   4   3      0.125      0.585      0.243      0.302      0.333      1.000      -1.89 0.05842060       0.00       0.00       0.00 1.00000000
#  2140 "Tapirus_indicus"  "Catopuma_temminck   6   3   3      0.000      0.577      0.301      0.097      0.222      1.000      -1.91 0.05530834       0.00       0.00       0.00 1.00000000
#  2145 "Tapirus_indicus"  "Rhinosciurus_lati   6   2   2      0.000      0.682      0.324     -0.260      0.417      1.000      -2.10 0.03525919       0.00       0.00       0.00 1.00000000
#  2206 "Elephas_maximus"  "Viverra_zibetha"    6   6   5      0.028      0.493      0.212      0.422      0.250      1.000      -2.20 0.02772528      -2.20      -2.20       0.00 1.00000000
#  2217 "Elephas_maximus"  "Cuon_alpinus"       6   4   4      0.000      0.575      0.252      0.270      0.125      1.000      -2.28 0.02204633       0.00       0.00       0.00 1.00000000
#  2220 "Elephas_maximus"  "Bos_frontalis"      6   4   4      0.000      0.532      0.232      0.495      0.333      1.000      -2.30 0.02136570       0.00       0.00       0.00 1.00000000
#  2228 "Elephas_maximus"  "Canis_aureus"       6   3   3      0.000      0.630      0.301     -0.100      0.222      1.000      -2.09 0.03631526       0.00       0.00       0.00 1.00000000
#  2232 "Elephas_maximus"  "Arctonyx_collaris   6   3   3      0.000      0.574      0.295      0.155      0.222      1.000      -1.95 0.05104107       0.00       0.00       0.00 1.00000000
#  2233 "Elephas_maximus"  "Bos_javanicus"      6   3   3      0.000      0.634      0.294     -0.007      0.222      1.000      -2.16 0.03043967       0.00       0.00       0.00 1.00000000
#  2310 "Viverra_zibetha"  "Cuon_alpinus"       6   4   4      0.000      0.517      0.240      0.358      0.125      1.000      -2.15 0.03110766       0.00       0.00       0.00 1.00000000
#  2313 "Viverra_zibetha"  "Bos_frontalis"      6   4   4      0.000      0.590      0.271      0.103      0.125      1.000      -2.18 0.02929467       0.00       0.00       0.00 1.00000000
#  2321 "Viverra_zibetha"  "Canis_aureus"       6   3   3      0.000      0.632      0.311     -0.125      0.222      1.000      -2.03 0.04173493       0.00       0.00       0.00 1.00000000
#  2325 "Viverra_zibetha"  "Arctonyx_collaris   6   3   3      0.000      0.604      0.306     -0.031      0.222      1.000      -1.98 0.04763687       0.00       0.00       0.00 1.00000000
#  2342 "Viverra_zibetha"  "Pardofelis_temmin   6   2   2      0.000      0.693      0.325     -0.338      0.417      1.000      -2.13 0.03263044       0.00       0.00       0.00 1.00000000
#  2433 "Prionodon_linsang "Herpestes_semitor   5   2   2      0.000      0.680      0.331     -0.262      0.400      1.000      -2.05 0.03965169       0.00       0.00       0.00 1.00000000
#  2487 "Echinosorex_gymnu "Hystrix_crassispi   5   5   4      0.040      0.582      0.212      0.476      0.360      1.000      -2.56 0.01020396      -2.56      -2.56      -1.66 0.09573950
#  2488 "Echinosorex_gymnu "Trichys_fascicula   5   5   4      0.040      0.604      0.254      0.138      0.160      1.000      -2.22 0.02627671      -2.22      -2.22       0.00 1.00000000
#  2495 "Echinosorex_gymnu "Tragulus_napu"      5   4   3      0.100      0.638      0.254      0.122      0.300      1.000      -2.11 0.03418726      -2.11       0.00       0.00 1.00000000
#  2497 "Echinosorex_gymnu "Callosciurus_nota   5   4   3      0.100      0.645      0.267      0.017      0.300      1.000      -2.04 0.04117352      -2.04       0.00       0.00 1.00000000
#  2511 "Echinosorex_gymnu "Sundamys_muelleri   5   3   3      0.000      0.653      0.271      0.057      0.200      1.000      -2.41 0.01578742       0.00       0.00       0.00 1.00000000
#  2518 "Echinosorex_gymnu "Cynogale_bennetti   5   2   2      0.000      0.710      0.313     -0.257      0.400      1.000      -2.27 0.02297646       0.00       0.00       0.00 1.00000000
#  2527 "Echinosorex_gymnu "Tupaia_gracilis"    5   2   2      0.000      0.696      0.326     -0.307      0.400      1.000      -2.14 0.03221405       0.00       0.00       0.00 1.00000000
#  2528 "Echinosorex_gymnu "Tupaia_tana"        5   2   2      0.000      0.662      0.329     -0.144      0.400      1.000      -2.01 0.04418510       0.00       0.00       0.00 1.00000000
#  2584 "Herpestes_urva"   "Tragulus_javanicu   5   4   3      0.100      0.619      0.271      0.097      0.300      1.000      -1.91 0.05530983       0.00       0.00       0.00 1.00000000
#  2588 "Herpestes_urva"   "Canis_lupus"        5   4   3      0.100      0.588      0.283      0.267      0.300      1.000      -1.72 0.08465123       0.00       0.00       0.00 1.00000000
#  2602 "Herpestes_urva"   "Macaca_mulatta"     5   3   3      0.000      0.659      0.283      0.004      0.200      1.000      -2.33 0.01968038       0.00       0.00       0.00 1.00000000
#  2607 "Herpestes_urva"   "Mustela_kathiah"    5   2   2      0.000      0.678      0.325     -0.187      0.400      1.000      -2.09 0.03654909       0.00       0.00       0.00 1.00000000
#  2613 "Herpestes_urva"   "Capricornis_milne   5   2   2      0.000      0.656      0.329     -0.105      0.400      1.000      -2.00 0.04565430       0.00       0.00       0.00 1.00000000
#  2615 "Herpestes_urva"   "Pardofelis_temmin   5   2   2      0.000      0.648      0.321      0.012      0.400      1.000      -2.02 0.04345274       0.00       0.00       0.00 1.00000000
#  2621 "Herpestes_urva"   "Melogale_moschata   5   2   2      0.000      0.696      0.326     -0.307      0.400      1.000      -2.14 0.03221434       0.00       0.00       0.00 1.00000000
#  2666 "Herpestes_brachyu "Hystrix_crassispi   5   5   4      0.040      0.569      0.228      0.395      0.360      1.000      -2.32 0.01987660      -2.32      -2.32       0.00 1.00000000
#  2667 "Herpestes_brachyu "Trichys_fascicula   5   5   4      0.040      0.565      0.221      0.323      0.160      1.000      -2.38 0.01727533      -2.38      -2.38       0.00 1.00000000
#  2685 "Herpestes_brachyu "Pongo_pygmaeus"     5   3   3      0.000      0.603      0.311     -0.050      0.200      1.000      -1.94 0.05250978       0.00       0.00       0.00 1.00000000
#  2686 "Herpestes_brachyu "Presbytis_rubicun   5   3   3      0.000      0.685      0.296     -0.245      0.200      1.000      -2.31 0.02048016       0.00       0.00       0.00 1.00000000
#  2697 "Herpestes_brachyu "Cynogale_bennetti   5   2   2      0.000      0.686      0.331     -0.302      0.400      1.000      -2.07 0.03811210       0.00       0.00       0.00 1.00000000
#  2703 "Herpestes_brachyu "Herpestes_semitor   5   2   2      0.000      0.674      0.331     -0.222      0.400      1.000      -2.04 0.04117984       0.00       0.00       0.00 1.00000000
#  2711 "Herpestes_brachyu "Muntiacus_atherod   5   2   2      0.000      0.764      0.306     -0.649      0.400      1.000      -2.49 0.01244277       0.00       0.00       0.00 1.00000000
#  2755 "Hystrix_crassispi "Trichys_fascicula   5   5   5      0.000      0.570      0.271      0.207      0.160      1.000      -2.11 0.03489679       0.00       0.00       0.00 1.00000000
#  2773 "Hystrix_crassispi "Pongo_pygmaeus"     5   3   3      0.000      0.632      0.290      0.083      0.200      1.000      -2.18 0.02920806       0.00       0.00       0.00 1.00000000
#  2774 "Hystrix_crassispi "Presbytis_rubicun   5   3   3      0.000      0.657      0.296     -0.141      0.200      1.000      -2.22 0.02628291       0.00       0.00       0.00 1.00000000
#  2781 "Hystrix_crassispi "Rheithrosciurus_m   5   2   2      0.000      0.674      0.331     -0.222      0.400      1.000      -2.04 0.04117966       0.00       0.00       0.00 1.00000000
#  2785 "Hystrix_crassispi "Cynogale_bennetti   5   2   2      0.000      0.718      0.319     -0.390      0.400      1.000      -2.25 0.02405405       0.00       0.00       0.00 1.00000000
#  2860 "Trichys_fascicula "Pongo_pygmaeus"     5   3   3      0.000      0.592      0.292      0.238      0.200      1.000      -2.03 0.04230356       0.00       0.00       0.00 1.00000000
#  2861 "Trichys_fascicula "Presbytis_rubicun   5   3   3      0.000      0.662      0.289     -0.088      0.200      1.000      -2.29 0.02168268       0.00       0.00       0.00 1.00000000
#  2872 "Trichys_fascicula "Cynogale_bennetti   5   2   2      0.000      0.696      0.326     -0.307      0.400      1.000      -2.14 0.03221422       0.00       0.00       0.00 1.00000000
#  2886 "Trichys_fascicula "Muntiacus_atherod   5   2   2      0.000      0.672      0.324     -0.147      0.400      1.000      -2.07 0.03797269       0.00       0.00       0.00 1.00000000
#  2937 "Tupaia_glis"      "Callosciurus_nota   5   4   3      0.100      0.652      0.271      0.024      0.300      1.000      -2.04 0.04113591      -2.04       0.00       0.00 1.00000000
#  2970 "Tupaia_glis"      "Maxomys_surifer"    5   2   2      0.000      0.714      0.325     -0.431      0.400      1.000      -2.20 0.02786028       0.00       0.00       0.00 1.00000000
#  3021 "Viverra_megaspila "Bos_frontalis"      5   4   3      0.100      0.603      0.260      0.171      0.300      1.000      -1.94 0.05251753       0.00       0.00       0.00 1.00000000
#  3029 "Viverra_megaspila "Canis_aureus"       5   3   3      0.000      0.633      0.300     -0.044      0.200      1.000      -2.11 0.03445995       0.00       0.00       0.00 1.00000000
#  3033 "Viverra_megaspila "Arctonyx_collaris   5   3   3      0.000      0.645      0.318     -0.120      0.200      1.000      -2.03 0.04207617       0.00       0.00       0.00 1.00000000
#  3050 "Viverra_megaspila "Pardofelis_temmin   5   2   2      0.000      0.704      0.332     -0.423      0.400      1.000      -2.12 0.03345865       0.00       0.00       0.00 1.00000000
#  3102 "Pardofelis_marmor "Cuon_alpinus"       5   4   3      0.100      0.578      0.246      0.454      0.300      1.000      -1.95 0.05128902       0.00       0.00       0.00 1.00000000
#  3129 "Pardofelis_marmor "Homo_sapiens"       5   2   2      0.000      0.666      0.324     -0.107      0.400      1.000      -2.06 0.03937852       0.00       0.00       0.00 1.00000000
#  3187 "Leopoldamys_saban "Tragulus_napu"      5   4   3      0.100      0.612      0.261      0.232      0.300      1.000      -1.96 0.04969770       0.00       0.00       0.00 1.00000000
#  3189 "Leopoldamys_saban "Callosciurus_nota   5   4   3      0.100      0.625      0.249      0.308      0.300      1.000      -2.11 0.03449577       0.00       0.00       0.00 1.00000000
#  3203 "Leopoldamys_saban "Sundamys_muelleri   5   3   3      0.000      0.629      0.289      0.059      0.200      1.000      -2.18 0.02918684       0.00       0.00       0.00 1.00000000
#  3270 "Cuon_alpinus"     "Bos_frontalis"      4   4   3      0.062      0.578      0.286      0.183      0.250      1.000      -1.81 0.07072788      -1.81       0.00       0.00 1.00000000
#  3294 "Cuon_alpinus"     "Homo_sapiens"       4   2   2      0.000      0.710      0.335     -0.431      0.375      1.000      -2.12 0.03368413       0.00       0.00       0.00 1.00000000
#  3380 "Tragulus_javanicu "Pardofelis_temmin   4   2   2      0.000      0.796      0.299     -0.864      0.375      1.000      -2.66 0.00763685       0.00       0.00      -1.80 0.07165335
#  3384 "Tragulus_javanicu "Ursus_thibetanus"   4   2   2      0.000      0.779      0.323     -0.940      0.375      1.000      -2.41 0.01566720       0.00       0.00       0.00 1.00000000
#  3432 "Tragulus_napu"    "Callosciurus_nota   4   4   3      0.062      0.664      0.272      0.000      0.250      1.000      -2.21 0.02667910      -2.21      -2.21       0.00 1.00000000
#  3446 "Tragulus_napu"    "Sundamys_muelleri   4   3   3      0.000      0.683      0.298     -0.155      0.167      1.000      -2.30 0.02142668       0.00       0.00       0.00 1.00000000
#  3462 "Tragulus_napu"    "Tupaia_gracilis"    4   2   2      0.000      0.741      0.331     -0.650      0.375      1.000      -2.24 0.02497649       0.00       0.00       0.00 1.00000000
#  3463 "Tragulus_napu"    "Tupaia_tana"        4   2   2      0.000      0.705      0.324     -0.272      0.375      1.000      -2.18 0.02916121       0.00       0.00       0.00 1.00000000
#  3518 "Bos_frontalis"    "Canis_aureus"       4   3   3      0.000      0.692      0.298     -0.266      0.167      1.000      -2.32 0.01983380       0.00       0.00       0.00 1.00000000
#  3522 "Bos_frontalis"    "Arctonyx_collaris   4   3   3      0.000      0.677      0.305     -0.172      0.167      1.000      -2.22 0.02639109       0.00       0.00       0.00 1.00000000
#  3539 "Bos_frontalis"    "Pardofelis_temmin   4   2   2      0.000      0.766      0.326     -0.839      0.375      1.000      -2.35 0.01858968       0.00       0.00       0.00 1.00000000
#  3543 "Bos_frontalis"    "Ursus_thibetanus"   4   2   2      0.000      0.720      0.328     -0.440      0.375      1.000      -2.19 0.02805084       0.00       0.00       0.00 1.00000000
#  3603 "Callosciurus_nota "Sundamys_muelleri   4   3   3      0.000      0.675      0.300     -0.130      0.167      1.000      -2.25 0.02432805       0.00       0.00       0.00 1.00000000
#  3620 "Callosciurus_nota "Tupaia_tana"        4   2   2      0.000      0.774      0.313     -0.765      0.375      1.000      -2.48 0.01309168       0.00       0.00       0.00 1.00000000
#  3690 "Canis_lupus"      "Felis_catus"        4   2   2      0.000      0.707      0.329     -0.355      0.375      1.000      -2.15 0.03141993       0.00       0.00       0.00 1.00000000
#  3694 "Canis_lupus"      "Pardofelis_temmin   4   2   2      0.000      0.799      0.305     -0.971      0.375      1.000      -2.62 0.00855416       0.00       0.00      -1.75 0.08026014
#  3698 "Canis_lupus"      "Ursus_thibetanus"   4   2   2      0.000      0.744      0.337     -0.722      0.375      1.000      -2.21 0.02679932       0.00       0.00       0.00 1.00000000
#  3745 "Panthera_tigris"  "Capricornis_sumat   4   4   4      0.000      0.671      0.266     -0.053      0.250      1.000      -2.52 0.01149935       0.00       0.00       0.00 1.00000000
#  3755 "Panthera_tigris"  "Catopuma_temminck   4   3   3      0.000      0.722      0.285     -0.276      0.167      1.000      -2.53 0.01108819       0.00       0.00       0.00 1.00000000
#  3760 "Panthera_tigris"  "Rhinosciurus_lati   4   2   2      0.000      0.755      0.317     -0.622      0.375      1.000      -2.38 0.01704311       0.00       0.00       0.00 1.00000000
#  3830 "Capricornis_sumat "Catopuma_temminck   4   3   3      0.000      0.688      0.299     -0.191      0.167      1.000      -2.30 0.02094871       0.00       0.00       0.00 1.00000000
#  3835 "Capricornis_sumat "Rhinosciurus_lati   4   2   2      0.000      0.739      0.326     -0.571      0.375      1.000      -2.27 0.02316552       0.00       0.00       0.00 1.00000000
#  3898 "Viverricula_indic "Canis_aureus"       4   3   2      0.167      0.703      0.272     -0.027      0.500      1.000      -1.97 0.04850733       0.00       0.00       0.00 1.00000000
#  3997 "Callosciurus_cani "Maxomys_surifer"    3   2   2      0.000      0.773      0.316     -0.696      0.333      1.000      -2.45 0.01410347       0.00       0.00       0.00 1.00000000
#  4046 "Arctogalidia_triv "Presbytis_rubicun   3   3   2      0.111      0.753      0.297     -0.516      0.444      1.000      -2.16 0.03013116      -2.16       0.00       0.00 1.00000000
#  4118 "Canis_aureus"     "Arctonyx_collaris   3   3   3      0.000      0.741      0.300     -0.468      0.444      1.000      -2.47 0.01334351       0.00       0.00       0.00 1.00000000
#  4119 "Canis_aureus"     "Bos_javanicus"      3   3   2      0.111      0.739      0.303     -0.459      0.444      1.000      -2.07 0.03784138      -2.07       0.00       0.00 1.00000000
#  4135 "Canis_aureus"     "Pardofelis_temmin   3   2   2      0.000      0.813      0.299     -1.010      0.333      1.000      -2.72 0.00643241       0.00       0.00      -1.88 0.06035267
#  4139 "Canis_aureus"     "Ursus_thibetanus"   3   2   2      0.000      0.723      0.353     -0.614      0.333      1.000      -2.05 0.04009539       0.00       0.00       0.00 1.00000000
#  4256 "Pongo_pygmaeus"   "Presbytis_rubicun   3   3   3      0.000      0.791      0.300     -0.933      0.111      1.000      -2.63 0.00825739       0.00       0.00      -1.76 0.07747565
#  4273 "Pongo_pygmaeus"   "Herpestes_semitor   3   2   2      0.000      0.780      0.324     -0.879      0.333      1.000      -2.41 0.01580143       0.00       0.00       0.00 1.00000000
#  4341 "Presbytis_rubicun "Herpestes_semitor   3   2   2      0.000      0.753      0.322     -0.555      0.333      1.000      -2.34 0.01899588       0.00       0.00       0.00 1.00000000
#  4409 "Arctonyx_collaris "Pardofelis_temmin   3   2   2      0.000      0.750      0.338     -0.709      0.333      1.000      -2.22 0.02614713       0.00       0.00       0.00 1.00000000
#  4413 "Arctonyx_collaris "Ursus_thibetanus"   3   2   2      0.000      0.797      0.312     -0.948      0.333      1.000      -2.55 0.01054716       0.00       0.00      -1.65 0.09895964
#  4530 "Catopuma_temminck "Rhinosciurus_lati   3   2   2      0.000      0.823      0.300     -1.182      0.333      1.000      -2.75 0.00588894       0.00       0.00      -1.91 0.05525347
#  4606 "Sundamys_muelleri "Tupaia_gracilis"    3   2   2      0.000      0.763      0.334     -0.807      0.333      1.000      -2.28 0.02213651       0.00       0.00       0.00 1.00000000
#  4607 "Sundamys_muelleri "Tupaia_tana"        3   2   2      0.000      0.780      0.313     -0.745      0.333      1.000      -2.49 0.01261830       0.00       0.00       0.00 1.00000000
#  4659 "Macaca_mulatta"   "Mustela_kathiah"    3   2   2      0.000      0.810      0.317     -1.194      0.333      1.000      -2.55 0.01044297       0.00       0.00      -1.65 0.09798208
#  4673 "Macaca_mulatta"   "Melogale_moschata   3   2   2      0.000      0.790      0.315     -0.894      0.333      1.000      -2.51 0.01193386       0.00       0.00       0.00 1.00000000
#  4675 "Macaca_mulatta"   "Prionodon_pardico   3   2   2      0.000      0.803      0.309     -1.004      0.333      1.000      -2.60 0.00924700       0.00       0.00      -1.71 0.08676081
#  4973 "Mustela_kathiah"  "Melogale_moschata   2   2   2      0.000      0.822      0.327     -1.369      0.250      1.000      -2.52 0.01156038       0.00       0.00       0.00 1.00000000
#  5031 "Cynogale_bennetti "Muntiacus_atherod   2   2   2      0.000      0.827      0.316     -1.323      0.250      1.000      -2.62 0.00856745       0.00       0.00      -1.75 0.08038485
#  5074 "Cynogale_bennetti "Catopuma_badia"     2   1   1      0.000      0.960      0.196     -4.839      1.000      1.000      -4.90 0.00000089      -4.90       0.00      -4.44 0.00000839
#  5077 "Sus_celebensis"   "Macaca_ochreata"    2   2   2      0.000      0.837      0.317     -1.518      0.250      1.000      -2.64 0.00806290       0.00       0.00      -1.77 0.07565083
#  5399 "Pardofelis_temmin "Ursus_thibetanus"   2   2   2      0.000      0.865      0.288     -1.717      0.250      1.000      -3.00 0.00259840       0.00       0.00      -2.25 0.02437975
#  5495 "Tupaia_gracilis"  "Tupaia_tana"        2   2   2      0.000      0.803      0.334     -1.151      0.250      1.000      -2.40 0.01605982       0.00       0.00       0.00 1.00000000
#  5930 "Hylobates_mueller "Prionailurus_plan   1   1   1      0.000      0.970      0.171     -5.680      1.000      1.000      -5.69 0.00000000      -5.69       0.00      -5.69 0.00000000
#  5990 "Prionailurus_plan "Nasalis_larvalis"   1   1   1      0.000      0.950      0.218     -4.256      1.000      1.000      -4.36 0.00001228      -4.36       0.00      -3.84 0.00011520
#  5998 "Prionailurus_plan "Tupaia_minor"       1   1   1      0.000      0.950      0.218     -4.256      1.000      1.000      -4.36 0.00001228      -4.36       0.00      -3.84 0.00011520
#  6002 "Prionailurus_plan "Callosciurus_prev   1   1   1      0.000      0.950      0.218     -4.256      1.000      1.000      -4.36 0.00001228      -4.36       0.00      -3.84 0.00011520
#  6058 "Felis_marmorata"  "Tarsius_bancanus"   1   1   1      0.000      0.950      0.218     -4.256      1.000      1.000      -4.36 0.00001228      -4.36       0.00      -3.84 0.00011520
#  6075 "Felis_marmorata"  "Catopuma_badia"     1   1   1      0.000      0.950      0.218     -4.256      1.000      1.000      -4.36 0.00001228      -4.36       0.00      -3.84 0.00011520
#  6094 "Ptilocercus_lowii "Trachypithecus_ob   1   1   1      0.000      0.950      0.218     -4.256      1.000      1.000      -4.36 0.00001228      -4.36       0.00      -3.84 0.00011520
#  6106 "Ptilocercus_lowii "Pardofelis_nebulo   1   1   1      0.000      0.980      0.140     -7.068      1.000      1.000      -7.00 0.00000000      -7.00       0.00      -7.00 0.00000000
#  6115 "Maxomys_whitehead "Lariscus_insignis   1   1   1      0.000      0.950      0.218     -4.256      1.000      1.000      -4.36 0.00001228      -4.36       0.00      -3.84 0.00011520
#  6127 "Maxomys_whitehead "Trachypithecus_ob   1   1   1      0.000      0.950      0.218     -4.256      1.000      1.000      -4.36 0.00001228      -4.36       0.00      -3.84 0.00011520
#  6144 "Rattus_laticaudat "Rattus_tanezumi"    1   1   1      0.000      0.960      0.196     -4.839      1.000      1.000      -4.90 0.00000089      -4.90       0.00      -4.44 0.00000839
#  6145 "Rattus_laticaudat "Rattus_tiomanicus   1   1   1      0.000      0.960      0.196     -4.839      1.000      1.000      -4.90 0.00000089      -4.90       0.00      -4.44 0.00000839
#  6146 "Rattus_laticaudat "Rattus_whiteheadi   1   1   1      0.000      0.970      0.171     -5.680      1.000      1.000      -5.69 0.00000000      -5.69       0.00      -5.69 0.00000000
#  6152 "Rattus_laticaudat "Sundasciurus_lawi   1   1   1      0.000      0.960      0.196     -4.839      1.000      1.000      -4.90 0.00000089      -4.90       0.00      -4.44 0.00000839
#  6185 "Rattus_rattus"    "Leopoldamys_neill   1   1   1      0.000      0.960      0.196     -4.839      1.000      1.000      -4.90 0.00000089      -4.90       0.00      -4.44 0.00000839
#  6193 "Rattus_rattus"    "Nycticebus_coucan   1   1   1      0.000      0.980      0.140     -7.068      1.000      1.000      -7.00 0.00000000      -7.00       0.00      -7.00 0.00000000
#  6207 "Rattus_tanezumi"  "Rattus_whiteheadi   1   1   1      0.000      0.960      0.196     -4.839      1.000      1.000      -4.90 0.00000089      -4.90       0.00      -4.44 0.00000839
#  6211 "Rattus_tanezumi"  "Suncus_murinus"     1   1   1      0.000      0.980      0.140     -7.068      1.000      1.000      -7.00 0.00000000      -7.00       0.00      -7.00 0.00000000
#  6213 "Rattus_tanezumi"  "Sundasciurus_lawi   1   1   1      0.000      0.960      0.196     -4.839      1.000      1.000      -4.90 0.00000089      -4.90       0.00      -4.44 0.00000839
#  6270 "Rattus_whiteheadi "Sundasciurus_lawi   1   1   1      0.000      0.950      0.218     -4.256      1.000      1.000      -4.36 0.00001228      -4.36       0.00      -3.84 0.00011520
#  6304 "Lariscus_insignis "Trachypithecus_ob   1   1   1      0.000      0.970      0.171     -5.680      1.000      1.000      -5.69 0.00000000      -5.69       0.00      -5.69 0.00000000
#  6357 "Menetes_beardmore "Lepus_peguensis"    1   1   1      0.000      0.950      0.218     -4.256      1.000      1.000      -4.36 0.00001228      -4.36       0.00      -3.84 0.00011520
#  6397 "Menetes_berdmorei "Leopoldamys_neill   1   1   1      0.000      0.960      0.196     -4.839      1.000      1.000      -4.90 0.00000089      -4.90       0.00      -4.44 0.00000839
#  6405 "Menetes_berdmorei "Nycticebus_coucan   1   1   1      0.000      0.960      0.196     -4.839      1.000      1.000      -4.90 0.00000089      -4.90       0.00      -4.44 0.00000839
#  6449 "Leopoldamys_edwar "Callosciurus_eryt   1   1   1      0.000      0.950      0.218     -4.256      1.000      1.000      -4.36 0.00001228      -4.36       0.00      -3.84 0.00011520
#  6451 "Leopoldamys_edwar "Tupaia_belangeri"   1   1   1      0.000      0.980      0.140     -7.068      1.000      1.000      -7.00 0.00000000      -7.00       0.00      -7.00 0.00000000
#  6459 "Leopoldamys_edwar "Petaurista_alboru   1   1   1      0.000      0.970      0.171     -5.680      1.000      1.000      -5.69 0.00000000      -5.69       0.00      -5.69 0.00000000
#  6468 "Leopoldamys_neill "Nycticebus_coucan   1   1   1      0.000      0.980      0.140     -7.068      1.000      1.000      -7.00 0.00000000      -7.00       0.00      -7.00 0.00000000
#  6485 "Cephalopachus_ban "Nasalis_larvalis"   1   1   1      0.000      0.970      0.171     -5.680      1.000      1.000      -5.69 0.00000000      -5.69       0.00      -5.69 0.00000000
#  6493 "Cephalopachus_ban "Tupaia_minor"       1   1   1      0.000      0.960      0.196     -4.839      1.000      1.000      -4.90 0.00000089      -4.90       0.00      -4.44 0.00000839
#  6500 "Mydaus_javanensis "Tarsius_bancanus"   1   1   1      0.000      0.950      0.218     -4.256      1.000      1.000      -4.36 0.00001228      -4.36       0.00      -3.84 0.00011520
#  6541 "Trachypithecus_fr "Tupaia_belangeri"   1   1   1      0.000      0.950      0.218     -4.256      1.000      1.000      -4.36 0.00001228      -4.36       0.00      -3.84 0.00011520
#  6545 "Trachypithecus_fr "Dremomys_pyrrhome   1   1   1      0.000      0.950      0.218     -4.256      1.000      1.000      -4.36 0.00001228      -4.36       0.00      -3.84 0.00011520
#  6546 "Trachypithecus_fr "Dremomys_rufigeni   1   1   1      0.000      0.970      0.171     -5.680      1.000      1.000      -5.69 0.00000000      -5.69       0.00      -5.69 0.00000000
#  6562 "Trachypithecus_ob "Pardofelis_nebulo   1   1   1      0.000      0.980      0.140     -7.068      1.000      1.000      -7.00 0.00000000      -7.00       0.00      -7.00 0.00000000
#  6607 "Callosciurus_eryt "Macaca_assamensis   1   1   1      0.000      0.980      0.140     -7.068      1.000      1.000      -7.00 0.00000000      -7.00       0.00      -7.00 0.00000000
#  6611 "Callosciurus_eryt "Dremomys_rufigeni   1   1   1      0.000      0.950      0.218     -4.256      1.000      1.000      -4.36 0.00001228      -4.36       0.00      -3.84 0.00011520
#  6626 "Tupaia_belangeri" "Macaca_assamensis   1   1   1      0.000      0.970      0.171     -5.680      1.000      1.000      -5.69 0.00000000      -5.69       0.00      -5.69 0.00000000
#  6629 "Tupaia_belangeri" "Dremomys_pyrrhome   1   1   1      0.000      0.960      0.196     -4.839      1.000      1.000      -4.90 0.00000089      -4.90       0.00      -4.44 0.00000839
#  6630 "Tupaia_belangeri" "Dremomys_rufigeni   1   1   1      0.000      0.980      0.140     -7.068      1.000      1.000      -7.00 0.00000000      -7.00       0.00      -7.00 0.00000000
#  6637 "Macaca_assamensis "Dremomys_pyrrhome   1   1   1      0.000      0.960      0.196     -4.839      1.000      1.000      -4.90 0.00000089      -4.90       0.00      -4.44 0.00000839
#  6638 "Macaca_assamensis "Dremomys_rufigeni   1   1   1      0.000      0.950      0.218     -4.256      1.000      1.000      -4.36 0.00001228      -4.36       0.00      -3.84 0.00011520
#  6641 "Macaca_assamensis "Petaurista_alboru   1   1   1      0.000      0.950      0.218     -4.256      1.000      1.000      -4.36 0.00001228      -4.36       0.00      -3.84 0.00011520
#  6653 "Tupaia_minor"     "Callosciurus_prev   1   1   1      0.000      0.950      0.218     -4.256      1.000      1.000      -4.36 0.00001228      -4.36       0.00      -3.84 0.00011520
#  6659 "Dremomys_pyrrhome "Petaurista_alboru   1   1   1      0.000      0.960      0.196     -4.839      1.000      1.000      -4.90 0.00000089      -4.90       0.00      -4.44 0.00000839
#  6663 "Dremomys_rufigeni "Petaurista_alboru   1   1   1      0.000      0.970      0.171     -5.680      1.000      1.000      -5.69 0.00000000      -5.69       0.00      -5.69 0.00000000
 
> Name               SP   CL+   CL-   BM+   BM-   BC+   BC-   BY+   BY-       NR   CL+   CL+
> WIMamm.txt       6670    29   202    21    66    21     9    28    59   667000 33350 40020
 
& File           Speci   Individ     BRInd       BRZ Cscoreind   CscoreZ Soeren.In  Soeren.Z    AbsInd      AbsZ CheckerIn  CheckerZ   CombInd     CombZ   CorrInd     CorrZ    SchInd      SchZ
& WIMamm.txt       116  35087.00    0.4804   -1.5010    0.0265    3.0411   -0.0001   -0.0070   -0.0013   -1.2273    0.1014   10.4698    0.7903    4.1058   -0.0302   -0.7558   -0.0264   -9.0016
 
%          Observed numbers                                          Expected numbers
% Class    Pairs   CL+   CL-   BM+   BM-   BC+   BC-   BY+   BY-       NR   CL+   CL-
% 0.000     1188     0   163     0    47     0     0     0    58   114094  5793  6779
% 0.025       17     0    12     0    10     0     8     0     1      416    17    24
% 0.075       37     0    12     0     4     0     1     0     0     2638   137   168
% 0.125       84     0    14     0     5     0     0     0     0     7332   349   426
% 0.175       68     0     1     0     0     0     0     0     0     6966   329   429
% 0.225       88     0     0     0     0     0     0     0     0    11069   512   694
% 0.275      117     0     0     0     0     0     0     0     0    15843   767   938
% 0.325      108     0     0     0     0     0     0     0     0    14626   753   904
% 0.375       75     0     0     0     0     0     0     0     0    11948   589   708
% 0.425      174     0     0     0     0     0     0     0     0    31654  1576  1930
% 0.475       78     0     0     0     0     0     0     0     0    13733   689   808
% 0.525       74     0     0     0     0     0     0     0     0    11523   577   688
% 0.575       57     3     0     0     0     0     0     3     0     8484   433   505
% 0.625       74     1     0     0     0     0     0     1     0    12999   640   769
% 0.675       42     0     0     0     0     0     0     0     0     5358   266   303
% 0.725       19     3     0     0     0     0     0     3     0     1972   111   128
% 0.775        3     1     0     0     0     0     0     1     0      279    15    10
% 0.825        0     0     0     0     0     0     0     0     0        4     0     0
% 0.875        0     0     0     0     0     0     0     0     0        0     0     0
% 0.925        0     0     0     0     0     0     0     0     0        0     0     0
% 0.975        0     0     0     0     0     0     0     0     0        0     0     0
% 1.000     4367    21     0    21     0    21     0    20     0   396062 19797 23809
