Species              "X1902"   "X1979"   "X1935"   "X1884"   "X1977"   "X1915"   "X1885"   "X1987"   "X1901"   "X1918"   "X1958"   "X1974"   "X1913"   "X2001"   "X1886"   "X1959"   "X1978"   "X1228"             "X1960"   "X2014"   "X1883"   "X2009"   "X1988"   "X1990"  
"Prionailurus_benga"      13.0     113.0       2.0      59.0      89.0       4.0      86.0       2.0       1.0      21.0       3.0       6.0     288.0       0.0       0.0       0.0       0.0       0.0       1.0       0.0      37.0       0.0      13.0       0.0       0.0
"Helarctos_malayanu"       0.0      49.0      29.0      96.0       3.0      16.0     167.0      14.0       2.0       5.0       0.0     391.0       0.0       2.0       0.0       7.0       0.0       0.0       0.0       3.0       1.0       0.0       0.0       0.0       0.0
"Martes_flavigula"        17.0       3.0      13.0       5.0       8.0       0.0       2.0      10.0       0.0       1.0       0.0       0.0       0.0       0.0       0.0       0.0       1.0       0.0       0.0       0.0       0.0       0.0       1.0       0.0       0.0
"Rusa_unicolor"            0.0      89.0     123.0      20.0     218.0      28.0       0.0      21.0       5.0       0.0       0.0       0.0       0.0       0.0       0.0      14.0      90.0       0.0       0.0      12.0       0.0       0.0       0.0       0.0       0.0
"Manis_javanica"           5.0       8.0      14.0       3.0       2.0       2.0       0.0       3.0       1.0       0.0       0.0       0.0       0.0       0.0       5.0       0.0       0.0       0.0       0.0       0.0       0.0       0.0       0.0       0.0       0.0
"Sus_barbatus"             0.0    1126.0     254.0       0.0       0.0       0.0       0.0      92.0      19.0       0.0       0.0     134.0       0.0       0.0       1.0       0.0       0.0       0.0       0.0       0.0      11.0       0.0       0.0       0.0       0.0
"Arctictis_binturon"       7.0       0.0       2.0       1.0       0.0       2.0       1.0       3.0       0.0       0.0       0.0       0.0       0.0       0.0       1.0       0.0       0.0       0.0       0.0       0.0       0.0       0.0       0.0       0.0       0.0
"Hemigalus_derbyanu"      13.0      23.0     172.0       1.0       0.0       0.0       0.0      32.0       1.0       0.0       0.0       0.0       0.0       1.0       0.0       0.0       0.0       0.0       0.0       0.0       0.0       0.0       0.0       0.0       0.0
"Paguma_larvata"          21.0       0.0       0.0       0.0       0.0       0.0       2.0       3.0       0.0       0.0      12.0       0.0     599.0       0.0       0.0       6.0       0.0       0.0       0.0       0.0       0.0       0.0       0.0       0.0       0.0
"Panthera_pardus"          2.0       0.0       0.0     113.0       0.0       0.0     103.0       0.0       0.0      20.0       0.0     374.0       0.0       1.0       0.0       0.0       0.0       0.0       0.0       0.0       0.0       0.0       0.0       0.0       0.0
"Herpestes_javanicu"       1.0       0.0       0.0       0.0      10.0       0.0       0.0       0.0       0.0       1.0       0.0       6.0      20.0       0.0       0.0       0.0       0.0       0.0       0.0       0.0       0.0       0.0       2.0       0.0       0.0
"Tapirus_indicus"         99.0       0.0       0.0     317.0       0.0       0.0     280.0       0.0       0.0       0.0       0.0     908.0       0.0      74.0       0.0       4.0       0.0       0.0       0.0       0.0       0.0       0.0       0.0       0.0       0.0
"Elephas_maximus"          0.0       0.0      13.0     167.0     361.0       9.0      10.0       0.0       0.0      84.0       0.0       0.0       0.0       0.0       0.0       0.0       0.0       0.0       0.0       0.0       0.0       0.0       0.0       0.0       0.0
"Viverra_zibetha"          0.0       0.0       0.0       2.0      26.0      37.0       3.0       0.0       0.0      45.0       0.0       3.0       0.0       0.0       0.0       0.0       0.0       0.0       0.0       0.0       0.0       0.0       0.0       0.0       0.0
"Prionodon_linsang"        7.0       0.0       7.0       0.0       0.0       0.0       3.0       1.0       0.0       0.0       0.0       0.0       0.0       0.0       1.0       0.0       0.0       0.0       0.0       0.0       0.0       0.0       0.0       0.0       0.0
"Herpestes_urva"           0.0       0.0       0.0       0.0      12.0      11.0       0.0       0.0       0.0       0.0      36.0       0.0      63.0       0.0       0.0       0.0       1.0       0.0       0.0       0.0       0.0       0.0       0.0       0.0       0.0
"Herpestes_brachyur"       0.0       4.0      27.0       0.0       0.0       0.0       0.0       2.0       1.0       0.0       0.0       0.0       0.0       1.0       0.0       0.0       0.0       0.0       0.0       0.0       0.0       0.0       0.0       0.0       0.0
"Hystrix_crassispin"       0.0     274.0      30.0       0.0       0.0       0.0       0.0      18.0       4.0       0.0       0.0       0.0       0.0       0.0      52.0       0.0       0.0       0.0       0.0       0.0       0.0       0.0       0.0       0.0       0.0
"Trichys_fasciculat"       0.0      16.0     240.0       0.0       0.0       0.0       0.0      14.0       2.0       0.0       0.0       0.0       0.0       0.0       9.0       0.0       0.0       0.0       0.0       0.0       0.0       0.0       0.0       0.0       0.0
"Tupaia_glis"             55.0       0.0       0.0       0.0       0.0       0.0       0.0       0.0       2.0       0.0       0.0       0.0       0.0       0.0       0.0       0.0       0.0       0.0       7.0       0.0       1.0       8.0       0.0       0.0       0.0
"Viverra_megaspila"        0.0       0.0       0.0       0.0      73.0       3.0       0.0       0.0       0.0       1.0       0.0       0.0       0.0       0.0       0.0      56.0       0.0       0.0       0.0      57.0       0.0       0.0       0.0       0.0       0.0
"Pardofelis_marmora"       0.0       0.0       0.0       1.0       0.0       1.0       1.0       2.0       0.0       0.0       0.0       0.0       0.0       1.0       0.0       0.0       0.0       0.0       0.0       0.0       0.0       0.0       0.0       0.0       0.0
"Leopoldamys_sabanu"      83.0       5.0       0.0       0.0       0.0       0.0       0.0       0.0       1.0       0.0       0.0       0.0       0.0       4.0       0.0       0.0       0.0       1.0       0.0       0.0       0.0       0.0       0.0       0.0       0.0
"Cuon_alpinus"             0.0       0.0       0.0       6.0       0.0       8.0      13.0       0.0       0.0      17.0       0.0       0.0       0.0       0.0       0.0       0.0       0.0       0.0       0.0       0.0       0.0       0.0       0.0       0.0       0.0
"Tragulus_napu"           12.0     626.0       0.0       0.0       0.0       0.0       0.0       0.0       1.0       0.0       0.0      21.0       0.0       0.0       0.0       0.0       0.0       0.0       0.0       0.0       0.0       0.0       0.0       0.0       0.0
"Bos_frontalis"            0.0       0.0       0.0       5.0      20.0      13.0       0.0       0.0       0.0       9.0       0.0       0.0       0.0       0.0       0.0       0.0       0.0       0.0       0.0       0.0       0.0       0.0       0.0       0.0       0.0
"Callosciurus_notat"       5.0     978.0       0.0       0.0       0.0       0.0       0.0       0.0       8.0       0.0       0.0       0.0       0.0       0.0       0.0       0.0       0.0       0.0      15.0       0.0       0.0       0.0       0.0       0.0       0.0
"Panthera_tigris"          5.0       0.0       0.0      22.0       0.0       0.0     151.0       0.0       0.0       0.0       0.0       0.0       0.0       0.0       0.0       0.0       1.0       0.0       0.0       0.0       0.0       0.0       0.0       0.0       0.0
"Capricornis_sumatr"       1.0       0.0       0.0       1.0       0.0       0.0       1.0       0.0       0.0       0.0       0.0       0.0       0.0       0.0       0.0       0.0       2.0       0.0       0.0       0.0       0.0       0.0       0.0       0.0       0.0
"Viverricula_indica"       0.0       0.0       0.0       0.0      14.0       0.0       0.0       0.0       0.0       6.0       0.0       0.0    1160.0       0.0       0.0       0.0       0.0       0.0       0.0       0.0       0.0       0.0       1.0       0.0       0.0
"Callosciurus_canic"       1.0       0.0       0.0       0.0       0.0       0.0       0.0       0.0       0.0       0.0       0.0       0.0       0.0       1.0       0.0       0.0       0.0       0.0       0.0       0.0       0.0       1.0       0.0       0.0       0.0
"Arctogalidia_trivi"       0.0      40.0       1.0       0.0       0.0       0.0       0.0       0.0       0.0       0.0       0.0       0.0       0.0       0.0       0.0       9.0       0.0       0.0       0.0       0.0       0.0       0.0       0.0       0.0       0.0
"Tragulus_kanchil"        58.0       0.0       0.0       0.0       0.0       0.0       0.0       0.0       0.0       0.0       0.0      30.0       0.0       0.0       0.0       0.0       0.0       0.0       1.0       0.0       0.0       0.0       0.0       0.0       0.0
"Presbytis_rubicund"       0.0       7.0       1.0       0.0       0.0       0.0       0.0       3.0       0.0       0.0       0.0       0.0       0.0       0.0       0.0       0.0       0.0       0.0       0.0       0.0       0.0       0.0       0.0       0.0       0.0
"Bos_javanicus"            0.0       0.0      23.0       0.0      52.0       0.0       0.0       0.0       0.0      65.0       0.0       0.0       0.0       0.0       0.0       0.0       0.0       0.0       0.0       0.0       0.0       0.0       0.0       0.0       0.0
"Sundamys_muelleri"        1.0       4.0       0.0       0.0       0.0       0.0       0.0       0.0       1.0       0.0       0.0       0.0       0.0       0.0       0.0       0.0       0.0       0.0       0.0       0.0       0.0       0.0       0.0       0.0       0.0
"Rattus_exulans"           0.0       1.0       0.0       0.0       0.0       0.0       0.0       0.0       0.0       0.0       0.0       0.0       0.0       0.0       0.0       0.0       0.0      11.0       0.0       0.0       0.0       0.0       0.0       0.0       0.0
"Rheithrosciurus_ma"       0.0       0.0       0.0       0.0       0.0       0.0       0.0       1.0       0.0       0.0       0.0       0.0       0.0       0.0       1.0       0.0       0.0       0.0       0.0       0.0       0.0       0.0       0.0       0.0       0.0
"Rhinosciurus_latic"       1.0       0.0       0.0       1.0       0.0       0.0       0.0       0.0       0.0       0.0       0.0       0.0       0.0       0.0       0.0       0.0       0.0       0.0       0.0       0.0       0.0       0.0       0.0       0.0       0.0
"Lutrogale_perspici"       0.0       0.0       0.0       0.0      10.0       0.0       0.0       1.0       0.0       0.0       0.0       0.0       0.0       0.0       0.0       0.0       0.0       0.0       0.0       0.0       0.0       0.0       0.0       0.0       0.0
"Mustela_kathiah"          0.0       0.0       0.0       0.0       0.0       0.0       0.0       0.0       0.0       0.0       1.0       0.0      18.0       0.0       0.0       0.0       0.0       0.0       0.0       0.0       0.0       0.0       0.0       0.0       0.0
"Homo_sapiens"             0.0       0.0       0.0      49.0       0.0      53.0       0.0       0.0       0.0       0.0       0.0       0.0       0.0       0.0       0.0       0.0       0.0       0.0       0.0       0.0       0.0       0.0       0.0       0.0       0.0
"Felis_catus"              0.0       0.0       0.0       0.0       0.0       0.0       0.0       0.0       0.0       0.0       0.0       0.0     231.0       0.0       0.0       0.0       0.0       0.0       1.0       0.0       0.0       0.0       0.0       0.0       0.0
"Macaca_ochreata"          0.0       0.0       0.0       0.0       0.0       0.0       0.0       0.0       0.0       0.0       0.0       0.0       0.0       0.0       0.0       0.0       0.0       0.0       0.0       0.0       0.0       0.0       0.0     274.0     221.0
"Capricornis_milnee"       0.0       0.0       0.0       0.0       0.0       3.0       0.0       0.0       0.0       0.0       5.0       0.0       0.0       0.0       0.0       0.0       0.0       0.0       0.0       0.0       0.0       0.0       0.0       0.0       0.0
"Herpestes_semitorq"       0.0       0.0       1.0       0.0       0.0       0.0       0.0       2.0       0.0       0.0       0.0       0.0       0.0       0.0       0.0       0.0       0.0       0.0       0.0       0.0       0.0       0.0       0.0       0.0       0.0
"Maxomys_rajah"            0.0       0.0       0.0       0.0       0.0       0.0       0.0       0.0       4.0       0.0       0.0       0.0       0.0       0.0       0.0       0.0       0.0       1.0       0.0       0.0       0.0       0.0       0.0       0.0       0.0
"Tupaia_gracilis"          0.0      21.0       0.0       0.0       0.0       0.0       0.0       0.0       1.0       0.0       0.0       0.0       0.0       0.0       0.0       0.0       0.0       0.0       0.0       0.0       0.0       0.0       0.0       0.0       0.0
"Tupaia_tana"              0.0      31.0       0.0       0.0       0.0       0.0       0.0       0.0       2.0       0.0       0.0       0.0       0.0       0.0       0.0       0.0       0.0       0.0       0.0       0.0       0.0       0.0       0.0       0.0       0.0
"Ursus_thibetanus"         0.0       0.0       0.0       0.0      12.0      21.0       0.0       0.0       0.0       0.0       0.0       0.0       0.0       0.0       0.0       0.0       0.0       0.0       0.0       0.0       0.0       0.0       0.0       0.0       0.0
"Maxomys_surifer"        293.0       0.0       0.0       0.0       0.0       0.0       0.0       0.0       0.0       0.0       0.0       0.0       0.0       0.0       0.0       0.0       0.0       0.0       0.0       0.0       0.0       4.0       0.0       0.0       0.0
"Melogale_moschata"        0.0       0.0       0.0       0.0       0.0       0.0       0.0       0.0       0.0       0.0      45.0       0.0     832.0       0.0       0.0       0.0       0.0       0.0       0.0       0.0       0.0       0.0       0.0       0.0       0.0
"Muntiacus_atherode"       0.0       0.0     426.0       0.0       0.0       0.0       0.0       0.0       6.0       0.0       0.0       0.0       0.0       0.0       0.0       0.0       0.0       0.0       0.0       0.0       0.0       0.0       0.0       0.0       0.0
"Prionodon_pardicol"       0.0       0.0       0.0       0.0       0.0       0.0       0.0       0.0       0.0       0.0      11.0       0.0       0.0       0.0       0.0       0.0       1.0       0.0       0.0       0.0       0.0       0.0       0.0       0.0       0.0
"Presbytis_hosei"          0.0       0.0       0.0       0.0       0.0       0.0       0.0       1.0       0.0       0.0       0.0       0.0       0.0       0.0       0.0       0.0       0.0       0.0       0.0       0.0       0.0       0.0       0.0       0.0       0.0
"Manis_pentadactyla"       0.0       0.0       0.0       0.0       0.0       0.0       0.0       0.0       0.0       0.0       0.0       0.0      31.0       0.0       0.0       0.0       0.0       0.0       0.0       0.0       0.0       0.0       0.0       0.0       0.0
"Presbytis_siamensi"       0.0       0.0       0.0       0.0       0.0       0.0       0.0       0.0       0.0       0.0       0.0      36.0       0.0       0.0       0.0       0.0       0.0       0.0       0.0       0.0       0.0       0.0       0.0       0.0       0.0
"Aonyx_cinerea"            0.0       0.0       0.0       0.0       0.0       0.0       0.0       0.0       0.0       0.0       0.0       0.0       0.0       0.0       0.0       5.0       0.0       0.0       0.0       0.0       0.0       0.0       0.0       0.0       0.0
"Rattus_tiomanicus"        0.0       0.0       0.0       0.0       0.0       0.0       0.0       0.0       0.0       0.0       0.0       0.0       0.0       0.0       0.0       0.0       0.0       8.0       0.0       0.0       0.0       0.0       0.0       0.0       0.0
"Melogale_orientali"       0.0       0.0       0.0       0.0       0.0       0.0       0.0       0.0       0.0       0.0       0.0       0.0       0.0       0.0       0.0       0.0       0.0       0.0       0.0       0.0       0.0       0.0      34.0       0.0       0.0
"Suncus_murinus"           0.0       0.0       0.0       0.0       0.0       0.0       0.0       0.0       0.0       0.0       0.0       0.0       0.0       0.0       0.0       0.0       0.0       1.0       0.0       0.0       0.0       0.0       0.0       0.0       0.0
"Sundasciurus_lawii"       0.0       0.0       0.0       0.0       0.0       0.0       0.0       0.0       0.0       0.0       0.0       0.0       0.0       0.0       0.0       0.0       0.0       5.0       0.0       0.0       0.0       0.0       0.0       0.0       0.0
"Tarsius_bancanus"         0.0       0.0       6.0       0.0       0.0       0.0       0.0       0.0       0.0       0.0       0.0       0.0       0.0       0.0       0.0       0.0       0.0       0.0       0.0       0.0       0.0       0.0       0.0       0.0       0.0
"Nasalis_larvalis"         0.0       1.0       0.0       0.0       0.0       0.0       0.0       0.0       0.0       0.0       0.0       0.0       0.0       0.0       0.0       0.0       0.0       0.0       0.0       0.0       0.0       0.0       0.0       0.0       0.0
"Lepus_peguensis"          0.0       0.0       0.0       0.0       0.0       0.0       0.0       0.0       0.0       3.0       0.0       0.0       0.0       0.0       0.0       0.0       0.0       0.0       0.0       0.0       0.0       0.0       0.0       0.0       0.0
"Nycticebus_coucang"       0.0       0.0       0.0       0.0       0.0       0.0       0.0       0.0       0.0       0.0       0.0       0.0       0.0       0.0       0.0       0.0       0.0       0.0       0.0       0.0       0.0       1.0       0.0       0.0       0.0
"Trichys_lipura"           0.0       0.0       0.0       0.0       0.0       0.0       7.0       0.0       0.0       0.0       0.0       0.0       0.0       0.0       0.0       0.0       0.0       0.0       0.0       0.0       0.0       0.0       0.0       0.0       0.0
"Bos_taurus"               0.0       0.0       0.0       0.0       0.0       0.0       0.0       0.0       0.0       0.0       0.0       0.0     245.0       0.0       0.0       0.0       0.0       0.0       0.0       0.0       0.0       0.0       0.0       0.0       0.0
"Pardofelis_nebulos"       4.0       0.0       0.0       0.0       0.0       0.0       0.0       0.0       0.0       0.0       0.0       0.0       0.0       0.0       0.0       0.0       0.0       0.0       0.0       0.0       0.0       0.0       0.0       0.0       0.0
"Callosciurus_prevo"       0.0      13.0       0.0       0.0       0.0       0.0       0.0       0.0       0.0       0.0       0.0       0.0       0.0       0.0       0.0       0.0       0.0       0.0       0.0       0.0       0.0       0.0       0.0       0.0       0.0
"Petaurista_alboruf"       0.0       0.0       0.0       0.0       0.0       0.0       0.0       0.0       0.0       0.0       3.0       0.0       0.0       0.0       0.0       0.0       0.0       0.0       0.0       0.0       0.0       0.0       0.0       0.0       0.0
"Catopuma_badia"           0.0       0.0       1.0       0.0       0.0       0.0       0.0       0.0       0.0       0.0       0.0       0.0       0.0       0.0       0.0       0.0       0.0       0.0       0.0       0.0       0.0       0.0       0.0       0.0       0.0
