Species              "X1297"   "X752"    "X1287"   "X801"    "X930"    "X1746"   "X1752"   "X746"    "X918"    "X1737"   "X1734"   "X944"    "X932"    "X920"    "X952"    "X936"    "X953"    "X946"    "X950"    "X945"    "X1298"   "X747"    "X816"    "X949"    "X921"    "X1740"   "X1299"   "X951"    "X947"    "X1757"             "X927"    "X815"    "X954"    "X1743"   "X955"    "X1697"  
"Sturnira_lilium"         61.0      25.0     279.0       4.0      75.0      34.0       5.0      34.0       2.0     157.0       1.0       0.0       0.0     132.0       4.0      21.0      25.0       3.0      42.0      80.0      59.0      50.0       0.0     125.0       0.0      10.0      41.0      59.0       5.0       0.0      55.0       8.0      26.0       0.0      67.0       0.0       0.0
"Micronycteris_mega"       0.0       5.0       1.0       0.0       6.0       0.0       0.0       0.0       0.0       0.0       0.0       0.0       0.0       0.0       2.0       0.0       2.0       1.0       6.0       1.0       0.0       0.0       0.0       0.0       0.0       0.0       2.0       1.0       1.0       0.0       0.0       0.0       0.0       0.0       0.0       0.0       0.0
"Platyrrhinus_recif"      21.0      29.0       0.0       2.0      15.0       0.0       0.0       0.0       0.0       5.0      21.0       0.0       1.0       2.0       0.0       0.0       0.0       0.0       0.0       0.0       0.0       0.0       0.0       0.0       3.0       0.0       0.0       0.0       0.0       0.0       0.0       0.0       0.0       0.0       0.0       0.0       0.0
"Lasiurus_ega"             0.0       1.0       1.0       0.0       2.0       0.0       0.0       1.0       0.0       1.0       0.0       0.0       0.0       0.0       0.0       0.0       0.0       0.0       0.0       0.0       2.0       0.0       1.0       0.0       0.0       1.0       0.0       0.0       0.0       3.0       0.0       0.0       0.0       0.0       0.0       0.0       0.0
"Vampyressa_pusilla"       3.0       6.0       0.0       0.0       0.0       0.0       0.0       0.0       0.0       0.0      10.0       0.0       0.0       3.0       2.0       0.0       0.0       9.0       0.0       0.0       0.0       0.0       0.0       0.0       1.0       0.0       6.0       0.0       2.0       0.0       0.0       0.0       0.0       0.0       0.0       0.0       0.0
"Pygoderma_bilabiat"       0.0       0.0       0.0       0.0       0.0       0.0       0.0       0.0       0.0       0.0       2.0       0.0       0.0       1.0       0.0       0.0       0.0       0.0       3.0       1.0      11.0       0.0       0.0       7.0       0.0       0.0       4.0       0.0       0.0       0.0       0.0       0.0       1.0       0.0       0.0       0.0       0.0
"Myotis_riparius"          0.0      35.0       0.0       0.0      14.0       0.0       0.0       0.0       0.0       8.0      13.0       0.0       1.0       0.0       0.0       0.0       0.0       0.0       0.0       0.0       0.0       0.0       0.0       6.0       0.0       0.0       0.0       4.0       0.0       0.0       0.0       0.0       0.0       0.0       4.0       0.0       0.0
"Lasiurus_blossevil"       0.0       1.0       6.0       0.0       0.0       0.0       0.0       0.0       0.0       1.0       0.0       0.0       1.0       0.0       0.0       0.0       1.0       0.0       0.0       0.0       0.0       0.0       0.0       1.0       0.0       0.0       0.0       0.0       0.0       6.0       0.0       0.0       0.0       0.0       1.0       0.0       0.0
"Eptesicus_furinali"       0.0       0.0       2.0       0.0       0.0       0.0       0.0       0.0       2.0       0.0       0.0       0.0       0.0       3.0       0.0       0.0       0.0       0.0       1.0       0.0       0.0       1.0       3.0      18.0       0.0       0.0       0.0       0.0       0.0       0.0       0.0       0.0       0.0       0.0       0.0       0.0       0.0
"Chiroderma_doriae"        0.0       1.0       0.0       0.0       0.0       0.0       0.0       0.0       0.0       3.0       3.0       0.0       0.0       0.0       1.0       6.0       0.0       0.0       0.0       2.0       0.0       2.0       0.0       0.0       0.0       0.0       0.0       0.0       0.0       0.0       0.0       0.0       0.0       0.0       0.0       0.0       0.0
"Noctilio_leporinus"       0.0       8.0       0.0       0.0     284.0       0.0       0.0       0.0       0.0       4.0       0.0       0.0       1.0       0.0       3.0       0.0       0.0       0.0       0.0       0.0       0.0       0.0       2.0       1.0       0.0       0.0       0.0       0.0       0.0       0.0       0.0       0.0       0.0       0.0       0.0       0.0       0.0
"Phyllostomus_disco"      85.0       0.0       0.0       0.0       0.0       0.0       0.0       2.0       0.0       0.0       0.0       5.0       2.0       0.0       0.0       7.0       4.0       0.0       0.0       0.0       0.0       0.0       0.0       0.0       0.0       4.0       0.0       0.0       0.0       0.0       0.0       0.0       0.0       0.0       0.0       0.0       0.0
"Anoura_geoffroyi"         3.0       1.0       3.0       0.0      43.0       0.0       0.0      98.0       0.0       0.0       0.0       2.0       0.0       0.0       0.0       0.0       0.0       7.0       0.0       0.0       0.0       0.0       0.0       0.0       0.0       0.0       0.0       0.0       0.0       0.0       0.0       0.0       0.0       0.0       0.0       0.0       0.0
"Diphylla_ecaudata"        0.0       0.0       0.0       0.0       5.0       1.0       1.0       0.0       0.0       0.0       1.0       0.0       0.0       0.0       2.0       0.0       0.0       3.0       0.0       0.0       0.0       0.0       0.0       0.0       0.0       0.0       0.0       0.0       0.0       0.0       0.0       0.0       0.0       0.0       0.0       0.0       0.0
"Molossus_rufus"           0.0      11.0       0.0       0.0     395.0       0.0       0.0       0.0       5.0       0.0       0.0       0.0       0.0       0.0       0.0       0.0       0.0       0.0       0.0       0.0       0.0       0.0       0.0       0.0       0.0       0.0       0.0       0.0       0.0       1.0       1.0       0.0       0.0       0.0       0.0       0.0       0.0
"Tonatia_bidens"           0.0      21.0       0.0       0.0      26.0       0.0       0.0       0.0       0.0       0.0       0.0       7.0       0.0       0.0       2.0       0.0       0.0       0.0       0.0       0.0       0.0       0.0       0.0       0.0       1.0       0.0       0.0       0.0       0.0       0.0       0.0       0.0       0.0       0.0       0.0       0.0       0.0
"Histiotus_velatus"        0.0       0.0       2.0       0.0       0.0       0.0       0.0       0.0       8.0       0.0       0.0       0.0       0.0       0.0       0.0       0.0       0.0       0.0       2.0       0.0       0.0       0.0       0.0       0.0       0.0       0.0       0.0       0.0       0.0       0.0       4.0       0.0       0.0       0.0       0.0       0.0       0.0
"Micronycteris_minu"       0.0       0.0       0.0       0.0       2.0       1.0       0.0       4.0       0.0       0.0       0.0       0.0       0.0       1.0       0.0       0.0       0.0       0.0       0.0       0.0       0.0       0.0       0.0       0.0       0.0       0.0       0.0       0.0       0.0       0.0       0.0       0.0       0.0       0.0       0.0       0.0       0.0
"Molossops_temminck"       0.0       0.0       0.0       0.0       0.0       0.0       0.0      15.0       0.0       0.0       0.0       8.0       0.0       0.0       0.0       3.0       0.0       0.0       0.0       0.0       0.0       0.0       7.0       0.0       0.0       0.0       0.0       0.0       0.0       0.0       0.0       0.0       0.0       0.0       0.0       0.0       0.0
"Promops_nasutus"          0.0       0.0       1.0       0.0       0.0       0.0       0.0       0.0       3.0       0.0       0.0       0.0       0.0       0.0       0.0       0.0       0.0       0.0       0.0       0.0       0.0       0.0       5.0       0.0       0.0       0.0       0.0       0.0       0.0       3.0       0.0       0.0       0.0       0.0       0.0       0.0       0.0
"Mimon_bennettii"          0.0       0.0       0.0       0.0       0.0       0.0       0.0       2.0       0.0       0.0       0.0       0.0       0.0       1.0       1.0       0.0       0.0       0.0       0.0       0.0       0.0       0.0       0.0       0.0       0.0       0.0       0.0       0.0       0.0       0.0       0.0       0.0       0.0       0.0       0.0       0.0       0.0
"Mimon_crenulatum"         7.0       0.0       0.0       0.0       0.0       0.0       0.0       1.0       0.0       0.0       0.0       0.0       0.0       0.0       0.0       0.0       0.0       0.0       0.0       0.0       0.0       4.0       0.0       0.0       0.0       0.0       0.0       0.0       0.0       0.0       0.0       0.0       0.0       0.0       0.0       0.0       0.0
"Eptesicus_diminutu"       0.0       0.0       0.0       0.0       0.0       0.0       0.0       1.0       0.0       0.0       0.0       0.0       0.0       0.0       0.0       0.0       0.0       0.0       1.0       0.0       0.0       0.0       0.0       0.0       0.0       0.0       0.0       0.0       0.0       0.0       0.0       0.0       3.0       0.0       0.0       0.0       0.0
"Uroderma_magnirost"       0.0       0.0       0.0       0.0       0.0       1.0       0.0       0.0       0.0       0.0       0.0       0.0       1.0       0.0       0.0       0.0       0.0       0.0       0.0       0.0       0.0       0.0       0.0       0.0       1.0       0.0       0.0       0.0       0.0       0.0       0.0       0.0       0.0       0.0       0.0       0.0       0.0
"Myotis_levis"             0.0       0.0       0.0       0.0       0.0       0.0       0.0       0.0       0.0       0.0       0.0       0.0       0.0       1.0       0.0       0.0       3.0       0.0       0.0       0.0       0.0       0.0       0.0       0.0       0.0       0.0       0.0       0.0       0.0       0.0       0.0       0.0       1.0       0.0       0.0       0.0       0.0
"Nyctinomops_macrot"       0.0       2.0       0.0       0.0       0.0       0.0       0.0       0.0      12.0       0.0       0.0       0.0       0.0       0.0       0.0       0.0       0.0       0.0       0.0       0.0       0.0       0.0       0.0       0.0       0.0       0.0       0.0       0.0       0.0       0.0       0.0       0.0       0.0       0.0       0.0       0.0       0.0
"Phylloderma_stenop"       2.0       0.0       0.0       0.0       2.0       0.0       0.0       0.0       0.0       0.0       0.0       0.0       0.0       0.0       0.0       0.0       0.0       0.0       0.0       0.0       0.0       0.0       0.0       0.0       0.0       0.0       0.0       0.0       0.0       0.0       0.0       0.0       0.0       0.0       0.0       0.0       0.0
"Micronycteris_micr"       0.0       0.0       0.0       2.0       0.0       0.0       0.0       0.0       0.0       0.0       5.0       0.0       0.0       0.0       0.0       0.0       0.0       0.0       0.0       0.0       0.0       0.0       0.0       0.0       0.0       0.0       0.0       0.0       0.0       0.0       0.0       0.0       0.0       0.0       0.0       0.0       0.0
"Eumops_auripendulu"       0.0       0.0       0.0       0.0       0.0       0.0       0.0       0.0       3.0       0.0       0.0       0.0       1.0       0.0       0.0       0.0       0.0       0.0       0.0       0.0       0.0       0.0       0.0       0.0       0.0       0.0       0.0       0.0       0.0       0.0       0.0       0.0       0.0       0.0       0.0       0.0       0.0
"Pteronotus_parnell"       0.0       0.0       0.0       0.0       0.0       0.0       0.0       2.0       0.0       0.0       0.0       6.0       0.0       0.0       0.0       0.0       0.0       0.0       0.0       0.0       0.0       0.0       0.0       0.0       0.0       0.0       0.0       0.0       0.0       0.0       0.0       0.0       0.0       0.0       0.0       0.0       0.0
"Cynomops_planirost"       1.0       0.0       0.0       0.0       0.0       0.0       0.0       0.0       0.0       0.0       0.0       0.0       0.0       0.0       0.0       0.0       0.0       0.0       0.0       0.0       0.0       0.0       2.0       0.0       0.0       0.0       0.0       0.0       0.0       0.0       0.0       0.0       0.0       0.0       0.0       0.0       0.0
"Histiotus_macrotus"       0.0       0.0       0.0       0.0       0.0       0.0       0.0       0.0       0.0       0.0       0.0       0.0       0.0       0.0       0.0       0.0       0.0       0.0       0.0       0.0       0.0       0.0       4.0       0.0       0.0       0.0       0.0       0.0       0.0       0.0       0.0       0.0       0.0       0.0       8.0       0.0       0.0
"Chiroderma_salvini"       0.0       0.0       0.0       0.0       0.0       1.0       1.0       0.0       0.0       0.0       0.0       0.0       0.0       0.0       0.0       0.0       0.0       0.0       0.0       0.0       0.0       0.0       0.0       0.0       0.0       0.0       0.0       0.0       0.0       0.0       0.0       0.0       0.0       0.0       0.0       0.0       0.0
"Tonatia_saurophila"       0.0       0.0       0.0       1.0       0.0       0.0       0.0       0.0       0.0       0.0       0.0       0.0       2.0       0.0       0.0       0.0       0.0       0.0       0.0       0.0       0.0       0.0       0.0       0.0       0.0       0.0       0.0       0.0       0.0       0.0       0.0       0.0       0.0       0.0       0.0       0.0       0.0
"Chiroderma_trinita"       0.0       0.0      25.0       0.0       0.0       4.0       0.0       0.0       0.0       0.0       0.0       0.0       0.0       0.0       0.0       0.0       0.0       0.0       0.0       0.0       0.0       0.0       0.0       0.0       0.0       0.0       0.0       0.0       0.0       0.0       0.0       0.0       0.0       0.0       0.0       0.0       0.0
"Lonchophylla_boker"       0.0       1.0       0.0       0.0      13.0       0.0       0.0       0.0       0.0       0.0       0.0       0.0       0.0       0.0       0.0       0.0       0.0       0.0       0.0       0.0       0.0       0.0       0.0       0.0       0.0       0.0       0.0       0.0       0.0       0.0       0.0       0.0       0.0       0.0       0.0       0.0       0.0
"Lonchophylla_morda"       8.0       0.0       0.0       5.0       0.0       0.0       0.0       0.0       0.0       0.0       0.0       0.0       0.0       0.0       0.0       0.0       0.0       0.0       0.0       0.0       0.0       0.0       0.0       0.0       0.0       0.0       0.0       0.0       0.0       0.0       0.0       0.0       0.0       0.0       0.0       0.0       0.0
"Myotis_ruber"             0.0       0.0       0.0       0.0       0.0       0.0       0.0       0.0       0.0       0.0       0.0       0.0       0.0       0.0       0.0       0.0       0.0       0.0       3.0       0.0       2.0       0.0       0.0       0.0       0.0       0.0       0.0       0.0       0.0       0.0       0.0       0.0       0.0       0.0       0.0       0.0       0.0
"Lichonycteris_obsc"       0.0       0.0       0.0       0.0       0.0       0.0       1.0       0.0       0.0       0.0       0.0       0.0       0.0       0.0       0.0       0.0       0.0       0.0       0.0       0.0       0.0       0.0       0.0       0.0       0.0       0.0       0.0       0.0       0.0       0.0       0.0       0.0       0.0       0.0       0.0       0.0       0.0
"Natalus_stramineus"       0.0       0.0       0.0       0.0       0.0       0.0       0.0       0.0       0.0       0.0       0.0       1.0       0.0       0.0       0.0       0.0       0.0       0.0       0.0       0.0       0.0       0.0       0.0       0.0       0.0       0.0       0.0       0.0       0.0       0.0       0.0       0.0       0.0       0.0       0.0       0.0       0.0
"Noctilio_albiventr"       0.0       0.0       0.0       0.0       0.0       0.0       0.0       0.0       0.0       0.0       0.0       0.0       0.0       0.0       0.0       0.0       0.0       0.0       0.0       0.0       0.0       0.0       0.0       0.0       0.0       3.0       0.0       0.0       0.0       0.0       0.0       0.0       0.0       0.0       0.0       0.0       0.0
"Lonchophylla_dekey"       0.0       0.0       0.0       0.0       0.0       0.0       0.0       0.0       0.0       0.0       0.0      41.0       0.0       0.0       0.0       0.0       0.0       0.0       0.0       0.0       0.0       0.0       0.0       0.0       0.0       0.0       0.0       0.0       0.0       0.0       0.0       0.0       0.0       0.0       0.0       0.0       0.0
"Saccopteryx_leptur"       0.0       1.0       0.0       0.0       0.0       0.0       0.0       0.0       0.0       0.0       0.0       0.0       0.0       0.0       0.0       0.0       0.0       0.0       0.0       0.0       0.0       0.0       0.0       0.0       0.0       0.0       0.0       0.0       0.0       0.0       0.0       0.0       0.0       0.0       0.0       0.0       0.0
"Glyphonycteris_beh"       0.0       0.0       0.0       0.0       0.0       0.0       0.0       1.0       0.0       0.0       0.0       0.0       0.0       0.0       0.0       0.0       0.0       0.0       0.0       0.0       0.0       0.0       0.0       0.0       0.0       0.0       0.0       0.0       0.0       0.0       0.0       0.0       0.0       0.0       0.0       0.0       0.0
"Peropteryx_macroti"       0.0       0.0       0.0       0.0       1.0       0.0       0.0       0.0       0.0       0.0       0.0       0.0       0.0       0.0       0.0       0.0       0.0       0.0       0.0       0.0       0.0       0.0       0.0       0.0       0.0       0.0       0.0       0.0       0.0       0.0       0.0       0.0       0.0       0.0       0.0       0.0       0.0
"Molossops_neglectu"       0.0       0.0       0.0       0.0       0.0       0.0       0.0       0.0       0.0       0.0       0.0       0.0       0.0       0.0       0.0       0.0       0.0       0.0       0.0       0.0       0.0       0.0       0.0      13.0       0.0       0.0       0.0       0.0       0.0       0.0       0.0       0.0       0.0       0.0       0.0       0.0       0.0
"Lonchorhina_aurita"       0.0       0.0       0.0       0.0       0.0       0.0       0.0       0.0       0.0       0.0       0.0       0.0       0.0       0.0       0.0       0.0       0.0       0.0       0.0       0.0       0.0       0.0       0.0       0.0       0.0       0.0       0.0       2.0       0.0       0.0       0.0       0.0       0.0       0.0       0.0       0.0       0.0
"Phyllostomus_elong"       0.0       0.0       0.0       2.0       0.0       0.0       0.0       0.0       0.0       0.0       0.0       0.0       0.0       0.0       0.0       0.0       0.0       0.0       0.0       0.0       0.0       0.0       0.0       0.0       0.0       0.0       0.0       0.0       0.0       0.0       0.0       0.0       0.0       0.0       0.0       0.0       0.0
"Cynomops_abrasus"         0.0       2.0       0.0       0.0       0.0       0.0       0.0       0.0       0.0       0.0       0.0       0.0       0.0       0.0       0.0       0.0       0.0       0.0       0.0       0.0       0.0       0.0       0.0       0.0       0.0       0.0       0.0       0.0       0.0       0.0       0.0       0.0       0.0       0.0       0.0       0.0       0.0
"Trinycteris_nicefo"       7.0       0.0       0.0       0.0       0.0       0.0       0.0       0.0       0.0       0.0       0.0       0.0       0.0       0.0       0.0       0.0       0.0       0.0       0.0       0.0       0.0       0.0       0.0       0.0       0.0       0.0       0.0       0.0       0.0       0.0       0.0       0.0       0.0       0.0       0.0       0.0       0.0
"Eumops_patagonicus"       0.0       0.0       0.0       0.0       0.0       0.0       0.0       0.0       0.0       0.0       0.0       0.0       0.0       0.0       0.0       0.0       0.0       0.0       0.0       0.0       0.0       0.0      23.0       0.0       0.0       0.0       0.0       0.0       0.0       0.0       0.0       0.0       0.0       0.0       0.0       0.0       0.0
"Platyrrhinus_masu"        0.0       0.0      50.0       0.0       0.0       0.0       0.0       0.0       0.0       0.0       0.0       0.0       0.0       0.0       0.0       0.0       0.0       0.0       0.0       0.0       0.0       0.0       0.0       0.0       0.0       0.0       0.0       0.0       0.0       0.0       0.0       0.0       0.0       0.0       0.0       0.0       0.0
"Lasiurus_cinereus"        0.0       0.0       0.0       0.0       0.0       0.0       0.0       0.0       0.0       0.0       0.0       0.0       0.0       0.0       0.0       0.0       0.0       0.0       0.0       0.0       0.0       0.0       0.0       0.0       0.0       0.0       0.0       0.0       0.0      44.0       0.0       0.0       0.0       0.0       0.0       0.0       0.0
"Vampyressa_thyone"        0.0       0.0      48.0       0.0       0.0       0.0       0.0       0.0       0.0       0.0       0.0       0.0       0.0       0.0       0.0       0.0       0.0       0.0       0.0       0.0       0.0       0.0       0.0       0.0       0.0       0.0       0.0       0.0       0.0       0.0       0.0       0.0       0.0       0.0       0.0       0.0       0.0
"Eumops_perotis"           0.0       0.0       0.0       0.0       0.0       0.0       0.0       0.0       6.0       0.0       0.0       0.0       0.0       0.0       0.0       0.0       0.0       0.0       0.0       0.0       0.0       0.0       0.0       0.0       0.0       0.0       0.0       0.0       0.0       0.0       0.0       0.0       0.0       0.0       0.0       0.0       0.0
