<  File:  SBBats.txt     Species:  107 Sites:   37 MatFill: 0.15 Occ:    583 *****% Confidence limit  Index: c Model: fixed - fixed                      
 
#    No             Sp1                Sp2     S1  S2 Com  Obs.Score  Exp.Score  Exp.StDev   Skewness    LowerCL    UpperCL SigZ-Score      Alpha >MeanScore   >CLScore   >BJScore      Alpha
#    23 "Artibeus_lituratu "Eptesicus_furinal  33   7   5      0.242      0.045      0.062      0.984      0.000      0.117       3.20 0.00134319       0.00       0.00       2.49 0.01238466
#    27 "Artibeus_lituratu "Anoura_geoffroyi"  33   7   5      0.242      0.058      0.073      1.300      0.000      0.117       2.53 0.01105142       0.00       0.00       0.00 1.00000000
#    38 "Artibeus_lituratu "Sturnira_oporaphi  33   4   2      0.470      0.064      0.123      1.864      0.000      0.227       3.31 0.00090402       0.00       0.00       2.63 0.00833540
#    43 "Artibeus_lituratu "Promops_nasutus"   33   4   2      0.470      0.066      0.114      1.503      0.000      0.227       3.55 0.00037199       0.00       0.00       2.92 0.00342989
#    46 "Artibeus_lituratu "Sturnira_erythrom  33   3   1      0.646      0.088      0.162      1.739      0.000      0.313       3.44 0.00055456       0.00       0.00       2.79 0.00511324
#    73 "Artibeus_lituratu "Histiotus_macrotu  33   2   0      1.000      0.048      0.145      2.749      0.000      0.485       6.54 0.00000000       6.54       6.54       6.54 0.00000000
#    88 "Artibeus_lituratu "Eptesicus_andinus  33   1   0      1.000      0.030      0.171      5.680      0.000      0.000       5.69 0.00000000       5.69       5.69       5.69 0.00000000
#   102 "Artibeus_lituratu "Eumops_patagonicu  33   1   0      1.000      0.030      0.171      5.680      0.000      0.000       5.69 0.00000000       5.69       5.69       5.69 0.00000000
#   113 "Carollia_perspici "Anoura_caudifer"   30  17  17      0.000      0.080      0.039      0.284      0.027      0.133      -2.06 0.03902227       0.00       0.00       0.00 1.00000000
#   117 "Carollia_perspici "Molossus_molossus  30  12   8      0.244      0.099      0.064      1.166      0.000      0.175       2.27 0.02317238       0.00       0.00       0.00 1.00000000
#   136 "Carollia_perspici "Molossus_rufus"    30   5   2      0.560      0.110      0.137      1.184      0.000      0.360       3.29 0.00095373       0.00       0.00       2.61 0.00879374
#   148 "Carollia_perspici "Promops_nasutus"   30   4   1      0.725      0.110      0.155      1.423      0.000      0.467       3.96 0.00007141       0.00       0.00       3.39 0.00065839
#   173 "Carollia_perspici "Eumops_glaucinus"  30   2   0      1.000      0.097      0.206      1.990      0.000      0.483       4.37 0.00001150       4.37       4.37       3.86 0.00010607
#   178 "Carollia_perspici "Histiotus_macrotu  30   2   0      1.000      0.107      0.225      2.070      0.000      0.483       3.97 0.00006795       3.97       3.97       3.41 0.00062651
#   182 "Carollia_perspici "Tadarida_brasilie  30   2   0      1.000      0.102      0.222      2.170      0.000      0.483       4.04 0.00004947       4.04       4.04       3.49 0.00045615
#   218 "Sturnira_lilium"  "Phyllostomus_hast  29  14  14      0.000      0.098      0.056      0.466      0.039      0.187      -1.74 0.08127069       0.00       0.00       0.00 1.00000000
#   317 "Desmodus_rotundus "Glossophaga_soric  24  22  18      0.045      0.119      0.044      0.702      0.066      0.188      -1.67 0.09405088      -1.67       0.00       0.00 1.00000000
#   385 "Desmodus_rotundus "Histiotus_macrotu  24   2   0      1.000      0.202      0.258      0.801      0.000      0.479       3.10 0.00189328       3.10       3.10       2.37 0.01745669
#   425 "Platyrrhinus_line "Artibeus_planiros  23  12  11      0.043      0.197      0.085      0.815      0.094      0.370      -1.80 0.07106823      -1.80       0.00       0.00 1.00000000
#   447 "Platyrrhinus_line "Carollia_brevicau  23   5   1      0.765      0.231      0.189      0.735      0.000      0.548       2.82 0.00466734       0.00       0.00       2.02 0.04303443
#   449 "Platyrrhinus_line "Vampyrodes_caracc  23   5   1      0.765      0.239      0.200      0.644      0.000      0.548       2.63 0.00823826       0.00       0.00       1.77 0.07595944
#   451 "Platyrrhinus_line "Lophostoma_silvic  23   4   1      0.717      0.210      0.178      0.526      0.000      0.457       2.85 0.00421768       0.00       0.00       2.06 0.03888844
#   452 "Platyrrhinus_line "Sturnira_oporaphi  23   4   0      1.000      0.225      0.195      0.699      0.000      0.717       3.97 0.00006717       3.97       3.97       3.41 0.00061937
#   457 "Platyrrhinus_line "Promops_nasutus"   23   4   1      0.717      0.215      0.181      0.468      0.000      0.457       2.77 0.00539833       0.00       0.00       1.96 0.04977442
#   460 "Platyrrhinus_line "Sturnira_erythrom  23   3   0      1.000      0.262      0.239      0.742      0.000      0.638       3.09 0.00191051       3.09       0.00       2.37 0.01761551
#   467 "Platyrrhinus_line "Carollia_benkeith  23   3   0      1.000      0.259      0.240      0.755      0.000      0.638       3.09 0.00194341       3.09       0.00       2.36 0.01791888
#   475 "Platyrrhinus_line "Platyrrhinus_brac  23   2   0      1.000      0.250      0.279      0.658      0.000      0.478       2.69 0.00708830       2.69       0.00       1.84 0.06535650
#   479 "Platyrrhinus_line "Artibeus_glaucus"  23   2   0      1.000      0.221      0.269      0.780      0.000      0.478       2.89 0.00372487       2.89       2.89       2.11 0.03434456
#   484 "Platyrrhinus_line "Rhogeessa_io"      23   2   0      1.000      0.202      0.257      0.803      0.000      0.478       3.10 0.00185633       3.10       3.10       2.38 0.01711595
#   487 "Platyrrhinus_line "Histiotus_macrotu  23   2   0      1.000      0.193      0.266      1.054      0.000      0.478       3.04 0.00231153       3.04       3.04       2.30 0.02131305
#   526 "Glossophaga_soric "Artibeus_planiros  22  12  11      0.042      0.219      0.094      0.463      0.091      0.364      -1.87 0.06084859      -1.87       0.00       0.00 1.00000000
#   530 "Glossophaga_soric "Artibeus_jamaicen  22  10   4      0.491      0.229      0.101      0.308      0.127      0.386       2.60 0.00922585       0.00       0.00       1.72 0.08506534
#   542 "Glossophaga_soric "Anoura_geoffroyi"  22   7   7      0.000      0.262      0.136      0.457      0.104      0.494      -1.92 0.05446339       0.00       0.00       0.00 1.00000000
#   588 "Glossophaga_soric "Histiotus_macrotu  22   2   0      1.000      0.283      0.275      0.404      0.000      0.477       2.60 0.00908583       2.60       0.00       1.73 0.08377440
#   645 "Myotis_nigricans" "Diphylla_ecaudata  20   6   1      0.792      0.248      0.147      0.875      0.000      0.600       3.69 0.00021499       0.00       0.00       3.08 0.00198232
#   653 "Myotis_nigricans" "Sturnira_oporaphi  20   4   0      1.000      0.345      0.215      0.231      0.000      0.712       3.05 0.00221187       3.05       0.00       2.31 0.02039416
#   661 "Myotis_nigricans" "Sturnira_erythrom  20   3   0      1.000      0.312      0.236      0.280      0.000      0.633       2.91 0.00353557       2.91       0.00       2.13 0.03259911
#   722 "Artibeus_fimbriat "Anoura_caudifer"   17  17   5      0.498      0.231      0.082      0.444      0.125      0.346       3.24 0.00113821       0.00       0.00       2.55 0.01049468
#   731 "Artibeus_fimbriat "Platyrrhinus_reci  17   9   9      0.000      0.320      0.127      0.225      0.131      0.549      -2.53 0.01121700       0.00       0.00       0.00 1.00000000
#   748 "Artibeus_fimbriat "Platyrrhinus_hell  17   5   0      1.000      0.380      0.199      0.446      0.153      0.753       3.12 0.00173551       3.12       0.00       2.40 0.01600196
#   752 "Artibeus_fimbriat "Sturnira_oporaphi  17   4   0      1.000      0.367      0.212      0.374      0.000      0.706       2.99 0.00270355       2.99       0.00       2.24 0.02492760
#   756 "Artibeus_fimbriat "Molossops_temminc  17   4   0      1.000      0.424      0.231      0.387      0.000      0.706       2.49 0.01247609       0.00       0.00       0.00 1.00000000
#   827 "Anoura_caudifer"  "Artibeus_jamaicen  17  10   2      0.706      0.326      0.122      0.782      0.176      0.576       3.12 0.00177294       0.00       0.00       2.40 0.01634710
#   834 "Anoura_caudifer"  "Lasiurus_blossevi  17   8   1      0.824      0.329      0.156      0.680      0.162      0.662       3.16 0.00151998       0.00       0.00       2.45 0.01401470
#   845 "Anoura_caudifer"  "Carollia_brevicau  17   5   1      0.753      0.344      0.179      0.531      0.153      0.529       2.29 0.02172983       0.00       0.00       0.00 1.00000000
#   855 "Anoura_caudifer"  "Promops_nasutus"   17   4   0      1.000      0.390      0.231      0.410      0.000      0.706       2.64 0.00813645       0.00       0.00       1.78 0.07502078
#   857 "Anoura_caudifer"  "Micronycteris_sch  17   3   0      1.000      0.341      0.258      0.500      0.000      0.627       2.55 0.01043820       2.55       0.00       1.66 0.09624369
#   858 "Anoura_caudifer"  "Sturnira_erythrom  17   3   0      1.000      0.353      0.272      0.181      0.000      0.627       2.38 0.01689225       2.38       0.00       0.00 1.00000000
#   939 "Phyllostomus_hast "Diphylla_ecaudata  14   6   6      0.000      0.394      0.178      0.124      0.107      0.774      -2.22 0.02639192       0.00       0.00       0.00 1.00000000
#   945 "Phyllostomus_hast "Histiotus_velatus  14   4   0      1.000      0.444      0.210      0.172      0.196      0.696       2.65 0.00791734       0.00       0.00       1.79 0.07300054
#   952 "Phyllostomus_hast "Promops_nasutus"   14   4   0      1.000      0.396      0.234      0.280      0.000      0.696       2.59 0.00952268       0.00       0.00       1.71 0.08780222
#  1021 "Artibeus_obscurus "Chiroderma_villos  13   9   7      0.103      0.377      0.142      0.576      0.179      0.658      -1.94 0.05219775       0.00       0.00       0.00 1.00000000
#  1028 "Artibeus_obscurus "Eptesicus_furinal  13   7   0      1.000      0.432      0.173      0.207      0.176      0.791       3.28 0.00100368       0.00       0.00       2.60 0.00925429
#  1042 "Artibeus_obscurus "Lophostoma_silvic  13   4   4      0.000      0.467      0.252      0.466      0.192      1.000      -1.85 0.06343323       0.00       0.00       0.00 1.00000000
#  1046 "Artibeus_obscurus "Uroderma_bilobatu  13   4   4      0.000      0.486      0.243      0.342      0.192      1.000      -2.00 0.04521054       0.00       0.00       0.00 1.00000000
#  1115 "Artibeus_planiros "Artibeus_jamaicen  12  10   0      1.000      0.422      0.142      0.316      0.200      0.667       4.08 0.00004256       0.00       0.00       3.53 0.00039240
#  1120 "Artibeus_planiros "Pygoderma_bilabia  12   8   1      0.802      0.447      0.165      0.419      0.219      0.625       2.14 0.03165174       0.00       0.00       0.00 1.00000000
#  1124 "Artibeus_planiros "Chiroderma_doriae  12   7   6      0.071      0.449      0.183      0.277      0.167      0.786      -2.06 0.03866082       0.00       0.00       0.00 1.00000000
#  1133 "Artibeus_planiros "Carollia_brevicau  12   5   0      1.000      0.485      0.212      0.089      0.133      0.733       2.43 0.01475537       0.00       0.00       0.00 1.00000000
#  1208 "Molossus_molossus "Chrotopterus_auri  12  11   0      1.000      0.397      0.166      0.484      0.152      0.682       3.63 0.00027388       0.00       0.00       3.01 0.00252529
#  1209 "Molossus_molossus "Artibeus_jamaicen  12  10   1      0.825      0.414      0.139      0.361      0.200      0.667       2.95 0.00310487       0.00       0.00       2.18 0.02862789
#  1212 "Molossus_molossus "Lasiurus_ega"      12   9   7      0.093      0.427      0.166      0.110      0.167      0.648      -2.02 0.04334950       0.00       0.00       0.00 1.00000000
#  1213 "Molossus_molossus "Vampyressa_pusill  12   9   1      0.815      0.437      0.153     -0.065      0.167      0.648       2.46 0.01357788       0.00       0.00       0.00 1.00000000
#  1219 "Molossus_molossus "Noctilio_leporinu  12   7   6      0.071      0.467      0.179      0.459      0.167      0.786      -2.21 0.02690601       0.00       0.00       0.00 1.00000000
#  1225 "Molossus_molossus "Molossus_rufus"    12   5   5      0.000      0.466      0.219      0.227      0.133      0.733      -2.13 0.03313202       0.00       0.00       0.00 1.00000000
#  1228 "Molossus_molossus "Platyrrhinus_hell  12   5   0      1.000      0.470      0.213      0.543      0.133      0.733       2.49 0.01246363       0.00       0.00       0.00 1.00000000
#  1237 "Molossus_molossus "Promops_nasutus"   12   4   4      0.000      0.493      0.251      0.195      0.188      1.000      -1.96 0.04972672       0.00       0.00       0.00 1.00000000
#  1321 "Micronycteris_meg "Platyrrhinus_hell  11   5   0      1.000      0.497      0.220      0.255      0.127      0.727       2.29 0.02181482       0.00       0.00       0.00 1.00000000
#  1404 "Chrotopterus_auri "Noctilio_leporinu  11   7   0      1.000      0.459      0.190      0.480      0.156      0.779       2.85 0.00425488       0.00       0.00       2.06 0.03923138
#  1407 "Chrotopterus_auri "Artibeus_cinereus  11   6   5      0.091      0.510      0.191      0.596      0.212      0.758      -2.20 0.02763349       0.00       0.00       0.00 1.00000000
#  1491 "Artibeus_jamaicen "Myotis_riparius"   10   8   0      1.000      0.448      0.191      0.820      0.188      0.788       2.89 0.00378412       0.00       0.00       2.11 0.03489084
#  1494 "Artibeus_jamaicen "Chiroderma_doriae  10   7   0      1.000      0.502      0.201      0.410      0.257      0.771       2.47 0.01318258       0.00       0.00       0.00 1.00000000
#  1495 "Artibeus_jamaicen "Noctilio_leporinu  10   7   0      1.000      0.474      0.186      0.472      0.257      0.771       2.83 0.00447673       0.00       0.00       2.04 0.04127689
#  1502 "Artibeus_jamaicen "Tonatia_bidens"    10   5   0      1.000      0.533      0.195      0.155      0.280      0.720       2.39 0.01650631       0.00       0.00       0.00 1.00000000
#  1503 "Artibeus_jamaicen "Carollia_brevicau  10   5   5      0.000      0.506      0.204      0.349      0.280      0.720      -2.48 0.01290464       0.00       0.00       0.00 1.00000000
#  1505 "Artibeus_jamaicen "Vampyrodes_caracc  10   5   4      0.120      0.546      0.230      0.178      0.280      1.000      -1.85 0.06393367       0.00       0.00       0.00 1.00000000
#  1507 "Artibeus_jamaicen "Lophostoma_silvic  10   4   4      0.000      0.566      0.218      0.173      0.175      1.000      -2.59 0.00933844       0.00       0.00      -1.71 0.08610349
#  1511 "Artibeus_jamaicen "Uroderma_bilobatu  10   4   4      0.000      0.566      0.236      0.233      0.175      1.000      -2.40 0.01634359       0.00       0.00       0.00 1.00000000
#  1580 "Chiroderma_villos "Pygoderma_bilabia   9   8   0      1.000      0.468      0.206      0.518      0.167      0.778       2.58 0.00955206       0.00       0.00       1.70 0.08807316
#  1583 "Chiroderma_villos "Eptesicus_furinal   9   7   0      1.000      0.499      0.194      0.367      0.238      0.762       2.58 0.00972402       0.00       0.00       1.70 0.08965869
#  1605 "Chiroderma_villos "Micronycteris_sch   9   3   3      0.000      0.597      0.285      0.040      0.259      1.000      -2.09 0.03600168       0.00       0.00       0.00 1.00000000
#  1670 "Platyrrhinus_reci "Myotis_riparius"    9   8   5      0.167      0.494      0.173      0.452      0.278      0.778      -1.89 0.05863410       0.00       0.00       0.00 1.00000000
#  1678 "Platyrrhinus_reci "Trachops_cirrhosu   9   6   5      0.074      0.559      0.217      0.062      0.185      1.000      -2.23 0.02521181       0.00       0.00       0.00 1.00000000
#  1694 "Platyrrhinus_reci "Micronycteris_sch   9   3   3      0.000      0.564      0.282      0.196      0.259      1.000      -2.00 0.04509419       0.00       0.00       0.00 1.00000000
#  1936 "Pygoderma_bilabia "Phyllostomus_disc   8   7   0      1.000      0.527      0.201      0.187      0.214      0.750       2.35 0.01828611       0.00       0.00       0.00 1.00000000
#  2017 "Myotis_riparius"  "Lasiurus_blossevi   8   8   5      0.141      0.515      0.194      0.184      0.250      0.766      -1.93 0.05307543       0.00       0.00       0.00 1.00000000
#  2020 "Myotis_riparius"  "Noctilio_leporinu   8   7   5      0.107      0.545      0.209      0.400      0.214      1.000      -2.09 0.03606391       0.00       0.00       0.00 1.00000000
#  2198 "Eptesicus_furinal "Histiotus_velatus   7   4   3      0.143      0.679      0.275     -0.247      0.357      1.000      -1.95 0.05082339       0.00       0.00       0.00 1.00000000
#  2230 "Eptesicus_furinal "Eumops_glaucinus"   7   2   2      0.000      0.647      0.314     -0.021      0.429      1.000      -2.06 0.03894335       0.00       0.00       0.00 1.00000000
#  2433 "Phyllostomus_disc "Artibeus_cinereus   7   6   4      0.143      0.550      0.219      0.211      0.286      1.000      -1.86 0.06234938       0.00       0.00       0.00 1.00000000
#  2562 "Anoura_geoffroyi" "Diaemus_youngi"     7   2   2      0.000      0.716      0.321     -0.487      0.429      1.000      -2.23 0.02549428       0.00       0.00       0.00 1.00000000
#  2591 "Artibeus_cinereus "Trachops_cirrhosu   6   6   4      0.111      0.613      0.255      0.004      0.250      1.000      -1.97 0.04840910       0.00       0.00       0.00 1.00000000
#  2612 "Artibeus_cinereus "Lophostoma_brasil   6   3   3      0.000      0.687      0.296     -0.225      0.222      1.000      -2.32 0.02017683       0.00       0.00       0.00 1.00000000
#  2618 "Artibeus_cinereus "Artibeus_gnomus"    6   2   2      0.000      0.727      0.318     -0.505      0.417      1.000      -2.28 0.02221107       0.00       0.00       0.00 1.00000000
#  2626 "Artibeus_cinereus "Micronycteris_mic   6   2   2      0.000      0.764      0.300     -0.625      0.417      1.000      -2.54 0.01078135       0.00       0.00      -1.65 0.09940759
#  2629 "Artibeus_cinereus "Pteronotus_parnel   6   2   2      0.000      0.731      0.312     -0.460      0.417      1.000      -2.35 0.01872522       0.00       0.00       0.00 1.00000000
#  2633 "Artibeus_cinereus "Saccopteryx_bilin   6   2   2      0.000      0.719      0.312     -0.376      0.417      1.000      -2.30 0.02096450       0.00       0.00       0.00 1.00000000
#  2645 "Artibeus_cinereus "Lonchophylla_mord   6   2   2      0.000      0.693      0.298     -0.003      0.417      1.000      -2.32 0.01999420       0.00       0.00       0.00 1.00000000
#  2678 "Trachops_cirrhosu "Eptesicus_brasili   6   4   3      0.125      0.693      0.253     -0.072      0.333      1.000      -2.24 0.02462292       0.00       0.00       0.00 1.00000000
#  2695 "Trachops_cirrhosu "Artibeus_gnomus"    6   2   2      0.000      0.728      0.325     -0.583      0.417      1.000      -2.24 0.02465278       0.00       0.00       0.00 1.00000000
#  2697 "Trachops_cirrhosu "Phylloderma_steno   6   2   2      0.000      0.748      0.310     -0.590      0.417      1.000      -2.42 0.01546723       0.00       0.00       0.00 1.00000000
#  2703 "Trachops_cirrhosu "Micronycteris_mic   6   2   2      0.000      0.779      0.311     -0.915      0.417      1.000      -2.51 0.01201719       0.00       0.00       0.00 1.00000000
#  2708 "Trachops_cirrhosu "Rhinophylla_pumil   6   2   2      0.000      0.770      0.299     -0.671      0.417      1.000      -2.57 0.00990570       0.00       0.00      -1.69 0.09133379
#  2770 "Diphylla_ecaudata "Enchisthenes_hart   6   2   2      0.000      0.703      0.319     -0.340      0.417      1.000      -2.21 0.02713335       0.00       0.00       0.00 1.00000000
#  2838 "Molossus_rufus"   "Nyctinomops_latic   5   3   3      0.000      0.731      0.292     -0.455      0.200      1.000      -2.51 0.01201141       0.00       0.00       0.00 1.00000000
#  2847 "Molossus_rufus"   "Nyctinomops_macro   5   2   2      0.000      0.776      0.323     -0.961      0.400      1.000      -2.40 0.01598597       0.00       0.00       0.00 1.00000000
#  2867 "Molossus_rufus"   "Tadarida_brasilie   5   2   2      0.000      0.728      0.312     -0.383      0.400      1.000      -2.33 0.01928592       0.00       0.00       0.00 1.00000000
#  2868 "Molossus_rufus"   "Diaemus_youngi"     5   2   2      0.000      0.760      0.314     -0.699      0.400      1.000      -2.42 0.01516253       0.00       0.00       0.00 1.00000000
#  2872 "Molossus_rufus"   "Lonchophylla_boke   5   2   2      0.000      0.680      0.331     -0.262      0.400      1.000      -2.05 0.03965175       0.00       0.00       0.00 1.00000000
#  2942 "Tonatia_bidens"   "Diaemus_youngi"     5   2   2      0.000      0.766      0.312     -0.746      0.400      1.000      -2.45 0.01400125       0.00       0.00       0.00 1.00000000
#  2946 "Tonatia_bidens"   "Lonchophylla_boke   5   2   2      0.000      0.758      0.327     -0.815      0.400      1.000      -2.32 0.02000678       0.00       0.00       0.00 1.00000000
#  2972 "Carollia_brevicau "Vampyrodes_caracc   5   5   4      0.040      0.644      0.243      0.030      0.360      1.000      -2.48 0.01279241      -2.48      -2.48       0.00 1.00000000
#  2974 "Carollia_brevicau "Lophostoma_silvic   5   4   4      0.000      0.698      0.265     -0.253      0.300      1.000      -2.63 0.00834292       0.00       0.00      -1.77 0.07692450
#  2975 "Carollia_brevicau "Sturnira_oporaphi   5   4   3      0.100      0.725      0.285     -0.465      0.300      1.000      -2.19 0.02825338      -2.19       0.00       0.00 1.00000000
#  2978 "Carollia_brevicau "Uroderma_bilobatu   5   4   4      0.000      0.740      0.248     -0.249      0.300      1.000      -2.98 0.00278038       0.00       0.00      -2.23 0.02563600
#  2981 "Carollia_brevicau "Choeroniscus_mino   5   3   3      0.000      0.691      0.275     -0.086      0.200      1.000      -2.52 0.01162219       0.00       0.00       0.00 1.00000000
#  2990 "Carollia_brevicau "Carollia_benkeith   5   3   3      0.000      0.713      0.284     -0.330      0.200      1.000      -2.51 0.01198965       0.00       0.00       0.00 1.00000000
#  2992 "Carollia_brevicau "Enchisthenes_hart   5   2   2      0.000      0.750      0.302     -0.452      0.400      1.000      -2.48 0.01293701       0.00       0.00       0.00 1.00000000
#  2993 "Carollia_brevicau "Artibeus_gnomus"    5   2   2      0.000      0.744      0.323     -0.647      0.400      1.000      -2.31 0.02081984       0.00       0.00       0.00 1.00000000
#  2997 "Carollia_brevicau "Micronycteris_hir   5   2   2      0.000      0.716      0.313     -0.299      0.400      1.000      -2.29 0.02173507       0.00       0.00       0.00 1.00000000
#  2998 "Carollia_brevicau "Platyrrhinus_brac   5   2   2      0.000      0.780      0.316     -0.932      0.400      1.000      -2.47 0.01322907       0.00       0.00       0.00 1.00000000
#  2999 "Carollia_brevicau "Artibeus_andersen   5   2   2      0.000      0.768      0.318     -0.833      0.400      1.000      -2.41 0.01561910       0.00       0.00       0.00 1.00000000
#  3000 "Carollia_brevicau "Platyrrhinus_infu   5   2   2      0.000      0.786      0.314     -0.983      0.400      1.000      -2.50 0.01209641       0.00       0.00       0.00 1.00000000
#  3006 "Carollia_brevicau "Rhinophylla_pumil   5   2   2      0.000      0.780      0.316     -0.932      0.400      1.000      -2.47 0.01322919       0.00       0.00       0.00 1.00000000
#  3008 "Carollia_brevicau "Saccopteryx_bilin   5   2   2      0.000      0.748      0.316     -0.607      0.400      1.000      -2.37 0.01758206       0.00       0.00       0.00 1.00000000
#  3011 "Carollia_brevicau "Sturnira_magna"     5   2   2      0.000      0.752      0.309     -0.558      0.400      1.000      -2.44 0.01461452       0.00       0.00       0.00 1.00000000
#  3012 "Carollia_brevicau "Chiroderma_salvin   5   2   2      0.000      0.730      0.318     -0.475      0.400      1.000      -2.30 0.02140856       0.00       0.00       0.00 1.00000000
#  3013 "Carollia_brevicau "Sturnira_tildae"    5   2   2      0.000      0.724      0.318     -0.433      0.400      1.000      -2.27 0.02272397       0.00       0.00       0.00 1.00000000
#  3017 "Carollia_brevicau "Myotis_keaysi"      5   2   2      0.000      0.714      0.325     -0.431      0.400      1.000      -2.20 0.02786028       0.00       0.00       0.00 1.00000000
#  3018 "Carollia_brevicau "Chiroderma_trinit   5   2   2      0.000      0.728      0.330     -0.590      0.400      1.000      -2.20 0.02730715       0.00       0.00       0.00 1.00000000
#  3020 "Carollia_brevicau "Lonchophylla_mord   5   2   2      0.000      0.764      0.306     -0.649      0.400      1.000      -2.49 0.01244259       0.00       0.00       0.00 1.00000000
#  3051 "Platyrrhinus_hell "Molossops_temminc   5   4   3      0.100      0.718      0.263     -0.259      0.300      1.000      -2.35 0.01861501       0.00       0.00       0.00 1.00000000
#  3064 "Platyrrhinus_hell "Enchisthenes_hart   5   2   2      0.000      0.740      0.329     -0.678      0.400      1.000      -2.25 0.02431560       0.00       0.00       0.00 1.00000000
#  3070 "Platyrrhinus_hell "Platyrrhinus_brac   5   2   2      0.000      0.818      0.290     -1.116      0.400      1.000      -2.82 0.00466150       0.00       0.00      -2.02 0.04298058
#  3074 "Platyrrhinus_hell "Artibeus_glaucus"   5   2   2      0.000      0.768      0.318     -0.833      0.400      1.000      -2.41 0.01561898       0.00       0.00       0.00 1.00000000
#  3076 "Platyrrhinus_hell "Pteronotus_parnel   5   2   2      0.000      0.718      0.319     -0.390      0.400      1.000      -2.25 0.02405375       0.00       0.00       0.00 1.00000000
#  3084 "Platyrrhinus_hell "Chiroderma_salvin   5   2   2      0.000      0.804      0.288     -0.882      0.400      1.000      -2.79 0.00517625       0.00       0.00      -1.98 0.04772670
#  3117 "Vampyrodes_caracc "Lophostoma_silvic   5   4   3      0.100      0.736      0.230     -0.049      0.300      1.000      -2.77 0.00546229      -2.77       0.00      -1.95 0.05036411
#  3118 "Vampyrodes_caracc "Sturnira_oporaphi   5   4   3      0.100      0.691      0.261     -0.202      0.300      1.000      -2.27 0.02316648       0.00       0.00       0.00 1.00000000
#  3121 "Vampyrodes_caracc "Uroderma_bilobatu   5   4   3      0.100      0.675      0.266     -0.034      0.300      1.000      -2.16 0.03048050       0.00       0.00       0.00 1.00000000
#  3133 "Vampyrodes_caracc "Carollia_benkeith   5   3   3      0.000      0.697      0.276     -0.183      0.200      1.000      -2.52 0.01137930       0.00       0.00       0.00 1.00000000
#  3135 "Vampyrodes_caracc "Enchisthenes_hart   5   2   2      0.000      0.750      0.322     -0.692      0.400      1.000      -2.33 0.01947439       0.00       0.00       0.00 1.00000000
#  3141 "Vampyrodes_caracc "Platyrrhinus_brac   5   2   2      0.000      0.758      0.327     -0.815      0.400      1.000      -2.32 0.02000672       0.00       0.00       0.00 1.00000000
#  3143 "Vampyrodes_caracc "Platyrrhinus_infu   5   2   2      0.000      0.726      0.325     -0.515      0.400      1.000      -2.24 0.02499461       0.00       0.00       0.00 1.00000000
#  3145 "Vampyrodes_caracc "Artibeus_glaucus"   5   2   2      0.000      0.740      0.329     -0.678      0.400      1.000      -2.25 0.02431577       0.00       0.00       0.00 1.00000000
#  3154 "Vampyrodes_caracc "Sturnira_magna"     5   2   2      0.000      0.776      0.304     -0.744      0.400      1.000      -2.56 0.01041049       0.00       0.00      -1.66 0.09598814
#  3161 "Vampyrodes_caracc "Chiroderma_trinit   5   2   2      0.000      0.770      0.305     -0.696      0.400      1.000      -2.52 0.01140779       0.00       0.00       0.00 1.00000000
#  3260 "Lophostoma_silvic "Uroderma_bilobatu   4   4   4      0.000      0.753      0.261     -0.393      0.250      1.000      -2.88 0.00380731       0.00       0.00      -2.10 0.03510462
#  3263 "Lophostoma_silvic "Choeroniscus_mino   4   3   2      0.167      0.783      0.259     -0.469      0.500      1.000      -2.38 0.01690423       0.00       0.00       0.00 1.00000000
#  3264 "Lophostoma_silvic "Micronycteris_sch   4   3   2      0.167      0.693      0.271      0.051      0.500      1.000      -1.95 0.05121541       0.00       0.00       0.00 1.00000000
#  3274 "Lophostoma_silvic "Enchisthenes_hart   4   2   2      0.000      0.871      0.260     -1.648      0.375      1.000      -3.35 0.00077522      -3.35       0.00      -2.68 0.00714777
#  3275 "Lophostoma_silvic "Artibeus_gnomus"    4   2   2      0.000      0.762      0.333     -0.864      0.375      1.000      -2.29 0.02169341       0.00       0.00       0.00 1.00000000
#  3279 "Lophostoma_silvic "Micronycteris_hir   4   2   2      0.000      0.779      0.323     -0.940      0.375      1.000      -2.41 0.01566720       0.00       0.00       0.00 1.00000000
#  3280 "Lophostoma_silvic "Platyrrhinus_brac   4   2   2      0.000      0.805      0.302     -1.027      0.375      1.000      -2.66 0.00756741       0.00       0.00      -1.81 0.06977399
#  3282 "Lophostoma_silvic "Platyrrhinus_infu   4   2   2      0.000      0.859      0.268     -1.486      0.375      1.000      -3.20 0.00133008      -3.20       0.00      -2.50 0.01226376
#  3284 "Lophostoma_silvic "Artibeus_glaucus"   4   2   2      0.000      0.840      0.280     -1.273      0.375      1.000      -3.00 0.00257450       0.00       0.00      -2.26 0.02373777
#  3288 "Lophostoma_silvic "Rhinophylla_pumil   4   2   2      0.000      0.783      0.316     -0.907      0.375      1.000      -2.48 0.01306492       0.00       0.00       0.00 1.00000000
#  3290 "Lophostoma_silvic "Saccopteryx_bilin   4   2   2      0.000      0.836      0.288     -1.334      0.375      1.000      -2.90 0.00360119       0.00       0.00      -2.13 0.03320419
#  3294 "Lophostoma_silvic "Chiroderma_salvin   4   2   2      0.000      0.826      0.299     -1.312      0.375      1.000      -2.76 0.00564909       0.00       0.00      -1.94 0.05208648
#  3302 "Lophostoma_silvic "Lonchophylla_mord   4   2   2      0.000      0.761      0.316     -0.668      0.375      1.000      -2.41 0.01567966       0.00       0.00       0.00 1.00000000
#  3333 "Sturnira_oporaphi "Sturnira_erythrom   4   3   3      0.000      0.747      0.289     -0.569      0.167      1.000      -2.58 0.00962031       0.00       0.00      -1.70 0.08870243
#  3340 "Sturnira_oporaphi "Carollia_benkeith   4   3   3      0.000      0.765      0.295     -0.703      0.167      1.000      -2.59 0.00942230       0.00       0.00      -1.71 0.08687674
#  3342 "Sturnira_oporaphi "Enchisthenes_hart   4   2   2      0.000      0.816      0.310     -1.280      0.375      1.000      -2.63 0.00827873       0.00       0.00      -1.77 0.07633261
#  3348 "Sturnira_oporaphi "Platyrrhinus_brac   4   2   2      0.000      0.805      0.302     -1.027      0.375      1.000      -2.66 0.00756741       0.00       0.00      -1.81 0.06977399
#  3349 "Sturnira_oporaphi "Artibeus_andersen   4   2   2      0.000      0.799      0.305     -0.971      0.375      1.000      -2.62 0.00855416       0.00       0.00      -1.76 0.07887219
#  3350 "Sturnira_oporaphi "Platyrrhinus_infu   4   2   2      0.000      0.819      0.284     -0.954      0.375      1.000      -2.89 0.00378120       0.00       0.00      -2.11 0.03486391
#  3352 "Sturnira_oporaphi "Artibeus_glaucus"   4   2   2      0.000      0.755      0.317     -0.622      0.375      1.000      -2.38 0.01704311       0.00       0.00       0.00 1.00000000
#  3357 "Sturnira_oporaphi "Rhogeessa_io"       4   2   2      0.000      0.794      0.294     -0.745      0.375      1.000      -2.70 0.00675845       0.00       0.00      -1.86 0.06231516
#  3361 "Sturnira_oporaphi "Sturnira_magna"     4   2   2      0.000      0.809      0.294     -0.971      0.375      1.000      -2.75 0.00587791       0.00       0.00      -1.92 0.05419629
#  3362 "Sturnira_oporaphi "Chiroderma_salvin   4   2   2      0.000      0.817      0.297     -1.143      0.375      1.000      -2.75 0.00578445       0.00       0.00      -1.93 0.05333456
#  3367 "Sturnira_oporaphi "Myotis_keaysi"      4   2   2      0.000      0.859      0.268     -1.486      0.375      1.000      -3.20 0.00133008      -3.20       0.00      -2.50 0.01226376
#  3368 "Sturnira_oporaphi "Chiroderma_trinit   4   2   2      0.000      0.789      0.314     -0.960      0.375      1.000      -2.51 0.01181966       0.00       0.00       0.00 1.00000000
#  3399 "Eptesicus_brasili "Micronycteris_sch   4   3   2      0.167      0.760      0.266     -0.348      0.500      1.000      -2.23 0.02539533       0.00       0.00       0.00 1.00000000
#  3410 "Eptesicus_brasili "Artibeus_gnomus"    4   2   2      0.000      0.839      0.293     -1.448      0.375      1.000      -2.86 0.00412655       0.00       0.00      -2.07 0.03804814
#  3414 "Eptesicus_brasili "Micronycteris_hir   4   2   2      0.000      0.755      0.317     -0.622      0.375      1.000      -2.38 0.01704311       0.00       0.00       0.00 1.00000000
#  3423 "Eptesicus_brasili "Rhinophylla_pumil   4   2   2      0.000      0.827      0.286     -1.146      0.375      1.000      -2.89 0.00370669       0.00       0.00      -2.11 0.03417694
#  3425 "Eptesicus_brasili "Saccopteryx_bilin   4   2   2      0.000      0.811      0.300     -1.084      0.375      1.000      -2.71 0.00664371       0.00       0.00      -1.87 0.06125723
#  3437 "Eptesicus_brasili "Lonchophylla_mord   4   2   2      0.000      0.855      0.278     -1.552      0.375      1.000      -3.08 0.00200617      -3.08       0.00      -2.35 0.01849758
#  3467 "Micronycteris_min "Mimon_bennettii"    4   3   2      0.167      0.768      0.276     -0.548      0.500      1.000      -2.18 0.02882934       0.00       0.00       0.00 1.00000000
#  3529 "Uroderma_bilobatu "Choeroniscus_mino   4   3   2      0.167      0.748      0.276     -0.382      0.500      1.000      -2.10 0.03501219       0.00       0.00       0.00 1.00000000
#  3530 "Uroderma_bilobatu "Micronycteris_sch   4   3   2      0.167      0.778      0.275     -0.634      0.500      1.000      -2.22 0.02580202       0.00       0.00       0.00 1.00000000
#  3540 "Uroderma_bilobatu "Enchisthenes_hart   4   2   2      0.000      0.798      0.317     -1.102      0.375      1.000      -2.51 0.01169407       0.00       0.00       0.00 1.00000000
#  3541 "Uroderma_bilobatu "Artibeus_gnomus"    4   2   2      0.000      0.821      0.289     -1.086      0.375      1.000      -2.84 0.00436723       0.00       0.00      -2.05 0.04026733
#  3545 "Uroderma_bilobatu "Micronycteris_hir   4   2   2      0.000      0.795      0.312     -1.014      0.375      1.000      -2.55 0.01063275       0.00       0.00      -1.65 0.09803750
#  3546 "Uroderma_bilobatu "Platyrrhinus_brac   4   2   2      0.000      0.748      0.330     -0.695      0.375      1.000      -2.26 0.02332062       0.00       0.00       0.00 1.00000000
#  3548 "Uroderma_bilobatu "Platyrrhinus_infu   4   2   2      0.000      0.801      0.310     -1.069      0.375      1.000      -2.59 0.00950658       0.00       0.00      -1.71 0.08765384
#  3550 "Uroderma_bilobatu "Artibeus_glaucus"   4   2   2      0.000      0.738      0.338     -0.676      0.375      1.000      -2.19 0.02857494       0.00       0.00       0.00 1.00000000
#  3554 "Uroderma_bilobatu "Rhinophylla_pumil   4   2   2      0.000      0.796      0.299     -0.864      0.375      1.000      -2.66 0.00763685       0.00       0.00      -1.81 0.07041424
#  3556 "Uroderma_bilobatu "Saccopteryx_bilin   4   2   2      0.000      0.834      0.283     -1.208      0.375      1.000      -2.95 0.00310934       0.00       0.00      -2.18 0.02866911
#  3560 "Uroderma_bilobatu "Chiroderma_salvin   4   2   2      0.000      0.771      0.307     -0.665      0.375      1.000      -2.51 0.01184970       0.00       0.00       0.00 1.00000000
#  3568 "Uroderma_bilobatu "Lonchophylla_mord   4   2   2      0.000      0.706      0.341     -0.459      0.375      1.000      -2.07 0.03784037       0.00       0.00       0.00 1.00000000
#  3616 "Molossops_temminc "Pteronotus_parnel   4   2   2      0.000      0.798      0.317     -1.102      0.375      1.000      -2.51 0.01169407       0.00       0.00       0.00 1.00000000
#  3689 "Promops_nasutus"  "Tadarida_brasilie   4   2   2      0.000      0.776      0.318     -0.856      0.375      1.000      -2.44 0.01436573       0.00       0.00       0.00 1.00000000
#  3720 "Choeroniscus_mino "Sturnira_erythrom   3   3   2      0.111      0.779      0.288     -0.662      0.444      1.000      -2.32 0.02006519      -2.32       0.00       0.00 1.00000000
#  3727 "Choeroniscus_mino "Carollia_benkeith   3   3   2      0.111      0.794      0.295     -0.914      0.444      1.000      -2.32 0.02007723      -2.32      -2.32       0.00 1.00000000
#  3744 "Choeroniscus_mino "Rhogeessa_io"       3   2   2      0.000      0.820      0.307     -1.224      0.333      1.000      -2.67 0.00740272       0.00       0.00      -1.82 0.06825551
#  3750 "Choeroniscus_mino "Sturnira_tildae"    3   2   2      0.000      0.850      0.296     -1.616      0.333      1.000      -2.87 0.00394756      -2.87       0.00      -2.09 0.03639777
#  3755 "Choeroniscus_mino "Chiroderma_trinit   3   2   2      0.000      0.863      0.275     -1.615      0.333      1.000      -3.14 0.00165009      -3.14       0.00      -2.42 0.01521442
#  3785 "Micronycteris_sch "Lophostoma_brasil   3   3   2      0.111      0.773      0.289     -0.616      0.444      1.000      -2.29 0.02159780      -2.29       0.00       0.00 1.00000000
#  3791 "Micronycteris_sch "Artibeus_gnomus"    3   2   2      0.000      0.790      0.315     -0.894      0.333      1.000      -2.51 0.01193368       0.00       0.00       0.00 1.00000000
#  3795 "Micronycteris_sch "Micronycteris_hir   3   2   2      0.000      0.803      0.320     -1.133      0.333      1.000      -2.51 0.01185983       0.00       0.00       0.00 1.00000000
#  3804 "Micronycteris_sch "Rhinophylla_pumil   3   2   2      0.000      0.833      0.289     -1.190      0.333      1.000      -2.89 0.00378388       0.00       0.00      -2.11 0.03488864
#  3806 "Micronycteris_sch "Saccopteryx_bilin   3   2   2      0.000      0.817      0.303     -1.120      0.333      1.000      -2.69 0.00691634       0.00       0.00      -1.85 0.06377098
#  3818 "Micronycteris_sch "Lonchophylla_mord   3   2   2      0.000      0.830      0.296     -1.246      0.333      1.000      -2.80 0.00495481       0.00       0.00      -2.00 0.04568503
#  3848 "Sturnira_erythrom "Carollia_benkeith   3   3   2      0.111      0.790      0.285     -0.757      0.444      1.000      -2.38 0.01712298      -2.38       0.00       0.00 1.00000000
#  3865 "Sturnira_erythrom "Rhogeessa_io"       3   2   2      0.000      0.787      0.311     -0.795      0.333      1.000      -2.53 0.01121211       0.00       0.00       0.00 1.00000000
#  3876 "Sturnira_erythrom "Chiroderma_trinit   3   2   2      0.000      0.867      0.267     -1.546      0.333      1.000      -3.25 0.00110990      -3.25       0.00      -2.56 0.01023363
#  3969 "Nyctinomops_latic "Nyctinomops_macro   3   2   2      0.000      0.810      0.306     -1.061      0.333      1.000      -2.64 0.00803626       0.00       0.00      -1.78 0.07409694
#  3989 "Nyctinomops_latic "Tadarida_brasilie   3   2   2      0.000      0.837      0.292     -1.313      0.333      1.000      -2.86 0.00411367       0.00       0.00      -2.07 0.03792944
#  4019 "Mimon_crenulatum" "Lophostoma_brasil   3   3   2      0.111      0.788      0.281     -0.668      0.444      1.000      -2.41 0.01568019      -2.41       0.00       0.00 1.00000000
#  4081 "Lophostoma_brasil "Artibeus_gnomus"    3   2   2      0.000      0.840      0.285     -1.255      0.333      1.000      -2.95 0.00308090       0.00       0.00      -2.19 0.02840696
#  4085 "Lophostoma_brasil "Micronycteris_hir   3   2   2      0.000      0.813      0.299     -1.010      0.333      1.000      -2.72 0.00643247       0.00       0.00      -1.88 0.05930953
#  4094 "Lophostoma_brasil "Rhinophylla_pumil   3   2   2      0.000      0.900      0.238     -2.021      0.333      1.000      -3.78 0.00014830      -3.78      -3.78      -3.19 0.00136734
#  4096 "Lophostoma_brasil "Saccopteryx_bilin   3   2   2      0.000      0.800      0.316     -1.043      0.333      1.000      -2.53 0.01120496       0.00       0.00       0.00 1.00000000
#  4108 "Lophostoma_brasil "Lonchophylla_mord   3   2   2      0.000      0.823      0.300     -1.182      0.333      1.000      -2.75 0.00588906       0.00       0.00      -1.92 0.05429906
#  4242 "Carollia_benkeith "Enchisthenes_hart   3   2   2      0.000      0.763      0.344     -0.901      0.333      1.000      -2.22 0.02625608       0.00       0.00       0.00 1.00000000
#  4248 "Carollia_benkeith "Platyrrhinus_brac   3   2   2      0.000      0.803      0.309     -1.004      0.333      1.000      -2.60 0.00924706       0.00       0.00      -1.72 0.08526099
#  4249 "Carollia_benkeith "Artibeus_andersen   3   2   2      0.000      0.857      0.280     -1.534      0.333      1.000      -3.06 0.00213623      -3.06       0.00      -2.33 0.01969675
#  4250 "Carollia_benkeith "Platyrrhinus_infu   3   2   2      0.000      0.853      0.276     -1.393      0.333      1.000      -3.09 0.00193435      -3.09       0.00      -2.36 0.01783534
#  4252 "Carollia_benkeith "Artibeus_glaucus"   3   2   2      0.000      0.817      0.303     -1.120      0.333      1.000      -2.69 0.00691640       0.00       0.00      -1.85 0.06377153
#  4257 "Carollia_benkeith "Rhogeessa_io"       3   2   2      0.000      0.827      0.292     -1.128      0.333      1.000      -2.83 0.00457627       0.00       0.00      -2.03 0.04219468
#  4261 "Carollia_benkeith "Sturnira_magna"     3   2   2      0.000      0.837      0.304     -1.462      0.333      1.000      -2.76 0.00572306       0.00       0.00      -1.93 0.05276850
#  4262 "Carollia_benkeith "Chiroderma_salvin   3   2   2      0.000      0.807      0.303     -0.954      0.333      1.000      -2.67 0.00749594       0.00       0.00      -1.82 0.06911504
#  4267 "Carollia_benkeith "Myotis_keaysi"      3   2   2      0.000      0.830      0.296     -1.246      0.333      1.000      -2.80 0.00495481       0.00       0.00      -2.00 0.04568503
#  4268 "Carollia_benkeith "Chiroderma_trinit   3   2   2      0.000      0.830      0.307     -1.390      0.333      1.000      -2.70 0.00675768       0.00       0.00      -1.86 0.06230801
#  4351 "Enchisthenes_hart "Platyrrhinus_brac   2   2   2      0.000      0.877      0.282     -1.949      0.250      1.000      -3.11 0.00177765      -3.11       0.00      -2.39 0.01639051
#  4353 "Enchisthenes_hart "Platyrrhinus_infu   2   2   2      0.000      0.877      0.282     -1.949      0.250      1.000      -3.11 0.00177765      -3.11       0.00      -2.39 0.01639051
#  4355 "Enchisthenes_hart "Artibeus_glaucus"   2   2   2      0.000      0.793      0.343     -1.108      0.250      1.000      -2.31 0.02054685       0.00       0.00       0.00 1.00000000
#  4365 "Enchisthenes_hart "Chiroderma_salvin   2   2   2      0.000      0.865      0.288     -1.717      0.250      1.000      -3.00 0.00259840      -3.00       0.00      -2.25 0.02395815
#  4400 "Artibeus_gnomus"  "Micronycteris_hir   2   2   2      0.000      0.875      0.288     -1.976      0.250      1.000      -3.03 0.00232899      -3.03       0.00      -2.29 0.02147408
#  4409 "Artibeus_gnomus"  "Rhinophylla_pumil   2   2   2      0.000      0.868      0.295     -1.871      0.250      1.000      -2.94 0.00314265      -2.94       0.00      -2.18 0.02897632
#  4411 "Artibeus_gnomus"  "Saccopteryx_bilin   2   2   2      0.000      0.895      0.260     -2.139      0.250      1.000      -3.44 0.00055826      -3.44      -3.44      -2.79 0.00514732
#  4423 "Artibeus_gnomus"  "Lonchophylla_mord   2   2   2      0.000      0.837      0.317     -1.518      0.250      1.000      -2.64 0.00806290       0.00       0.00      -1.78 0.07434259
#  4589 "Mesophylla_maccon "Vampyressa_thyone   2   1   1      0.000      0.950      0.218     -4.256      1.000      1.000      -4.36 0.00001228      -4.36      -4.36      -3.85 0.00011321
#  4599 "Micronycteris_hir "Rhinophylla_pumil   2   2   2      0.000      0.842      0.305     -1.468      0.250      1.000      -2.76 0.00567567       0.00       0.00      -1.94 0.05233159
#  4601 "Micronycteris_hir "Saccopteryx_bilin   2   2   2      0.000      0.887      0.268     -2.021      0.250      1.000      -3.31 0.00088292      -3.31       0.00      -2.64 0.00814085
#  4613 "Micronycteris_hir "Lonchophylla_mord   2   2   2      0.000      0.870      0.288     -1.846      0.250      1.000      -3.02 0.00246400      -3.02       0.00      -2.27 0.02271886
#  4638 "Platyrrhinus_brac "Platyrrhinus_infu   2   2   2      0.000      0.870      0.288     -1.846      0.250      1.000      -3.02 0.00246400      -3.02       0.00      -2.27 0.02271886
#  4640 "Platyrrhinus_brac "Artibeus_glaucus"   2   2   2      0.000      0.887      0.268     -2.021      0.250      1.000      -3.31 0.00088292      -3.31       0.00      -2.64 0.00814085
#  4650 "Platyrrhinus_brac "Chiroderma_salvin   2   2   2      0.000      0.865      0.288     -1.717      0.250      1.000      -3.00 0.00259840      -3.00       0.00      -2.25 0.02395815
#  4693 "Artibeus_andersen "Sturnira_magna"     2   2   2      0.000      0.873      0.282     -1.811      0.250      1.000      -3.10 0.00188857      -3.10       0.00      -2.37 0.01741327
#  4699 "Artibeus_andersen "Myotis_keaysi"      2   2   2      0.000      0.885      0.275     -2.060      0.250      1.000      -3.22 0.00123256      -3.22       0.00      -2.52 0.01136465
#  4727 "Platyrrhinus_infu "Artibeus_glaucus"   2   2   2      0.000      0.855      0.300     -1.660      0.250      1.000      -2.85 0.00430292      -2.85       0.00      -2.05 0.03967433
#  4737 "Platyrrhinus_infu "Chiroderma_salvin   2   2   2      0.000      0.822      0.327     -1.369      0.250      1.000      -2.52 0.01156038       0.00       0.00       0.00 1.00000000
#  4820 "Artibeus_glaucus" "Chiroderma_salvin   2   2   2      0.000      0.858      0.294     -1.629      0.250      1.000      -2.91 0.00346124      -2.91       0.00      -2.14 0.03191379
#  4968 "Eumops_glaucinus" "Eumops_perotis"     2   1   1      0.000      0.970      0.171     -5.680      1.000      1.000      -5.69 0.00000000      -5.69      -5.69      -5.69 0.00000000
#  4970 "Rhinophylla_pumil "Saccopteryx_bilin   2   2   2      0.000      0.910      0.244     -2.411      0.250      1.000      -3.73 0.00017911      -3.73      -3.73      -3.14 0.00165147
#  4982 "Rhinophylla_pumil "Lonchophylla_mord   2   2   2      0.000      0.887      0.268     -2.021      0.250      1.000      -3.31 0.00088292      -3.31       0.00      -2.64 0.00814085
#  4994 "Rhinophylla_pumil "Phyllostomus_elon   2   1   1      0.000      0.970      0.171     -5.680      1.000      1.000      -5.69 0.00000000      -5.69      -5.69      -5.69 0.00000000
#  5016 "Rhogeessa_io"     "Chiroderma_trinit   2   2   2      0.000      0.880      0.275     -1.912      0.250      1.000      -3.20 0.00132120      -3.20       0.00      -2.50 0.01218187
#  5053 "Saccopteryx_bilin "Lonchophylla_mord   2   2   2      0.000      0.895      0.260     -2.139      0.250      1.000      -3.44 0.00055826      -3.44      -3.44      -2.79 0.00514732
#  5149 "Sturnira_magna"   "Myotis_keaysi"      2   2   2      0.000      0.835      0.311     -1.393      0.250      1.000      -2.69 0.00703603       0.00       0.00      -1.84 0.06487453
#  5231 "Sturnira_tildae"  "Trinycteris_nicef   2   1   1      0.000      0.980      0.140     -7.068      1.000      1.000      -7.00 0.00000000      -7.00      -7.00      -7.00 0.00000000
#  5265 "Tadarida_brasilie "Eumops_perotis"     2   1   1      0.000      0.950      0.218     -4.256      1.000      1.000      -4.36 0.00001228      -4.36      -4.36      -3.85 0.00011321
#  5269 "Diaemus_youngi"   "Lonchophylla_boke   2   2   2      0.000      0.850      0.300     -1.546      0.250      1.000      -2.83 0.00448513       0.00       0.00      -2.04 0.04135438
#  5328 "Myotis_keaysi"    "Eptesicus_andinus   2   1   1      0.000      0.950      0.218     -4.256      1.000      1.000      -4.36 0.00001228      -4.36      -4.36      -3.85 0.00011321
#  5515 "Eptesicus_andinus "Platyrrhinus_masu   1   1   1      0.000      0.960      0.196     -4.839      1.000      1.000      -4.90 0.00000089      -4.90      -4.90      -4.45 0.00000824
#  5626 "Eumops_bonariensi "Eumops_perotis"     1   1   1      0.000      0.970      0.171     -5.680      1.000      1.000      -5.69 0.00000000      -5.69      -5.69      -5.69 0.00000000
#  5629 "Thyroptera_tricol "Lampronycteris_br   1   1   1      0.000      0.980      0.140     -7.068      1.000      1.000      -7.00 0.00000000      -7.00      -7.00      -7.00 0.00000000
#  5646 "Myotis_albescens" "Eumops_patagonicu   1   1   1      0.000      0.970      0.171     -5.680      1.000      1.000      -5.69 0.00000000      -5.69      -5.69      -5.69 0.00000000
#  5651 "Lampronycteris_br "Trinycteris_nicef   1   1   1      0.000      0.950      0.218     -4.256      1.000      1.000      -4.36 0.00001228      -4.36      -4.36      -3.85 0.00011321
#  5667 "Platyrrhinus_masu "Vampyressa_thyone   1   1   1      0.000      1.000      0.000      0.000      1.000      1.000      -1.00 0.31722987      -1.00      -1.00       0.00 1.00000000
 
> Name               SP   CL+   CL-   BM+   BM-   BC+   BC-   BY+   BY-       NR   CL+   CL+
> SBBats.txt       5671    60   202    21    52    11    18    47    91   567100 28355 34026
 
& File           Speci   Individ     BRInd       BRZ Cscoreind   CscoreZ Soeren.In  Soeren.Z    AbsInd      AbsZ CheckerIn  CheckerZ   CombInd     CombZ   CorrInd     CorrZ    SchInd      SchZ
& SBBats.txt       107  20362.00    0.4648    3.2581    0.0696    7.1612    0.1048    5.5865    0.0029    2.9222    0.0354    2.5031    1.9801    6.8840    0.0453    2.4754   -0.0083   -3.5263
 
%          Observed numbers                                          Expected numbers
% Class    Pairs   CL+   CL-   BM+   BM-   BC+   BC-   BY+   BY-       NR   CL+   CL-
% 0.000      997     0   168     0    41     0    16     0    90    83879  4191  4977
% 0.025       19     0     4     0     4     0     1     0     0     1208    68    68
% 0.075       34     0     5     0     0     0     0     0     0     3788   198   240
% 0.125       58     0    18     0     7     0     1     0     1     5050   250   313
% 0.175       71     0     7     0     0     0     0     0     0     6805   352   386
% 0.225       81     3     0     0     0     0     0     1     0     9179   459   541
% 0.275      166     0     0     0     0     0     0     0     0    17560   816  1042
% 0.325      148     0     0     0     0     0     0     0     0    16729   819  1019
% 0.375      115     0     0     0     0     0     0     0     0    13984   729   851
% 0.425      239     0     0     0     0     0     0     0     0    33351  1626  1975
% 0.475      191     4     0     0     0     0     0     4     0    25340  1218  1557
% 0.525       85     0     0     0     0     0     0     0     0     9589   468   593
% 0.575       99     1     0     0     0     0     0     1     0    11226   560   687
% 0.625       96     1     0     0     0     0     0     1     0    11352   596   701
% 0.675       43     0     0     0     0     0     0     0     0     6112   283   351
% 0.725       38     4     0     0     0     0     0     4     0     3894   185   260
% 0.775       23     4     0     0     0     0     0     3     0     1890    89   103
% 0.825        7     4     0     0     0     0     0     2     0      190     8     9
% 0.875        0     0     0     0     0     0     0     0     0        1     0     0
% 0.925        0     0     0     0     0     0     0     0     0        0     0     0
% 0.975        0     0     0     0     0     0     0     0     0        0     0     0
% 1.000     3161    39     0    21     0    11     0    31     0   305973 15440 18353
