<  File:  WIMamm.txt     Species:  116 Sites:   25 MatFill: 0.15 Occ:    433 0.100% Confidence limit  Index: c Model: fixed - fixed                      
 
#    No             Sp1                Sp2     S1  S2 Com  Obs.Score  Exp.Score  Exp.StDev   Skewness    LowerCL    UpperCL SigZ-Score      Alpha >MeanScore   >CLScore   >BJScore      Alpha
#     3 "Hystrix_brachyura "Macaca_nemestrina  18  15  15      0.000      0.081      0.040      0.416      0.015      0.200      -2.03 0.04252809       0.00       0.00       0.00 1.00000000
#     5 "Hystrix_brachyura "Helarctos_malayan  18  14  14      0.000      0.091      0.048      0.560      0.020      0.238      -1.88 0.05913544       0.00       0.00       0.00 1.00000000
#   344 "Macaca_nemestrina "Helarctos_malayan  15  14  13      0.010      0.138      0.058      0.880      0.029      0.343      -2.23 0.02569264       0.00       0.00       0.00 1.00000000
#   351 "Macaca_nemestrina "Manis_javanica"    15   9   9      0.000      0.199      0.096      0.444      0.052      0.407      -2.08 0.03762448       0.00       0.00       0.00 1.00000000
#   458 "Sus_scrofa"       "Viverra_tangalung  15  11   3      0.582      0.181      0.078      0.690      0.000      0.467       5.11 0.00000030       0.00       0.00       4.67 0.00000280
#   477 "Sus_scrofa"       "Hystrix_crassispi  15   5   0      1.000      0.264      0.175      0.489      0.000      0.747       4.20 0.00002551       4.20       4.20       3.66 0.00023936
#   478 "Sus_scrofa"       "Trichys_fascicula  15   5   0      1.000      0.244      0.170      0.469      0.000      0.747       4.44 0.00000834       4.44       4.44       3.94 0.00007829
#   496 "Sus_scrofa"       "Pongo_pygmaeus"    15   3   0      1.000      0.222      0.204      0.516      0.000      0.622       3.81 0.00013405       3.81       3.81       0.00 1.00000000
#   682 "Muntiacus_muntjak "Atherurus_macrour  13   7   7      0.000      0.270      0.137      0.872      0.077      0.791      -1.98 0.04786366       0.00       0.00       0.00 1.00000000
#   683 "Muntiacus_muntjak "Sus_barbatus"      13   7   1      0.791      0.265      0.131      0.481      0.000      0.604       4.01 0.00005651       0.00       0.00       3.45 0.00053016
#   696 "Muntiacus_muntjak "Hystrix_crassispi  13   5   0      1.000      0.315      0.167      0.184      0.000      0.738       4.11 0.00003690       4.11       4.11       3.57 0.00034617
#   802 "Macaca_fascicular "Herpestes_urva"    11   5   0      1.000      0.353      0.186      0.392      0.000      0.727       3.49 0.00046575       3.49       3.49       0.00 1.00000000
#   903 "Viverra_tangalung "Herpestes_javanic  11   6   0      1.000      0.346      0.148      0.731      0.000      0.758       4.43 0.00000888       4.43       4.43       3.92 0.00008333
#   909 "Viverra_tangalung "Herpestes_urva"    11   5   0      1.000      0.338      0.198      0.603      0.000      0.727       3.35 0.00077045       3.35       3.35       0.00 1.00000000
#  1001 "Martes_flavigula" "Neofelis_diardi"   10   9   7      0.067      0.320      0.134      0.780      0.133      0.800      -1.90 0.05743802       0.00       0.00       0.00 1.00000000
#  1214 "Neofelis_diardi"  "Arctictis_binturo   9   7   6      0.048      0.390      0.155      0.583      0.127      0.762      -2.21 0.02704549      -2.21       0.00       0.00 1.00000000
#  1326 "Manis_javanica"   "Echinosorex_gymnu   9   5   5      0.000      0.444      0.244      0.674      0.111      1.000      -1.82 0.06879127       0.00       0.00       0.00 1.00000000
#  1533 "Sus_barbatus"     "Trichys_fascicula   7   5   5      0.000      0.527      0.234      0.120      0.086      1.000      -2.26 0.02384174       0.00       0.00       0.00 1.00000000
#  1628 "Arctictis_binturo "Prionodon_linsang   7   5   5      0.000      0.558      0.233      0.147      0.086      1.000      -2.39 0.01643288       0.00       0.00       0.00 1.00000000
#  1730 "Hemigalus_derbyan "Herpestes_brachyu   7   5   5      0.000      0.492      0.208      0.465      0.086      1.000      -2.36 0.01798624       0.00       0.00       0.00 1.00000000
#  1919 "Panthera_pardus"  "Tapirus_indicus"    6   6   5      0.028      0.500      0.204      0.439      0.111      1.000      -2.32 0.02022821      -2.32       0.00       0.00 1.00000000
#  2036 "Herpestes_javanic "Viverricula_indic   6   4   4      0.000      0.595      0.258      0.174      0.125      1.000      -2.31 0.02086252       0.00       0.00       0.00 1.00000000
#  2206 "Elephas_maximus"  "Viverra_zibetha"    6   6   5      0.028      0.507      0.223      0.369      0.111      1.000      -2.15 0.03133428      -2.15      -2.15       0.00 1.00000000
#  2220 "Elephas_maximus"  "Bos_frontalis"      6   4   4      0.000      0.603      0.266      0.098      0.125      1.000      -2.27 0.02292645       0.00       0.00       0.00 1.00000000
#  2310 "Viverra_zibetha"  "Cuon_alpinus"       6   4   4      0.000      0.585      0.275      0.106      0.125      1.000      -2.13 0.03314936       0.00       0.00       0.00 1.00000000
#  2313 "Viverra_zibetha"  "Bos_frontalis"      6   4   4      0.000      0.598      0.275      0.201      0.125      1.000      -2.17 0.02947712       0.00       0.00       0.00 1.00000000
#  2487 "Echinosorex_gymnu "Hystrix_crassispi   5   5   4      0.040      0.609      0.235      0.134      0.160      1.000      -2.43 0.01504958      -2.43      -2.43       0.00 1.00000000
#  2511 "Echinosorex_gymnu "Sundamys_muelleri   5   3   3      0.000      0.675      0.259      0.133      0.200      1.000      -2.60 0.00912619       0.00       0.00       0.00 1.00000000
#  2602 "Herpestes_urva"   "Macaca_mulatta"     5   3   3      0.000      0.661      0.288     -0.034      0.200      1.000      -2.29 0.02172619       0.00       0.00       0.00 1.00000000
#  2666 "Herpestes_brachyu "Hystrix_crassispi   5   5   4      0.040      0.578      0.221      0.463      0.160      1.000      -2.44 0.01448923      -2.44      -2.44       0.00 1.00000000
#  2667 "Herpestes_brachyu "Trichys_fascicula   5   5   4      0.040      0.603      0.249      0.175      0.160      1.000      -2.26 0.02333313      -2.26      -2.26       0.00 1.00000000
#  2685 "Herpestes_brachyu "Pongo_pygmaeus"     5   3   3      0.000      0.672      0.283     -0.054      0.200      1.000      -2.37 0.01735932       0.00       0.00       0.00 1.00000000
#  2755 "Hystrix_crassispi "Trichys_fascicula   5   5   5      0.000      0.580      0.227      0.412      0.160      1.000      -2.55 0.01057231       0.00       0.00       0.00 1.00000000
#  2773 "Hystrix_crassispi "Pongo_pygmaeus"     5   3   3      0.000      0.647      0.283      0.061      0.200      1.000      -2.29 0.02199620       0.00       0.00       0.00 1.00000000
#  2860 "Trichys_fascicula "Pongo_pygmaeus"     5   3   3      0.000      0.683      0.277     -0.066      0.200      1.000      -2.47 0.01346618       0.00       0.00       0.00 1.00000000
#  2861 "Trichys_fascicula "Presbytis_rubicun   5   3   3      0.000      0.660      0.302     -0.099      0.200      1.000      -2.19 0.02843696       0.00       0.00       0.00 1.00000000
#  3029 "Viverra_megaspila "Canis_aureus"       5   3   3      0.000      0.655      0.281      0.036      0.200      1.000      -2.33 0.01976478       0.00       0.00       0.00 1.00000000
#  3033 "Viverra_megaspila "Arctonyx_collaris   5   3   3      0.000      0.624      0.291      0.113      0.200      1.000      -2.14 0.03177547       0.00       0.00       0.00 1.00000000
#  3203 "Leopoldamys_saban "Sundamys_muelleri   5   3   3      0.000      0.627      0.269      0.228      0.200      1.000      -2.33 0.01940620       0.00       0.00       0.00 1.00000000
#  3446 "Tragulus_napu"    "Sundamys_muelleri   4   3   3      0.000      0.715      0.279     -0.174      0.167      1.000      -2.56 0.01023751       0.00       0.00       0.00 1.00000000
#  3518 "Bos_frontalis"    "Canis_aureus"       4   3   3      0.000      0.753      0.291     -0.569      0.167      1.000      -2.59 0.00945526       0.00       0.00       0.00 1.00000000
#  3522 "Bos_frontalis"    "Arctonyx_collaris   4   3   3      0.000      0.748      0.291     -0.528      0.167      1.000      -2.57 0.00994563       0.00       0.00       0.00 1.00000000
#  3698 "Canis_lupus"      "Ursus_thibetanus"   4   2   2      0.000      0.738      0.308     -0.334      0.375      1.000      -2.39 0.01656342       0.00       0.00       0.00 1.00000000
#  3745 "Panthera_tigris"  "Capricornis_sumat   4   4   4      0.000      0.663      0.267      0.031      0.062      1.000      -2.48 0.01284510       0.00       0.00       0.00 1.00000000
#  3830 "Capricornis_sumat "Catopuma_temminck   4   3   3      0.000      0.708      0.288     -0.221      0.167      1.000      -2.46 0.01370943       0.00       0.00       0.00 1.00000000
#  4118 "Canis_aureus"     "Arctonyx_collaris   3   3   3      0.000      0.732      0.313     -0.500      0.111      1.000      -2.34 0.01895136       0.00       0.00       0.00 1.00000000
#  4256 "Pongo_pygmaeus"   "Presbytis_rubicun   3   3   3      0.000      0.737      0.322     -0.608      0.111      1.000      -2.29 0.02183229       0.00       0.00       0.00 1.00000000
#  4273 "Pongo_pygmaeus"   "Herpestes_semitor   3   2   2      0.000      0.827      0.292     -1.128      0.333      1.000      -2.83 0.00457627       0.00       0.00       0.00 1.00000000
#  4409 "Arctonyx_collaris "Pardofelis_temmin   3   2   2      0.000      0.893      0.244     -1.912      0.333      1.000      -3.66 0.00024450       0.00       0.00       0.00 1.00000000
#  4973 "Mustela_kathiah"  "Melogale_moschata   2   2   2      0.000      0.858      0.294     -1.629      0.250      1.000      -2.91 0.00346124       0.00       0.00       0.00 1.00000000
 
> Name               SP   CL+   CL-   BM+   BM-   BC+   BC-   BY+   BY-       NR   CL+   CL+
> WIMamm.txt       6670     9    41     7     6     7     4     6     0   667000  6670  6670
 
& File           Speci   Individ     BRInd       BRZ Cscoreind   CscoreZ Soeren.In  Soeren.Z    AbsInd      AbsZ CheckerIn  CheckerZ   CombInd     CombZ   CorrInd     CorrZ    SchInd      SchZ
& WIMamm.txt       116  35087.00    0.4804   -1.4542    0.0266    2.9231   -0.0005   -0.0267   -0.0012   -1.2227    0.1015   10.4451    0.7598    4.4092   -0.0317   -0.7687   -0.0262  -10.0828
 
%          Observed numbers                                          Expected numbers
% Class    Pairs   CL+   CL-   BM+   BM-   BC+   BC-   BY+   BY-       NR   CL+   CL-
% 0.000     1188     0    33     0     0     0     0     0     0   114175  1150  1097
% 0.025       17     0     7     0     6     0     4     0     0      430     3     5
% 0.075       37     0     1     0     0     0     0     0     0     2656    24    17
% 0.125       84     0     0     0     0     0     0     0     0     7423    74    80
% 0.175       68     0     0     0     0     0     0     0     0     7044    70    61
% 0.225       88     0     0     0     0     0     0     0     0    11012   123   125
% 0.275      117     0     0     0     0     0     0     0     0    15690   146   169
% 0.325      108     0     0     0     0     0     0     0     0    14454   126   154
% 0.375       75     0     0     0     0     0     0     0     0    11962   109   121
% 0.425      174     0     0     0     0     0     0     0     0    31743   319   327
% 0.475       78     0     0     0     0     0     0     0     0    13753   143   124
% 0.525       74     0     0     0     0     0     0     0     0    11465   115   138
% 0.575       57     1     0     0     0     0     0     1     0     8524    74    86
% 0.625       74     0     0     0     0     0     0     0     0    12979   138   115
% 0.675       42     0     0     0     0     0     0     0     0     5368    51    62
% 0.725       19     0     0     0     0     0     0     0     0     1903    13    18
% 0.775        3     1     0     0     0     0     0     1     0      294     4     4
% 0.825        0     0     0     0     0     0     0     0     0        5     0     0
% 0.875        0     0     0     0     0     0     0     0     0        0     0     0
% 0.925        0     0     0     0     0     0     0     0     0        0     0     0
% 0.975        0     0     0     0     0     0     0     0     0        0     0     0
% 1.000     4367     7     0     7     0     7     0     4     0   396120  3988  3967
