Packed matrix: NWLgMamm.txt                                      
 
                                 "X190 "X199 "X193 "X194 "X191 "X192 "X199       "X198 "X201 "X192 "X192 "X194 "X189 "X202 "X197 "X193 "X191 "X189 "X190 "X188 "X198 "X197 "X199 "X198 "X189 "X192 "X193 "X192 "X201 "X191 "X201 "X192 "X190 "X201 "X189 "X194 "X200 "X195 "X196 "X192 "X198 "X197 "X190 "X196 "X192 "X196 "X201 "X201
 
"Dasypus_novemcin"                   3     2     0     2     1    27     0     2    35    47     1     1     4     2     6     0     1    13     1    53     2     3     0     0     0     3     0     1     0     1     0     1    76    11    47     8    46     8    32     0     0     0     0     4     0     0     0     0     0      31
"Leopardus_pardal"                  46     9     9    16     1    17     3     0    17     0    11     3    31    30     0     0     5     1     1     0    13    18     0    12     0     8     0     9     0     3     0    11     0     0     0     0     3     0     1     6     0    30     0     0     0     0     0     0     0      26
"Pecari_tajacu"                     42    77     5     3    44   139     4     0     4     0    22    24     1    38     0     0     7    85     1     0     3     0     0    19     0     0     0     4     0     3     2     0     0     0     0     7     0    71     0     0     0     0     0     0     0     0     0     0     0      22
"Puma_concolor"                     25    15     1     1    47     6    26     0     0     0    50     0     6     0     0     8     5     0     0     0     1     2     0     0     0     9     0    25     0     0     1    26     0     0     5     2     0     0     0     0     0     6     4     0     9     0     0     0     0      22
"Eira_barbara"                      11     7    63     1     0     0     0     8    23     0     0     0     0     9    44     0     1     0     1     0     0     1     0     1     0     2     0     0     0     1     0     1    68     0     0     0     5     0     1     4     0     1     0     0     0     0     0     0     0      20
"Cuniculus_paca"                    47    18     0     6     0     0     0    15    19     9     0     9     1     0    10     0     1   183     2     0     0    11     0     0     0     0     0     5     0     3    13     1     0     0     0     3     0     0     0     0     0     3     0     0     0     0     0     0     0      19
"Cerdocyon_thous"                    0     0    57     6     0     0     0    50     0    66     0     0     2    37    17     0     0     0     0    86     3     2     0     1     0    17     0     0     0     0     0     0   132    42     0     0     9     0     3     0     0     0     0    21     0     0     0     0     0      17
"Odocoileus_virgi"                   0     0     0     0    53     9    81     0     3     0   124    65     0     0     0     0     7     0     0     0     0     0   178     0  1497     0  1603   103   190     0     0     0     0     0     0     0     0    53     0    10    32     0     0     0     0    10     0     0    86      17
"Canis_latrans"                      0     0     0     0     5    32    37     0     1     0     3     5     0     0     0    24     0     0     0     0     0     0     2     0     5     0    68     0     9     0     0     0     0     0     0     0     0    54     0     0     6     0     0     0    12     0     6     0    24      16
"Procyon_lotor"                      0     0     0     0    19     1     1     0     7     0     1     1     0     0     0     0     0     0     0     0     0     0   223     0   758     0  1093     0    25     0     0     0     0     0     0     0     0    67     0     0    62     0     0     0     0    19     4     0     0      14
"Procyon_cancrivo"                   1     2     0     0     0     0     0    25     0     8     0     0     0    21    13     0     0     0     2     6     3     5     0     0     0     6     0     0     0     0     0     3     4     0     0     0     0     0     0     0     0     6     0     0     0     0     0     0     0      14
"Nasua_nasua"                        4     2     2     2     0     0     0     2     0     0     0     0     2    26    31     0     0     1     2     0     0     3     0    12     0     0     0     0     0     0     0     0    39     0     0     0     0     0     0     0     0     0     0     0     0     0     0     0     0      13
"Canis_lupus"                        0     0     7     0     0     0     0    66     0     0     0     0     0     0    21    89     0     0     3     0     0    19    10     0     3     0     0     0     0     0     0    15    61     0     0     0    61     0    68     0     0     0     0     0     0     0     0     1     0      13
"Sylvilagus_brasi"                   3     0    72     7     0     0     0     1     0     0     0     1    29   105     0     0     0     0     0     0     0    36     0     1     0    10     0     0     0     0     0     9     0     0     0     0     0     0     0     0     0     0     2     0     0     0     0     0     0      12
"Tapirus_terrestr"                 102    12     2    23     0     0     0     0     0     0     0     0    20    15     0     0     0   305     0     0     2     0     0     8     0     0     0     0     0     0     2     0     0     0     0     2     0     0     0     0     0    17     0     0     0     0     0     0     0      12
"Leopardus_wiedii"                  15     2     5     2     4     0     0     0     1    27     5     0     0     0     0     0     0     0     0     1     0     0     0     1     0     0     0     4     0     0     0     0     0     0     0     0     0     0     0     0     0     0     0     0     0     0     0     0     0      11
"Panthera_onca"                     51    14     0     3    11     1    20     0     0     0    13     0     9     0     0     0     0     0     0     0     0     0     0     1     0     0     0    19     0     0     1     0     0     0     0     0     0     0     0     0     0     0     0     0     0     0     0     0     0      11
"Didelphis_virgin"                   0     0     0     0    20    28     4     0     0     0    10     0     0     0     0     0     0     0     0     0     0     0    88     0     0     0   385     0     4     0     0     0     0     0     0     0     0     1     0     0    22     0     0     0     0     5     0     0     0      10
"Puma_yagouaround"                   2     0     4     1     0     0     0     0     0     5     1     1     2    14     0     0     0     0     0     0     0     0     0     1     0     0     0     0     0     0     0     0     0     0     0     0     0     0     4     0     0     0     0     0     0     0     0     0     0      10
"Lynx_rufus"                         0     0     0     0     0     0    13     0     0     0     0     0     0     0     0    11     0     0     0     0     0     0     3     0     1     0     4     0    13     0     0     0     0     0     0     0     0    15     0     0     3     0     0     0    10     0     2     0     0      10
"Mazama_gouazoubi"                  53     0    22    24     0     0     0     0     0    72     0     0     0     0     0     0     0     0     3    24     0     5     0     0     0     0     0     0     0     0     0     0     0    15     0     2     0     0     0     0     0     0     0     3     0     0     0     0     0      10
"Tamandua_tetrada"                   4     2     0     0     0     0     0     0     0     6     0     0     0     1     0     0     0     0     0     0     1     0     0     0     0     1     0     0     0     1     0     0     1     0     4     0     0     0     0     0     0     0     0     0     0     0     0     0     0       9
"Sylvilagus_flori"                   0     0     0     0    91     6    29     0     0     0   101     0     0     0     0     0     0     0     0     0     0     0   130     0     0     0   350     0     1     0     0     0     0     0     0     0     0     0     0     0     0     0     0     0     0     3     0     0    12       9
"Urocyon_cinereoa"                   0     0     0     0    66     1    88     0     0     0     3     0     0     0     0     0     0     0     0     0     0     0    39     0     0     0     8     5     5     0     0     0     0     0     0     0     0     0     0     0    34     0     0     0     0     0     0     0     0       9
"Myrmecophaga_tri"                   2     7     0     1     0     0     0     0     0     0     0     0     0     0     0     0     4     0     0     0     1     0     0     0     0     0     0     0     0     0     1     0     0     0     2     1     0     0     0     0     0     0     0     0     0     0     0     0     0       8
"Nasua_narica"                       0     0     0     0   174    68     6     0    33     0    10    51     0     0     0     0    10     0     0     0     0     0     0     0     0     0     0    58     0     0     0     0     0     0     0     0     0     0     0     0     0     0     0     0     0     0     0     0     0       8
"Didelphis_marsup"                  37     3     0     0     0     0     0     0    23     0     0     9     0     0     0     0     0     8     0     0     0     0     0     0     0     0     0     0     0     7     0     0     0     0     0     0   122     0   173     0     0     0     0     0     0     0     0     0     0       8
"Mazama_americana"                  39    37     0    20     0     0     0     0     0     0     0     3    21     0     0     0     0   347     0     0     2     0     0     0     0     0     0     0     0     0     0     0     0     0     0     4     0     0     0     0     0     0     0     0     0     0     0     0     0       8
"Hydrochoerus_hyd"                   0     0     0     0     0     0     0     0     0     3     0     0     0     1     0     0     0     0     0     2     0     0     0     0     0     3     0     0     0     1     0     1     1     0     2     0     0     0     0     0     0     0     0     0     0     0     0     0     0       8
"Dasyprocta_punct"                  98     0    12     0     0     0     0     0    43     0     0   125     0     0     0     0    18     0     0     0     0     0     0     0     0     0     0     0     0     0     0     0     0     0     0     0   405     0   668     0     0     0     0     0     0     0     0     0     0       7
"Didelphis_aurita"                   0     0     0     0     0     0     0    26     0     0     0     0     0     7    36     0     0     0     8     0     0    17     0     0     0     0     0     0     0     0     0     0  1283     0     0     0     0     0     0     0     0     3     0     0     0     0     0     0     0       7
"Dasyprocta_azara"                   0     0     0     0     0     0     0     0     0     0     0     0    55   122     0     0     0     0     0     0    13     0     0    45     0     0     0     0     0     0     0     0    13     0    37     0     0     0     0     0     0     0     0     0     0     0     0     0     0       6
"Sus_scrofa"                         0     0    14     0     0     0     0     0     0     0     0     0     0     0     0     0     0     0     0     2     0     0     0     0     0     0     0     0     0     0     0     0     0     1     0     0     0   189     0     0     0     0     0     1     0     0     0     0     0       5
"Euphractus_sexci"                   0     0     3     0     0     0     0     2     0    16     0     0     0     0     0     0     0     0     0     2     0     0     0     0     0     0     0     0     0     0     0     0     0     3     0     0     0     0     0     0     0     0     0     0     0     0     0     0     0       5
"Mephitis_mephiti"                   0     0     0     0     0     0     0     0     0     0     0     0     0     0     0    13     0     0     0     0     0     0     0     0     4     0     2     0     0     0     0     0     0     0     0     0     0     4     0     0     0     0     0     0    11     0     0     0     0       5
"Conepatus_chinga"                   0     0     0     0     0     0     0     0     0    21     0     0     0     0     0     0     0     0     0     6     0     0     0     0     0     0     0     0     0     0     0     0     0     9     0     0     0     0     0     4     0     0     0     6     0     0     0     0     0       5
"Didelphis_albive"                   0     0     0     0     0     0     0     0     0     1     0     0     0     0     0     0     0     0     0     2     0     0     0     0     0     1     0     0     0     0     0     0     0     2    46     0     0     0     0     0     0     0     0     0     0     0     0     0     0       5
"Sciurus_caroline"                   0     0     0     0     0     0     0     0     0     0     0     0     0     0     0     0     0     0     0     0     0     0  1044     0     0     0  1887     0    55     0     0     0     0     0     0     0     0     0     0     0    43     0     0     0     0    37     0     0     0       5
"Priodontes_maxim"                  12     0     0     2     0     0     0     0     0     0     0     0     0     0     0     0     0     0     0     0     0     0     0     0     0     0     0     0     0     2     3     0     0     0     0     0     0     0     0     0     0     0     0     0     0     0     0     0     0       4
"Tamias_striatus"                    0     0     0     0     0     0     0     0     0     0     0     0     0     0     0     0     0     0     0     0     0     0    18     0    99     0     0     0    13     0     0     0     0     0     0     0     0     0     0     0     0     0     0     0     0     9     0     0     0       4
"Felis_catus"                        0     0     0     0     0     0     0     3     0     0     0     0     0     0     1     0     0     0     0     0     0     0   352     0     0     0     0     0     0     0     0     0     0     0     0     0     1     0     0     0     0     0     0     0     0     0     0     0     0       4
"Tayassu_pecari"                   210     0     0     6     0     0     0     0     0     0     0     0     0     0     0     0     0     6     0     0     1     0     0     0     0     0     0     0     0     0     0     0     0     0     0     0     0     0     0     0     0     0     0     0     0     0     0     0     0       4
"Lepus_europaeus"                    0     0     0     0     0     0     0     0     0     2     0     0     0     0     0     0     0     0     0     0     0     5     0     0     0     0     0     0     0     0     0     0     0     7     0     0     0     0     0     0     0     0     0     1     0     0     0     0     0       4
"Ursus_americanus"                   0     0     0     0     0     0     0     0     0     0     0     0     0     0     0    24     0     0     0     0     0     0     0     0   361     0     0     0    17     0     0     0     0     0     0     0     0     0     0     0     0     0     0     0    16     0     0     0     0       4
"Bos_taurus"                         0     0    62     0     0     0     0     7     0     0     0     0     0     0     0     0     0     0     0     0     0     0     0     0     0     0     0     0     0     0     0     0     0     0     0     0    18     0     0     0     0     0     0     0     0     0     0     0     0       3
"Conepatus_leucon"                   0     0     0     0     3     3     0     0     0     0     3     0     0     0     0     0     0     0     0     0     0     0     0     0     0     0     0     0     0     0     0     0     0     0     0     0     0     0     0     0     0     0     0     0     0     0     0     0     0       3
"Tamandua_mexican"                   0     0     0     0     0     1     0     0     1     0     0     3     0     0     0     0     0     0     0     0     0     0     0     0     0     0     0     0     0     0     0     0     0     0     0     0     0     0     0     0     0     0     0     0     0     0     0     0     0       3
"Leopardus_geoffr"                   0     0     0     0     0     0     0     0     0     3     0     0     0     0     0     0     0     0     0    15     0     0     0     0     0     0     0     0     0     0     0     0     0     2     0     0     0     0     0     0     0     0     0     0     0     0     0     0     0       3
"Pseudalopex_gymn"                   0     0     0     0     0     0     0     0     0     0     0     0     0     0     0     0     0     0     0    15     0     0     0     0     0     0     0     0     0     0     0     0     0    11     0     0     0     0     0     0     0     0     0     5     0     0     0     0     0       3
"Odocoileus_hemio"                   0     0     0     0     0     0     0     0     0     0     0     0     0     0     0  2059     0     0     0     0     0     0     0     0     0     0     0     0     0     0     0     0     0     0     0     0     0     0     0     0     0     0     0     0    28     0    40     0     0       3
"Dasyprocta_fulig"                   0     0     0     0     0     0     0     0     0     0     0     0     0     0     0     0     0   105     0     0     0     0     0     0     0     0     0     0     0    10    20     0     0     0     0     0     0     0     0     0     0     0     0     0     0     0     0     0     0       3
"Mephitis_macrour"                   0     0     0     0     6     1     0     0     0     0     4     0     0     0     0     0     0     0     0     0     0     0     0     0     0     0     0     0     0     0     0     0     0     0     0     0     0     0     0     0     0     0     0     0     0     0     0     0     0       3
"Dasyprocta_lepor"                   0   141     0     0     0     0     0     0     0     0     0     0     0     0     1     0     0     0    17     0     0     0     0     0     0     0     0     0     0     0     0     0     0     0     0     0     0     0     0     0     0     0     0     0     0     0     0     0     0       3
"Vulpes_vulpes"                      0     0     0     0     0     0     0     0     0     0     0     0     0     0     0    55     0     0     0     0     0     0     0     0     0     0     0     0     0     0     0     0     0     0     0     0     0     0     0     0     5     0     0     0    67     0     0     0     0       3
"Callithrix_kuhli"                   0     0     0     0     0     0     0   200     0     0     0     0     0     0   460     0     0     0     0     0     0     0     0     0     0     0     0     0     0     0     0     0     0     0     0     0     0     0     0     0     0     0     0     0     0     0     0     0     0       2
"Conepatus_semist"                   0     0     0     0     0     0     0     0     2     0     0     0     0     0     0     0     1     0     0     0     0     0     0     0     0     0     0     0     0     0     0     0     0     0     0     0     0     0     0     0     0     0     0     0     0     0     0     0     0       2
"Atelocynus_micro"                  11     0     0     0     0     0     0     0     0     0     0     0     0     0     0     0     0     0     0     0     0     0     0     0     0     0     0     0     0     0     1     0     0     0     0     0     0     0     0     0     0     0     0     0     0     0     0     0     0       2
"Bassariscus_astu"                   0     0     0     0     5     0     4     0     0     0     0     0     0     0     0     0     0     0     0     0     0     0     0     0     0     0     0     0     0     0     0     0     0     0     0     0     0     0     0     0     0     0     0     0     0     0     0     0     0       2
"Mazama_temama"                      0     0     0     0     0     0     0     0     0     0     0     0     0     0     0     0     1     0     0     0     0     0     0     0     0     0     0     9     0     0     0     0     0     0     0     0     0     0     0     0     0     0     0     0     0     0     0     0     0       2
"Sciurus_aestuans"                   0     3     0     0     0     0     0     0     0     0     0     0     0     0     0     0     0     0     3     0     0     0     0     0     0     0     0     0     0     0     0     0     0     0     0     0     0     0     0     0     0     0     0     0     0     0     0     0     0       2
"Sciurus_aureogas"                   0     0     0     0    19     2     0     0     0     0     0     0     0     0     0     0     0     0     0     0     0     0     0     0     0     0     0     0     0     0     0     0     0     0     0     0     0     0     0     0     0     0     0     0     0     0     0     0     0       2
"Equus_ferus"                        0     0     3     0     0     0     0     0     0     0     0     0     0     0     0   137     0     0     0     0     0     0     0     0     0     0     0     0     0     0     0     0     0     0     0     0     0     0     0     0     0     0     0     0     0     0     0     0     0       2
"Sciurus_granaten"                   0     0     0     0     0     0     0     0     0     0     0     1     0     0     0     0     0     0     0     0     0     0     0     0     0     0     0     0     0     0     0     0     0     0     0     0     0     0     1     0     0     0     0     0     0     0     0     0     0       2
"Spilogale_putori"                   0     0     0     0     2     0     2     0     0     0     0     0     0     0     0     0     0     0     0     0     0     0     0     0     0     0     0     0     0     0     0     0     0     0     0     0     0     0     0     0     0     0     0     0     0     0     0     0     0       2
"Cebus_nigritus"                     0     0     0     0     0     0     0     0     0     0     0     0     0     3     0     0     0     0     0     0     0     0     0     1     0     0     0     0     0     0     0     0     0     0     0     0     0     0     0     0     0     0     0     0     0     0     0     0     0       2
"Myoprocta_acouch"                  17    77     0     0     0     0     0     0     0     0     0     0     0     0     0     0     0     0     0     0     0     0     0     0     0     0     0     0     0     0     0     0     0     0     0     0     0     0     0     0     0     0     0     0     0     0     0     0     0       2
"Cebus_xanthoster"                   0     0     0     0     0     0     0     3     0     0     0     0     0     0     3     0     0     0     0     0     0     0     0     0     0     0     0     0     0     0     0     0     0     0     0     0     0     0     0     0     0     0     0     0     0     0     0     0     0       2
"Homo_sapiens"                       0     0     0     0     0     0     0     0     0     0     0     0     0     0     0   351     0     0     0     0     0     0     0     0     0     0     0     0     0     0     0     0     0     0     0     0     0     0     0     0     0     0     8     0     0     0     0     0     0       2
"Alces_alces"                        0     0     0     0     0     0     0     0     0     0     0     0     0     0     0    31     0     0     0     0     0     0     0     0     0     0     0     0     0     0     0     0     0     0     0     0     0     0     0     0     0     0     0     0     0     0     0     2     0       2
"Leontopithecus_c"                   0     0     0     0     0     0     0   120     0     0     0     0     0     0   379     0     0     0     0     0     0     0     0     0     0     0     0     0     0     0     0     0     0     0     0     0     0     0     0     0     0     0     0     0     0     0     0     0     0       2
"Tapirus_bairdii"                    0     0     0     0     0     0     0     0     9     0     0     0     0     0     0     0    33     0     0     0     0     0     0     0     0     0     0     0     0     0     0     0     0     0     0     0     0     0     0     0     0     0     0     0     0     0     0     0     0       2
"Dasypus_kappleri"                  11     8     0     0     0     0     0     0     0     0     0     0     0     0     0     0     0     0     0     0     0     0     0     0     0     0     0     0     0     0     0     0     0     0     0     0     0     0     0     0     0     0     0     0     0     0     0     0     0       2
"Taxidea_taxus"                      0     0     0     0     0     0     1     0     0     0     0     0     0     0     0     0     0     0     0     0     0     0     0     0     5     0     0     0     0     0     0     0     0     0     0     0     0     0     0     0     0     0     0     0     0     0     0     0     0       2
"Chrysocyon_brach"                   0     0     0     0     0     0     0     0     0     0     0     0     0     0     0     0     0     0     0     0     0     0     0     0     0    45     0     0     0     0     0    20     0     0     0     0     0     0     0     0     0     0     0     0     0     0     0     0     0       2
"Tremarctos_ornat"                   0     0     0     0     0     0     0     0     0     0     0     0     0     0     0     0     0     0     0     0     0     0     0     0     0     0     0     0     0     0     0     0     0     0     0     0     0     0     0     3     0     0     8     0     0     0     0     0     0       2
"Leopardus_tigrin"                   0     0     0     0     0     0     0     0     0     0     0     0     1     0     0     0     0     0     2     0     0     0     0     0     0     0     0     0     0     0     0     0     0     0     0     0     0     0     0     0     0     0     0     0     0     0     0     0     0       2
"Potos_flavus"                       0     0     0     0     0     0     0     1     0     0     0     0     0     0     4     0     0     0     0     0     0     0     0     0     0     0     0     0     0     0     0     0     0     0     0     0     0     0     0     0     0     0     0     0     0     0     0     0     0       2
"Cabassous_tatoua"                   0     0     0     0     0     0     0     0     0     0     0     0     0     0     0     0     0     0     0     0     0     0     0     0     0     0     0     0     0     0     0     0     0     0     1     0     0     0     0     0     0     3     0     0     0     0     0     0     0       2
"Blastocerus_dich"                   0     0     0     0     0     0     0     0     0     0     0     0     0     0     0     0     0     0     0     0     2     0     0     0     0     0     0     0     0     0     0     0     0     0     0     0     0     0     0     0     0     0     0     0     0     0     0     0     0       1
"Ateles_belzebuth"                   0     0     0     0     0     0     0     0     0     0     0     0     0     0     0     0     0     1     0     0     0     0     0     0     0     0     0     0     0     0     0     0     0     0     0     0     0     0     0     0     0     0     0     0     0     0     0     0     0       1
"Castor_canadensi"                   0     0     0     0     0     0     0     0     0     0     0     0     0     0     0     0     0     0     0     0     0     0     0     0     0     0     3     0     0     0     0     0     0     0     0     0     0     0     0     0     0     0     0     0     0     0     0     0     0       1
"Philander_opossu"                   0     0     0     0     0     0     0     0     1     0     0     0     0     0     0     0     0     0     0     0     0     0     0     0     0     0     0     0     0     0     0     0     0     0     0     0     0     0     0     0     0     0     0     0     0     0     0     0     0       1
"Lepus_alleni"                       0     0     0     0     0     0    25     0     0     0     0     0     0     0     0     0     0     0     0     0     0     0     0     0     0     0     0     0     0     0     0     0     0     0     0     0     0     0     0     0     0     0     0     0     0     0     0     0     0       1
"Lepus_americanus"                   0     0     0     0     0     0     0     0     0     0     0     0     0     0     0     0     0     0     0     0     0     0     0     0    47     0     0     0     0     0     0     0     0     0     0     0     0     0     0     0     0     0     0     0     0     0     0     0     0       1
"Equus_africanus"                    0     0     4     0     0     0     0     0     0     0     0     0     0     0     0     0     0     0     0     0     0     0     0     0     0     0     0     0     0     0     0     0     0     0     0     0     0     0     0     0     0     0     0     0     0     0     0     0     0       1
"Lontra_canadensi"                   0     0     0     0     0     0     0     0     0     0     0     0     0     0     0     0     0     0     0     0     0     0     0     0     0     0     2     0     0     0     0     0     0     0     0     0     0     0     0     0     0     0     0     0     0     0     0     0     0       1
"Proechimys_semis"                   0     0     0     0     0     0     0     0     0     0     0     4     0     0     0     0     0     0     0     0     0     0     0     0     0     0     0     0     0     0     0     0     0     0     0     0     0     0     0     0     0     0     0     0     0     0     0     0     0       1
"Lontra_longicaud"                   0     0     0     0     0     0     0     0     0     0     0     0     0     0     0     0     0     0     0     1     0     0     0     0     0     0     0     0     0     0     0     0     0     0     0     0     0     0     0     0     0     0     0     0     0     0     0     0     0       1
"Lycalopex_culpae"                   0     0     0     0     0     0     0     0     0     0     0     0     0     0     0     0     0     0     0     0     0     0     0     0     0     0     0     0     0     0     0     0     0     0     0     0     0     0     0     4     0     0     0     0     0     0     0     0     0       1
"Lycalopex_gymnoc"                   0     0     0     0     0     0     0     0     0    38     0     0     0     0     0     0     0     0     0     0     0     0     0     0     0     0     0     0     0     0     0     0     0     0     0     0     0     0     0     0     0     0     0     0     0     0     0     0     0       1
"Rangifer_tarandu"                   0     0     0     0     0     0     0     0     0     0     0     0     0     0     0     0     0     0     0     0     0     0     0     0     0     0     0     0     0     0     0     0     0     0     0     0     0     0     0     0     0     0     0     0     0     0     0  2712     0       1
"Rattus_norvegicu"                   0     0     0     0     0     0     0     0     0     0     0     0     0     0     0     0     0     0     0     0     0     0    20     0     0     0     0     0     0     0     0     0     0     0     0     0     0     0     0     0     0     0     0     0     0     0     0     0     0       1
"Saimiri_bolivien"                   1     0     0     0     0     0     0     0     0     0     0     0     0     0     0     0     0     0     0     0     0     0     0     0     0     0     0     0     0     0     0     0     0     0     0     0     0     0     0     0     0     0     0     0     0     0     0     0     0       1
"Sapajus_nigritus"                   0     0     0     0     0     0     0     0     0     0     0     0     0     0     0     0     0     0     0     0     0     0     0     0     0     0     0     0     0     0     0     0     0     0     4     0     0     0     0     0     0     0     0     0     0     0     0     0     0       1
"Sciurus_aberti"                     0     0     0     0     0     0     0     0     0     0     0     0     0     0     0    40     0     0     0     0     0     0     0     0     0     0     0     0     0     0     0     0     0     0     0     0     0     0     0     0     0     0     0     0     0     0     0     0     0       1
"Dasyprocta_mexic"                   0     0     0     0     0     1     0     0     0     0     0     0     0     0     0     0     0     0     0     0     0     0     0     0     0     0     0     0     0     0     0     0     0     0     0     0     0     0     0     0     0     0     0     0     0     0     0     0     0       1
"Erethizon_dorsat"                   0     0     0     0     0     0     0     0     0     0     0     0     0     0     0     0     0     0     0     0     0     0     0     0     1     0     0     0     0     0     0     0     0     0     0     0     0     0     0     0     0     0     0     0     0     0     0     0     0       1
"Conepatus_mesole"                   0     0     0     0     0     0     1     0     0     0     0     0     0     0     0     0     0     0     0     0     0     0     0     0     0     0     0     0     0     0     0     0     0     0     0     0     0     0     0     0     0     0     0     0     0     0     0     0     0       1
"Sciurus_colliaei"                   0     0     0     0     0     0     0     0     0     0    10     0     0     0     0     0     0     0     0     0     0     0     0     0     0     0     0     0     0     0     0     0     0     0     0     0     0     0     0     0     0     0     0     0     0     0     0     0     0       1
"Mazama_nana"                        0     0     0     0     0     0     0     0     0     0     0     0     1     0     0     0     0     0     0     0     0     0     0     0     0     0     0     0     0     0     0     0     0     0     0     0     0     0     0     0     0     0     0     0     0     0     0     0     0       1
"Sciurus_ignivent"                   0     0     0     0     0     0     0     0     0     0     0     0     0     0     0     0     0     1     0     0     0     0     0     0     0     0     0     0     0     0     0     0     0     0     0     0     0     0     0     0     0     0     0     0     0     0     0     0     0       1
"Sciurus_spadiceu"                   5     0     0     0     0     0     0     0     0     0     0     0     0     0     0     0     0     0     0     0     0     0     0     0     0     0     0     0     0     0     0     0     0     0     0     0     0     0     0     0     0     0     0     0     0     0     0     0     0       1
"Speothos_venatic"                   0     1     0     0     0     0     0     0     0     0     0     0     0     0     0     0     0     0     0     0     0     0     0     0     0     0     0     0     0     0     0     0     0     0     0     0     0     0     0     0     0     0     0     0     0     0     0     0     0       1
"Spermophilus_var"                   0     0     0     0     0     0     5     0     0     0     0     0     0     0     0     0     0     0     0     0     0     0     0     0     0     0     0     0     0     0     0     0     0     0     0     0     0     0     0     0     0     0     0     0     0     0     0     0     0       1
"Sphiggurus_insid"                   0     0     0     0     0     0     0     1     0     0     0     0     0     0     0     0     0     0     0     0     0     0     0     0     0     0     0     0     0     0     0     0     0     0     0     0     0     0     0     0     0     0     0     0     0     0     0     0     0       1
"Mazama_nemorivag"                   0    55     0     0     0     0     0     0     0     0     0     0     0     0     0     0     0     0     0     0     0     0     0     0     0     0     0     0     0     0     0     0     0     0     0     0     0     0     0     0     0     0     0     0     0     0     0     0     0       1
"Spilogale_pygmae"                   0     0     0     0     0     1     0     0     0     0     0     0     0     0     0     0     0     0     0     0     0     0     0     0     0     0     0     0     0     0     0     0     0     0     0     0     0     0     0     0     0     0     0     0     0     0     0     0     0       1
"Mazama_rufina"                      0     0     0     0     0     0     0     0     0     0     0     0     0     0     0     0     0     0     0     0     0     0     0     0     0     0     0     0     0     0     0     0     0     0     0     0     0     0     0     0     0     0    10     0     0     0     0     0     0       1
"Euryoryzomys_leg"                   0     0     2     0     0     0     0     0     0     0     0     0     0     0     0     0     0     0     0     0     0     0     0     0     0     0     0     0     0     0     0     0     0     0     0     0     0     0     0     0     0     0     0     0     0     0     0     0     0       1
"Sylvilagus_cunic"                   0     0     0     0    36     0     0     0     0     0     0     0     0     0     0     0     0     0     0     0     0     0     0     0     0     0     0     0     0     0     0     0     0     0     0     0     0     0     0     0     0     0     0     0     0     0     0     0     0       1
"Dasypus_hybridus"                   0     0     0     0     0     0     0     0     0    15     0     0     0     0     0     0     0     0     0     0     0     0     0     0     0     0     0     0     0     0     0     0     0     0     0     0     0     0     0     0     0     0     0     0     0     0     0     0     0       1
"Sylvilagus_nutta"                   0     0     0     0     0     0     0     0     0     0     0     0     0     0     0   110     0     0     0     0     0     0     0     0     0     0     0     0     0     0     0     0     0     0     0     0     0     0     0     0     0     0     0     0     0     0     0     0     0       1
"Galictis_vittata"                   0     0     0     0     0     0     0     0     1     0     0     0     0     0     0     0     0     0     0     0     0     0     0     0     0     0     0     0     0     0     0     0     0     0     0     0     0     0     0     0     0     0     0     0     0     0     0     0     0       1
"Mustela_erminea"                    0     0     0     0     0     0     0     0     0     0     0     0     0     0     0     0     0     0     0     0     0     0     0     0     3     0     0     0     0     0     0     0     0     0     0     0     0     0     0     0     0     0     0     0     0     0     0     0     0       1
"Mustela_frenata"                    0     0     0     0     0     0     0     0     0     0     0     0     0     0     0     0     0     0     0     0     0     0     0     0     0     0     0     0     0     0     0     0     0     0     0     0     0     0     0     1     0     0     0     0     0     0     0     0     0       1
"Cervus_canadensi"                   0     0     0     0     0     0     0     0     0     0     0     0     0     0     0    14     0     0     0     0     0     0     0     0     0     0     0     0     0     0     0     0     0     0     0     0     0     0     0     0     0     0     0     0     0     0     0     0     0       1
"Tapirus_pinchaqu"                   0     0     0     0     0     0     0     0     0     0     0     0     0     0     0     0     0     0     0     0     0     0     0     0     0     0     0     0     0     0     0     0     0     0     0     0     0     0     0     0     0     0    57     0     0     0     0     0     0       1
"Myoprocta_partti"                   0     0     0     0     0     0     0     0     0     0     0     0     0     0     0     0     0    16     0     0     0     0     0     0     0     0     0     0     0     0     0     0     0     0     0     0     0     0     0     0     0     0     0     0     0     0     0     0     0       1
"Myoprocta_pratti"                   0     0     0     0     0     0     0     0     0     0     0     0     0     0     0     0     0     0     0     0     0     0     0     0     0     0     0     0     0     0    24     0     0     0     0     0     0     0     0     0     0     0     0     0     0     0     0     0     0       1
"Chaetomys_subspi"                   0     0     0     0     0     0     0     1     0     0     0     0     0     0     0     0     0     0     0     0     0     0     0     0     0     0     0     0     0     0     0     0     0     0     0     0     0     0     0     0     0     0     0     0     0     0     0     0     0       1
"Tolypeutes_matac"                   0     0     0     1     0     0     0     0     0     0     0     0     0     0     0     0     0     0     0     0     0     0     0     0     0     0     0     0     0     0     0     0     0     0     0     0     0     0     0     0     0     0     0     0     0     0     0     0     0       1
"Cuniculus_taczan"                   0     0     0     0     0     0     0     0     0     0     0     0     0     0     0     0     0     0     0     0     0     0     0     0     0     0     0     0     0     0     0     0     0     0     0     0     0     0     0    34     0     0     0     0     0     0     0     0     0       1
"Leopardus_coloco"                   0     0     0     0     0     0     0     0     0     2     0     0     0     0     0     0     0     0     0     0     0     0     0     0     0     0     0     0     0     0     0     0     0     0     0     0     0     0     0     0     0     0     0     0     0     0     0     0     0       1
"Nasuella_olivace"                   0     0     0     0     0     0     0     0     0     0     0     0     0     0     0     0     0     0     0     0     0     0     0     0     0     0     0     0     0     0     0     0     0     0     0     0     0     0     0     0     0     0     2     0     0     0     0     0     0       1
"Ursus_arctos"                       0     0     0     0     0     0     0     0     0     0     0     0     0     0     0     0     0     0     0     0     0     0     0     0     0     0     0     0     0     0     0     0     0     0     0     0     0     0     0     0     0     0     0     0     0     0     0     1     0       1
"Dasyprocta_agout"                   0     0     0     0     0     0     0     0     0     0     0     0     0     0     0     0     0     0     0     0     0     0     0     0     0     0     0     0     0     0     0     0     0     0     0    12     0     0     0     0     0     0     0     0     0     0     0     0     0       1
 
                                    26    21    19    19    19    18    18    18    17    17    17    16    15    15    14    14    13    13    13    13    13    13    12    12    12    11    11    11    10    10    10    10    10    10     9     9     9     9     9     8     8     8     7     7     7     6     4     4     3
 
Last packed randomized matrix: NWLgMamm.txt   No. of Swaps:    61740
 
                                 "X190 "X199 "X193 "X194 "X191 "X192 "X199       "X198 "X201 "X192 "X192 "X194 "X189 "X202 "X197 "X193 "X191 "X189 "X190 "X188 "X198 "X197 "X199 "X198 "X189 "X192 "X193 "X192 "X201 "X191 "X201 "X192 "X190 "X201 "X189 "X194 "X200 "X195 "X196 "X192 "X198 "X197 "X190 "X196 "X192 "X196 "X201 "X201
 
"Dasypus_novemcin"                   3     2     4    47     1    27     2     1    13     0     1     0     4     0     6     0     1     1     0    53     8     0    76    11     0     0    35     1     3     0     0     1    46    47     0     2    32     0     3     0     2     2     0     1     8     0     0     0     0      31
"Leopardus_pardal"                   1     0     1     9     3     1     9     9     0     0     8     0    31     0    16     0    46     1    30    30    13    18     0    17    11     0     0     0     0     5     3    11     3     0     0     0    12     0     0    17     0     6     0     0     3     0     0     0     0      26
"Pecari_tajacu"                     71    77    38    24     0   139     4     0     0     0     7     0     0     0     4     0     0     0     0     0     0     0    44     3     1     3     0     4     2     0     0     0     0     0     0     7    22     3     0     5    19     0    42     0     0    85     1     0     0      22
"Puma_concolor"                      0     1    47     0     8     0     4     6     0     0     0     6    15     0     0     9     0    25     0    26     1     0     2     5     0     0     1     9     1    50     0     0     0    25    26     2     0     0     0     6     0     5     0     0     0     0     0     0     0      22
"Eira_barbara"                       1     0     2     1     0     0     8    44     0     0     0     1     0     9    68     0     1     0     1     0     1    23     0     0    11     0     5     1     0     1     0     0     0     7     0     0     0     0     1     0     0     4     0     0    63     0     0     0     0      20
"Cuniculus_paca"                     2     0     0     9     0     0     1     0    19     5     3     3     0     0    47     0    15     0     1     0     0     3     0     0     0     0     6     9     0    18     1     0     0    10   183     0     0     0    13     0     0    11     0     0     0     0     0     0     0      19
"Cerdocyon_thous"                   42    66     0    50    57     2     0     3   132     0    17     0     0     3     0     0    86     0     0     6     0     0     0     0     0     0     0    37     0     0     0     0     0     0     0    21     0     9     2     0     0     0    17     0     0     1     0     0     0      17
"Odocoileus_virgi"                  32     0    81    65     0    10     0   178    53  1603     0    86     0   103     7  1497     0    53     3    10   124     0     0     0     0     0     0     0     0     0     0     0     0     0   190     0     0     0     9     0     0     0     0     0     0     0     0     0     0      17
"Canis_latrans"                      6     0     0    37     0    24     0     0     1    12    32     0     0     5     0     0     0     0     0     2     0     5    68     0     3     9     0     5     0     0     0     0     0    24     0     0    54     0     0     6     0     0     0     0     0     0     0     0     0      16
"Procyon_lotor"                      0     0    19     0   758     1     0     0     0     0     0     0     1     1     0     0    67     0     7    19   223     0     0     0     0     1     0     0     0     0    62     0     0     0  1093     0     0     0     0     0     0     0     0     0    25     0     0     4     0      14
"Procyon_cancrivo"                  25     2     0     6     2     0     0    13     0     0     0     0     0     0     0     0     4     0     5     0     0     0     3     8    21     0     6     6     0     0     0     0     0     0     0     0     0     0     0     3     0     0     0     0     1     0     0     0     0      14
"Nasua_nasua"                        0     0     2    31     0     4     0    39     0     2     3     0     2     0     0     0     0     0     2     0     0     0     2     0    12     2     0     0    26     0     0     0     0     0     0     0     0     0     0     0     1     0     0     0     0     0     0     0     0      13
"Canis_lupus"                       19     1    89     0     0     0     0     0     3     0    61     0     0     0     0    66    68     0     0     0     3     0     0     0    61     7     0     0    10     0     0     0     0     0     0     0     0     0    21     0     0     0     0     0     0     0     0    15     0      13
"Sylvilagus_brasi"                   3     0     1    29     0     0     0     0    36     0     0    10     0     7     0   105     0     0     0    72     0     0     0     1     0     0     0     0     0     0     0     0     0     2     0     0     0     1     0     0     0     0     0     9     0     0     0     0     0      12
"Tapirus_terrestr"                  17     0     0   305     0    12     0     0     0     0    23     0     0     0     0   102     0     0     2     0     2     0     0     0     0     0     0     0     0     0     0     2     2    20     0     0    15     0     0     0     8     0     0     0     0     0     0     0     0      12
"Leopardus_wiedii"                  27     0     0     2     0     1     4     2     1     0     0     0     5     0     4     0     0     0     0     0     0     0     0     0     0     0     0     0     0     1     0     0     0     0     0     0     0     5     0     0     0     0     0     0     0    15     0     0     0      11
"Panthera_onca"                     51     1     0    14    11     0     1     0     0    19     0     0     9     1     0     0     0     0    20     0     0    13     0     0     0     0     0     0     0     0     0     0     0     0     0     0     3     0     0     0     0     0     0     0     0     0     0     0     0      11
"Didelphis_virgin"                  28     0     1   385     5     0     0     0    88    22    10     0     0     0     4     0    20     0     0     0     0     4     0     0     0     0     0     0     0     0     0     0     0     0     0     0     0     0     0     0     0     0     0     0     0     0     0     0     0      10
"Puma_yagouaround"                   0     0     0     0     0     0     0     2    14     0     0     0     0     0     0     2     0     0     0     1     0     0     0     1     0     0     0     0     1     0     0     0     0     0     1     0     0     5     4     0     4     0     0     0     0     0     0     0     0      10
"Lynx_rufus"                        13     3     0     0    10     0     0     4     0     0     0     0     0     0     0    13     0     1     0     0     0     0     3    15     0     0     0     0     0     0     0     0     0     0     0     0     0     0     0     0    11     0     0     0     0     0     0     0     2      10
"Mazama_gouazoubi"                  22     3     5     0     2     0     0     0     0    24     0     0     0     0     0     3    72     0     0     0     0     0     0     0     0     0     0     0     0     0     0     0     0     0     0    53     0     0     0     0     0     0     0    15     0     0    24     0     0      10
"Tamandua_tetrada"                   0     4     0     0     0     0     0     0     0     0     1     0     0     0     0     1     0     0     0     0     0     0     4     0     0     1     0     0     2     0     1     0     0     0     0     0     0     0     0     0     0     0     0     6     1     0     0     0     0       9
"Sylvilagus_flori"                   1   101     0     0     0     0     0     0    29     0     0     0    12     0     0     0     0     0     0   350     0     6     0     0     0     0   130     0     0     0     0     0     0     0     0     3     0     0     0     0     0     0     0     0     0     0    91     0     0       9
"Urocyon_cinereoa"                  66     0     0     0     0     0     0     0     0     0     0     5     0     0     0    39     0     0     0     0    34     0     0     5     0     3     8     0     0     0     1     0     0     0     0     0     0    88     0     0     0     0     0     0     0     0     0     0     0       9
"Myrmecophaga_tri"                   0     0     0     0     0     0     0     0     0     0     0     0     0     2     0     1     0     0     0     0     0     1     4     0     0     0     0     0     0     0     0     0     2     0     0     0     0     0     0     0     0     7     1     0     0     1     0     0     0       8
"Nasua_narica"                       0     0     0     0   174     0     0     0    51     0     0     0    10     0    10    33     0    58     0     0     0    68     0     0     0     0     0     0     0     0     0     0     0     0     6     0     0     0     0     0     0     0     0     0     0     0     0     0     0       8
"Didelphis_marsup"                   0     0     0     0     0     0     0     0     0     0     0    23   173     9     0     0     0     0     0     8     0     0     0     0     0     0     0    37     0   122     0     0     3     0     0     0     0     0     0     7     0     0     0     0     0     0     0     0     0       8
"Mazama_americana"                   3     0     0     0     0     0    37    21     0     0     0     0    39     0     0     0     0     0    20     0     0     0     0     0     0   347     0     0     0     4     0     0     0     0     0     0     0     0     0     0     0     0     0     0     0     2     0     0     0       8
"Hydrochoerus_hyd"                   0     3     0     0     0     0     0     0     0     1     0     2     0     0     0     0     0     0     0     0     0     3     2     0     0     0     0     0     0     1     0     0     1     0     0     0     0     0     0     0     0     1     0     0     0     0     0     0     0       8
"Dasyprocta_punct"                   0     0     0     0     0     0     0     0     0     0   668    43    98     0   125     0     0     0    12     0     0     0     0     0     0     0     0     0     0     0   405     0     0     0     0     0     0     0     0     0     0     0     0     0    18     0     0     0     0       7
"Didelphis_aurita"                  36     0     0     0     0     0     0     0     0     0     0     0     8    17     0     0     0     0     0     0     0     0     0     0     0     0     7     3     0     0     0     0  1283     0     0     0     0     0     0     0     0     0    26     0     0     0     0     0     0       7
"Dasyprocta_azara"                   0    45     0     0     0    13     0     0    37     0     0     0     0     0     0     0     0     0     0     0     0     0     0    55    13     0     0     0     0   122     0     0     0     0     0     0     0     0     0     0     0     0     0     0     0     0     0     0     0       6
"Sus_scrofa"                         0     0     0     0     0   189     1     0     0     0     0    14     0     0     0     0     0     0     0     0     0     0     0     0     0     0     0     0     0     0     0     0     0     0     0     0     1     0     0     0     0     0     0     0     0     2     0     0     0       5
"Euphractus_sexci"                   0     0     3     0     0     0     0     0     0     0     0    16     0     0     0     0     0     0     0     0     2     3     0     0     0     0     0     0     0     0     0     0     0     0     0     0     0     0     0     0     2     0     0     0     0     0     0     0     0       5
"Mephitis_mephiti"                   0     0    11     0     0     0     0     0     0     0     0     4     0     0     0     0     0     0     0     0     0     0     0     0     0     0    13     0     0     0     0     0     0     0     0     0     0     0     0     4     2     0     0     0     0     0     0     0     0       5
"Conepatus_chinga"                   0     6     0    21     9     0     0     0     0     0     0     6     0     0     0     0     0     0     0     0     0     0     0     0     0     0     0     0     0     0     0     0     0     0     4     0     0     0     0     0     0     0     0     0     0     0     0     0     0       5
"Didelphis_albive"                   1     0     0     0     0     0     0     0     0     0     0     0     0     0     0     0     0     2     0     0     0     0     0     0     1     0     0     0     0     0     0     0     0     0     0     0     0     0     0     0     0     0     0     2     0     0     0     0    46       5
"Sciurus_caroline"                   0    43     0    55  1887     0     0     0     0     0     0     0     0     0     0     0     0     0     0  1044     0     0     0     0     0     0     0     0    37     0     0     0     0     0     0     0     0     0     0     0     0     0     0     0     0     0     0     0     0       5
"Priodontes_maxim"                   2     0     0     0     0     0     0     0     0     0     0     0     0     0     0     0     0     0     0     0     0     0     0     0     0     0     0     0     0     0     0    12     2     0     0     0     0     0     0     0     0     0     0     0     0     0     0     3     0       4
"Tamias_striatus"                   99     0     0     0     0     0     0     9     0     0     0    13     0     0     0     0     0     0     0     0     0     0     0     0     0     0     0     0     0     0     0     0     0     0     0     0     0     0     0     0     0     0    18     0     0     0     0     0     0       4
"Felis_catus"                        0     1     1     0     0   352     0     0     0     0     0     0     0     0     0     0     0     0     0     0     0     0     0     0     0     0     0     0     3     0     0     0     0     0     0     0     0     0     0     0     0     0     0     0     0     0     0     0     0       4
"Tayassu_pecari"                     0     0     0     0     0     0   210     0     0     1     0     0     0     0     6     0     0     0     0     0     0     0     0     0     0     0     0     0     0     0     0     0     0     0     0     0     0     6     0     0     0     0     0     0     0     0     0     0     0       4
"Lepus_europaeus"                    0     0     0     0     0     0     0     0     0     0     0     0     0     0     0     0     0     0     7     0     0     0     0     0     0     0     0     0     0     0     0     0     0     0     0     0     0     0     5     2     0     0     0     1     0     0     0     0     0       4
"Ursus_americanus"                   0     0     0     0     0     0     0     0     0    24     0     0     0     0     0     0     0   361     0     0     0     0     0     0     0     0     0     0     0     0     0     0     0     0     0    17     0     0     0     0     0     0     0     0     0     0     0    16     0       4
"Bos_taurus"                         0     0     0     0     0     0    18     0     0     0     0     0     0     0     0    62     0     0     0     0     0     0     0     0     0     7     0     0     0     0     0     0     0     0     0     0     0     0     0     0     0     0     0     0     0     0     0     0     0       3
"Conepatus_leucon"                   0     0     0     3     0     0     0     0     0     0     0     0     0     0     0     0     0     0     0     0     0     0     0     0     0     0     0     0     0     0     0     3     0     0     0     0     3     0     0     0     0     0     0     0     0     0     0     0     0       3
"Tamandua_mexican"                   0     0     0     0     0     0     0     0     0     0     0     1     0     0     0     0     0     0     0     0     0     0     0     0     1     3     0     0     0     0     0     0     0     0     0     0     0     0     0     0     0     0     0     0     0     0     0     0     0       3
"Leopardus_geoffr"                   0     0     0     0     0     0     0     0     0     3     0     2     0    15     0     0     0     0     0     0     0     0     0     0     0     0     0     0     0     0     0     0     0     0     0     0     0     0     0     0     0     0     0     0     0     0     0     0     0       3
"Pseudalopex_gymn"                   0     0     5     0     0     0     0     0     0     0     0     0     0     0     0     0     0     0     0     0     0     0     0     0    11     0     0     0     0     0     0     0    15     0     0     0     0     0     0     0     0     0     0     0     0     0     0     0     0       3
"Odocoileus_hemio"                   0     0     0     0     0     0     0    28     0     0     0     0     0     0    40     0     0  2059     0     0     0     0     0     0     0     0     0     0     0     0     0     0     0     0     0     0     0     0     0     0     0     0     0     0     0     0     0     0     0       3
"Dasyprocta_fulig"                   0     0     0     0    20     0     0     0     0     0    10     0     0     0     0     0     0     0     0     0     0     0     0     0     0     0     0     0     0     0     0   105     0     0     0     0     0     0     0     0     0     0     0     0     0     0     0     0     0       3
"Mephitis_macrour"                   0     0     0     0     6     0     0     0     0     0     0     0     0     0     0     0     0     0     0     0     0     0     0     0     0     0     4     0     0     0     0     0     0     0     0     1     0     0     0     0     0     0     0     0     0     0     0     0     0       3
"Dasyprocta_lepor"                   0     1     0     0     0     0    17     0     0     0     0     0     0     0     0     0     0   141     0     0     0     0     0     0     0     0     0     0     0     0     0     0     0     0     0     0     0     0     0     0     0     0     0     0     0     0     0     0     0       3
"Vulpes_vulpes"                      0     0     0     0     0     0     0     0     0     0     0     0     0     0     0     0    67     0     0     0     0     0     0    55     0     0     0     5     0     0     0     0     0     0     0     0     0     0     0     0     0     0     0     0     0     0     0     0     0       3
"Callithrix_kuhli"                   0     0     0     0     0     0     0     0     0     0     0     0     0     0     0     0     0     0     0     0     0     0     0   460     0     0     0     0     0     0     0     0     0     0     0     0     0   200     0     0     0     0     0     0     0     0     0     0     0       2
"Conepatus_semist"                   0     0     0     0     0     0     0     0     0     0     0     0     0     0     0     0     2     0     0     0     0     0     0     0     1     0     0     0     0     0     0     0     0     0     0     0     0     0     0     0     0     0     0     0     0     0     0     0     0       2
"Atelocynus_micro"                   0    11     0     0     0     1     0     0     0     0     0     0     0     0     0     0     0     0     0     0     0     0     0     0     0     0     0     0     0     0     0     0     0     0     0     0     0     0     0     0     0     0     0     0     0     0     0     0     0       2
"Bassariscus_astu"                   0     0     0     0     0     0     0     0     0     0     5     0     0     0     4     0     0     0     0     0     0     0     0     0     0     0     0     0     0     0     0     0     0     0     0     0     0     0     0     0     0     0     0     0     0     0     0     0     0       2
"Mazama_temama"                      0     0     0     0     0     0     9     0     0     0     0     0     0     0     0     0     0     0     0     0     0     0     0     0     0     0     0     0     0     0     1     0     0     0     0     0     0     0     0     0     0     0     0     0     0     0     0     0     0       2
"Sciurus_aestuans"                   0     0     0     0     0     0     0     0     0     0     0     0     0     0     0     3     0     0     0     0     0     0     0     0     0     0     0     0     0     0     0     3     0     0     0     0     0     0     0     0     0     0     0     0     0     0     0     0     0       2
"Sciurus_aureogas"                   0     0     0     0     0     0     0     0     0     0     0     0     0     0     0     0     0     0     2     0     0     0     0     0     0     0     0     0     0     0     0    19     0     0     0     0     0     0     0     0     0     0     0     0     0     0     0     0     0       2
"Equus_ferus"                        0     0     0     0     0     0     0     0     0   137     0     0     0     0     0     0     0     0     0     0     0     0     0     0     0     0     0     0     0     0     0     3     0     0     0     0     0     0     0     0     0     0     0     0     0     0     0     0     0       2
"Sciurus_granaten"                   0     0     0     0     0     0     0     0     0     1     0     0     0     1     0     0     0     0     0     0     0     0     0     0     0     0     0     0     0     0     0     0     0     0     0     0     0     0     0     0     0     0     0     0     0     0     0     0     0       2
"Spilogale_putori"                   0     0     0     0     2     0     0     0     0     0     0     0     0     0     0     0     0     0     0     0     2     0     0     0     0     0     0     0     0     0     0     0     0     0     0     0     0     0     0     0     0     0     0     0     0     0     0     0     0       2
"Cebus_nigritus"                     0     0     0     0     0     0     0     0     0     0     0     0     0     0     0     0     0     0     0     1     0     0     0     0     0     0     0     0     0     0     0     0     3     0     0     0     0     0     0     0     0     0     0     0     0     0     0     0     0       2
"Myoprocta_acouch"                   0     0     0     0     0     0     0    77     0     0     0     0     0     0     0     0     0     0     0     0     0     0     0     0     0     0     0     0    17     0     0     0     0     0     0     0     0     0     0     0     0     0     0     0     0     0     0     0     0       2
"Cebus_xanthoster"                   0     0     0     0     0     0     0     0     0     0     0     0     3     0     0     0     0     0     0     0     0     0     0     0     0     0     3     0     0     0     0     0     0     0     0     0     0     0     0     0     0     0     0     0     0     0     0     0     0       2
"Homo_sapiens"                       0     0     0     0     8     0     0     0     0     0     0     0     0   351     0     0     0     0     0     0     0     0     0     0     0     0     0     0     0     0     0     0     0     0     0     0     0     0     0     0     0     0     0     0     0     0     0     0     0       2
"Alces_alces"                        0     0     2     0     0     0     0     0     0     0     0     0     0     0     0     0     0     0     0     0     0     0     0     0     0     0     0     0     0     0    31     0     0     0     0     0     0     0     0     0     0     0     0     0     0     0     0     0     0       2
"Leontopithecus_c"                 120     0     0     0     0     0     0     0   379     0     0     0     0     0     0     0     0     0     0     0     0     0     0     0     0     0     0     0     0     0     0     0     0     0     0     0     0     0     0     0     0     0     0     0     0     0     0     0     0       2
"Tapirus_bairdii"                    0     9     0     0     0     0     0     0     0     0     0     0     0     0     0     0     0     0     0     0     0     0     0     0     0     0     0     0     0     0     0     0     0    33     0     0     0     0     0     0     0     0     0     0     0     0     0     0     0       2
"Dasypus_kappleri"                   0     0     0     0     0     0     8    11     0     0     0     0     0     0     0     0     0     0     0     0     0     0     0     0     0     0     0     0     0     0     0     0     0     0     0     0     0     0     0     0     0     0     0     0     0     0     0     0     0       2
"Taxidea_taxus"                      1     0     0     0     0     0     0     0     0     0     0     0     0     0     0     0     0     0     0     0     0     0     0     0     0     0     0     0     0     0     0     0     0     0     0     0     0     0     5     0     0     0     0     0     0     0     0     0     0       2
"Chrysocyon_brach"                   0     0     0     0     0     0     0     0     0    20     0     0    45     0     0     0     0     0     0     0     0     0     0     0     0     0     0     0     0     0     0     0     0     0     0     0     0     0     0     0     0     0     0     0     0     0     0     0     0       2
"Tremarctos_ornat"                   0     0     0     0     0     0     0     0     0     0     0     0     0     0     0     0     3     0     0     0     0     0     0     0     0     0     0     0     0     0     0     0     0     0     0     0     0     0     0     0     0     0     8     0     0     0     0     0     0       2
"Leopardus_tigrin"                   0     0     0     0     0     0     0     0     0     0     0     0     0     0     0     0     0     2     0     0     0     0     0     0     0     0     0     0     0     0     1     0     0     0     0     0     0     0     0     0     0     0     0     0     0     0     0     0     0       2
"Potos_flavus"                       0     0     0     0     0     0     0     0     0     0     0     0     0     0     0     0     0     4     0     0     0     0     0     0     0     0     0     0     0     0     0     1     0     0     0     0     0     0     0     0     0     0     0     0     0     0     0     0     0       2
"Cabassous_tatoua"                   0     0     0     0     0     0     0     0     0     0     0     0     0     0     0     0     0     0     0     0     0     0     3     0     0     0     0     0     0     0     0     0     0     0     0     0     0     0     0     0     0     0     0     0     0     0     0     0     1       2
"Blastocerus_dich"                   0     0     0     0     0     0     0     0     2     0     0     0     0     0     0     0     0     0     0     0     0     0     0     0     0     0     0     0     0     0     0     0     0     0     0     0     0     0     0     0     0     0     0     0     0     0     0     0     0       1
"Ateles_belzebuth"                   0     0     0     0     0     0     0     1     0     0     0     0     0     0     0     0     0     0     0     0     0     0     0     0     0     0     0     0     0     0     0     0     0     0     0     0     0     0     0     0     0     0     0     0     0     0     0     0     0       1
"Castor_canadensi"                   0     0     0     0     3     0     0     0     0     0     0     0     0     0     0     0     0     0     0     0     0     0     0     0     0     0     0     0     0     0     0     0     0     0     0     0     0     0     0     0     0     0     0     0     0     0     0     0     0       1
"Philander_opossu"                   0     0     0     0     0     0     1     0     0     0     0     0     0     0     0     0     0     0     0     0     0     0     0     0     0     0     0     0     0     0     0     0     0     0     0     0     0     0     0     0     0     0     0     0     0     0     0     0     0       1
"Lepus_alleni"                       0     0     0     0     0    25     0     0     0     0     0     0     0     0     0     0     0     0     0     0     0     0     0     0     0     0     0     0     0     0     0     0     0     0     0     0     0     0     0     0     0     0     0     0     0     0     0     0     0       1
"Lepus_americanus"                   0     0     0     0     0     0     0     0     0     0     0     0     0     0     0     0     0     0     0     0     0     0     0     0     0     0     0     0     0     0    47     0     0     0     0     0     0     0     0     0     0     0     0     0     0     0     0     0     0       1
"Equus_africanus"                    0     0     0     0     0     0     0     0     0     0     0     0     0     0     0     0     0     0     0     0     0     4     0     0     0     0     0     0     0     0     0     0     0     0     0     0     0     0     0     0     0     0     0     0     0     0     0     0     0       1
"Lontra_canadensi"                   0     0     2     0     0     0     0     0     0     0     0     0     0     0     0     0     0     0     0     0     0     0     0     0     0     0     0     0     0     0     0     0     0     0     0     0     0     0     0     0     0     0     0     0     0     0     0     0     0       1
"Proechimys_semis"                   0     0     0     0     0     0     0     0     0     0     0     0     0     0     0     0     0     0     0     0     0     0     0     0     0     0     0     0     0     0     0     0     0     0     0     0     0     0     0     0     0     0     0     0     0     0     4     0     0       1
"Lontra_longicaud"                   0     0     0     0     0     0     0     0     0     0     1     0     0     0     0     0     0     0     0     0     0     0     0     0     0     0     0     0     0     0     0     0     0     0     0     0     0     0     0     0     0     0     0     0     0     0     0     0     0       1
"Lycalopex_culpae"                   0     0     0     4     0     0     0     0     0     0     0     0     0     0     0     0     0     0     0     0     0     0     0     0     0     0     0     0     0     0     0     0     0     0     0     0     0     0     0     0     0     0     0     0     0     0     0     0     0       1
"Lycalopex_gymnoc"                   0     0     0     0     0     0     0     0     0    38     0     0     0     0     0     0     0     0     0     0     0     0     0     0     0     0     0     0     0     0     0     0     0     0     0     0     0     0     0     0     0     0     0     0     0     0     0     0     0       1
"Rangifer_tarandu"                   0     0  2712     0     0     0     0     0     0     0     0     0     0     0     0     0     0     0     0     0     0     0     0     0     0     0     0     0     0     0     0     0     0     0     0     0     0     0     0     0     0     0     0     0     0     0     0     0     0       1
"Rattus_norvegicu"                   0     0     0     0     0     0     0     0     0     0     0     0     0     0     0     0     0     0     0     0     0     0    20     0     0     0     0     0     0     0     0     0     0     0     0     0     0     0     0     0     0     0     0     0     0     0     0     0     0       1
"Saimiri_bolivien"                   0     0     0     0     0     0     0     0     0     0     0     0     0     0     0     0     0     0     0     0     0     0     0     0     0     0     0     0     0     0     0     0     0     0     0     0     0     1     0     0     0     0     0     0     0     0     0     0     0       1
"Sapajus_nigritus"                   0     0     0     0     0     0     0     0     0     0     0     0     0     0     0     0     0     0     0     0     0     0     0     0     0     0     0     0     0     0     0     0     0     0     0     0     0     0     0     0     0     4     0     0     0     0     0     0     0       1
"Sciurus_aberti"                     0     0     0     0     0    40     0     0     0     0     0     0     0     0     0     0     0     0     0     0     0     0     0     0     0     0     0     0     0     0     0     0     0     0     0     0     0     0     0     0     0     0     0     0     0     0     0     0     0       1
"Dasyprocta_mexic"                   0     0     0     0     0     0     0     0     1     0     0     0     0     0     0     0     0     0     0     0     0     0     0     0     0     0     0     0     0     0     0     0     0     0     0     0     0     0     0     0     0     0     0     0     0     0     0     0     0       1
"Erethizon_dorsat"                   0     0     0     0     0     0     0     0     0     0     1     0     0     0     0     0     0     0     0     0     0     0     0     0     0     0     0     0     0     0     0     0     0     0     0     0     0     0     0     0     0     0     0     0     0     0     0     0     0       1
"Conepatus_mesole"                   0     0     0     0     0     0     0     0     0     1     0     0     0     0     0     0     0     0     0     0     0     0     0     0     0     0     0     0     0     0     0     0     0     0     0     0     0     0     0     0     0     0     0     0     0     0     0     0     0       1
"Sciurus_colliaei"                   0     0     0     0     0    10     0     0     0     0     0     0     0     0     0     0     0     0     0     0     0     0     0     0     0     0     0     0     0     0     0     0     0     0     0     0     0     0     0     0     0     0     0     0     0     0     0     0     0       1
"Mazama_nana"                        0     0     0     0     0     0     0     0     0     0     0     0     0     0     0     0     0     0     0     0     0     0     0     0     0     1     0     0     0     0     0     0     0     0     0     0     0     0     0     0     0     0     0     0     0     0     0     0     0       1
"Sciurus_ignivent"                   0     0     0     0     0     0     1     0     0     0     0     0     0     0     0     0     0     0     0     0     0     0     0     0     0     0     0     0     0     0     0     0     0     0     0     0     0     0     0     0     0     0     0     0     0     0     0     0     0       1
"Sciurus_spadiceu"                   0     0     0     0     0     0     0     0     0     0     0     0     0     5     0     0     0     0     0     0     0     0     0     0     0     0     0     0     0     0     0     0     0     0     0     0     0     0     0     0     0     0     0     0     0     0     0     0     0       1
"Speothos_venatic"                   0     1     0     0     0     0     0     0     0     0     0     0     0     0     0     0     0     0     0     0     0     0     0     0     0     0     0     0     0     0     0     0     0     0     0     0     0     0     0     0     0     0     0     0     0     0     0     0     0       1
"Spermophilus_var"                   0     0     0     0     0     0     0     0     0     0     0     0     0     0     0     0     0     0     0     0     0     0     0     0     0     0     0     0     0     0     0     0     0     0     0     0     0     0     0     0     0     0     5     0     0     0     0     0     0       1
"Sphiggurus_insid"                   0     0     0     0     0     0     0     0     0     0     0     0     0     0     0     0     0     0     0     0     1     0     0     0     0     0     0     0     0     0     0     0     0     0     0     0     0     0     0     0     0     0     0     0     0     0     0     0     0       1
"Mazama_nemorivag"                   0     0     0     0     0     0     0     0     0     0     0     0     0     0     0     0     0     0     0     0     0     0     0     0     0     0     0     0     0     0     0     0     0    55     0     0     0     0     0     0     0     0     0     0     0     0     0     0     0       1
"Spilogale_pygmae"                   0     1     0     0     0     0     0     0     0     0     0     0     0     0     0     0     0     0     0     0     0     0     0     0     0     0     0     0     0     0     0     0     0     0     0     0     0     0     0     0     0     0     0     0     0     0     0     0     0       1
"Mazama_rufina"                      0     0     0     0     0     0     0    10     0     0     0     0     0     0     0     0     0     0     0     0     0     0     0     0     0     0     0     0     0     0     0     0     0     0     0     0     0     0     0     0     0     0     0     0     0     0     0     0     0       1
"Euryoryzomys_leg"                   0     0     0     0     0     0     0     0     0     0     0     0     0     0     0     0     0     0     0     0     0     0     0     0     0     0     0     0     0     0     0     0     0     0     2     0     0     0     0     0     0     0     0     0     0     0     0     0     0       1
"Sylvilagus_cunic"                   0     0     0     0     0     0     0     0     0     0     0     0     0     0     0     0     0    36     0     0     0     0     0     0     0     0     0     0     0     0     0     0     0     0     0     0     0     0     0     0     0     0     0     0     0     0     0     0     0       1
"Dasypus_hybridus"                   0     0     0     0     0    15     0     0     0     0     0     0     0     0     0     0     0     0     0     0     0     0     0     0     0     0     0     0     0     0     0     0     0     0     0     0     0     0     0     0     0     0     0     0     0     0     0     0     0       1
"Sylvilagus_nutta"                   0     0     0     0     0     0     0     0     0     0     0     0     0     0     0     0     0     0     0     0     0     0     0     0     0     0     0     0     0     0     0     0     0   110     0     0     0     0     0     0     0     0     0     0     0     0     0     0     0       1
"Galictis_vittata"                   0     0     0     0     0     0     0     0     0     0     0     0     0     0     0     0     0     0     0     0     0     0     0     0     0     0     0     0     0     0     0     0     0     0     1     0     0     0     0     0     0     0     0     0     0     0     0     0     0       1
"Mustela_erminea"                    0     0     0     0     0     0     3     0     0     0     0     0     0     0     0     0     0     0     0     0     0     0     0     0     0     0     0     0     0     0     0     0     0     0     0     0     0     0     0     0     0     0     0     0     0     0     0     0     0       1
"Mustela_frenata"                    0     0     0     0     0     0     0     0     0     0     0     0     0     0     0     0     0     0     0     0     0     0     0     0     0     0     0     0     0     0     0     0     0     0     0     1     0     0     0     0     0     0     0     0     0     0     0     0     0       1
"Cervus_canadensi"                   0     0     0     0     0     0     0     0     0     0     0     0     0     0     0     0     0     0     0     0     0     0     0     0     0     0     0     0     0     0     0     0     0     0     0     0     0     0     0     0     0     0     0    14     0     0     0     0     0       1
"Tapirus_pinchaqu"                   0     0     0     0     0     0     0     0     0     0     0     0     0     0     0     0     0     0     0     0    57     0     0     0     0     0     0     0     0     0     0     0     0     0     0     0     0     0     0     0     0     0     0     0     0     0     0     0     0       1
"Myoprocta_partti"                   0     0     0     0     0     0     0     0     0     0     0     0     0     0     0     0     0     0     0     0     0    16     0     0     0     0     0     0     0     0     0     0     0     0     0     0     0     0     0     0     0     0     0     0     0     0     0     0     0       1
"Myoprocta_pratti"                   0     0     0     0     0     0     0     0     0    24     0     0     0     0     0     0     0     0     0     0     0     0     0     0     0     0     0     0     0     0     0     0     0     0     0     0     0     0     0     0     0     0     0     0     0     0     0     0     0       1
"Chaetomys_subspi"                   0     0     0     0     1     0     0     0     0     0     0     0     0     0     0     0     0     0     0     0     0     0     0     0     0     0     0     0     0     0     0     0     0     0     0     0     0     0     0     0     0     0     0     0     0     0     0     0     0       1
"Tolypeutes_matac"                   0     0     0     0     0     0     0     0     0     0     0     0     0     0     0     0     0     0     0     0     0     0     0     0     0     0     0     0     0     0     0     0     0     0     0     0     1     0     0     0     0     0     0     0     0     0     0     0     0       1
"Cuniculus_taczan"                   0     0     0     0     0     0     0     0    34     0     0     0     0     0     0     0     0     0     0     0     0     0     0     0     0     0     0     0     0     0     0     0     0     0     0     0     0     0     0     0     0     0     0     0     0     0     0     0     0       1
"Leopardus_coloco"                   0     0     0     0     0     0     0     0     0     0     2     0     0     0     0     0     0     0     0     0     0     0     0     0     0     0     0     0     0     0     0     0     0     0     0     0     0     0     0     0     0     0     0     0     0     0     0     0     0       1
"Nasuella_olivace"                   0     0     0     0     0     0     0     0     0     0     0     0     0     0     0     0     0     0     0     0     0     0     0     0     0     0     0     0     0     2     0     0     0     0     0     0     0     0     0     0     0     0     0     0     0     0     0     0     0       1
"Ursus_arctos"                       0     0     0     0     0     0     0     0     0     0     0     0     0     0     1     0     0     0     0     0     0     0     0     0     0     0     0     0     0     0     0     0     0     0     0     0     0     0     0     0     0     0     0     0     0     0     0     0     0       1
"Dasyprocta_agout"                   0     0     0     0     0     0     0     0     0     0     0     0     0    12     0     0     0     0     0     0     0     0     0     0     0     0     0     0     0     0     0     0     0     0     0     0     0     0     0     0     0     0     0     0     0     0     0     0     0       1
 
                                    26    21    19    19    19    18    18    18    17    17    17    16    15    15    14    14    13    13    13    13    13    13    12    12    12    11    11    11    10    10    10    10    10    10     9     9     9     9     9     8     8     8     7     7     7     6     4     4     3
