<  File:  NWLgMamm.txt   Species:  126 Sites:   49 MatFill: 0.10 Occ:    597 1.000% Confidence limit  Index: c Model: fixed - fixed                      
 
#    No             Sp1                Sp2     S1  S2 Com  Obs.Score  Exp.Score  Exp.StDev   Skewness    LowerCL    UpperCL SigZ-Score      Alpha >MeanScore   >CLScore   >BJScore      Alpha
#     5 "Dasypus_novemcin" "Cuniculus_paca"    31  19  17      0.048      0.213      0.072      0.521      0.076      0.430      -2.30 0.02129835       0.00       0.00       0.00 1.00000000
#     6 "Dasypus_novemcin" "Cerdocyon_thous"   31  17  15      0.061      0.233      0.071      0.893      0.097      0.522      -2.42 0.01513970       0.00       0.00       0.00 1.00000000
#    10 "Dasypus_novemcin" "Procyon_cancrivo"  31  14  13      0.041      0.243      0.088      0.880      0.088      0.539      -2.29 0.02191430      -2.29       0.00       0.00 1.00000000
#    19 "Dasypus_novemcin" "Lynx_rufus"        31  10   1      0.871      0.263      0.117     -0.112      0.000      0.523       5.18 0.00000024       0.00       0.00       4.72 0.00000228
#    21 "Dasypus_novemcin" "Tamandua_tetrada"  31   9   9      0.000      0.284      0.115      0.390      0.082      0.602      -2.47 0.01320130       0.00       0.00       0.00 1.00000000
#    37 "Dasypus_novemcin" "Sciurus_caroline"  31   5   0      1.000      0.301      0.199      0.646      0.000      0.774       3.52 0.00041705       3.52       3.52       2.87 0.00398230
#   126 "Leopardus_pardal" "Pecari_tajacu"     26  22  19      0.037      0.245      0.073      0.473      0.105      0.498      -2.88 0.00388902      -2.88       0.00       0.00 1.00000000
#   128 "Leopardus_pardal" "Eira_barbara"      26  20  17      0.052      0.264      0.075      0.235      0.106      0.475      -2.83 0.00450629       0.00       0.00       0.00 1.00000000
#   143 "Leopardus_pardal" "Lynx_rufus"        26  10   1      0.865      0.359      0.137      0.426      0.065      0.738       3.70 0.00020653       0.00       0.00       3.08 0.00197209
#   261 "Pecari_tajacu"    "Tapirus_terrestr"  22  12  11      0.042      0.378      0.118      0.462      0.148      0.758      -2.84 0.00434375      -2.84      -2.84       0.00 1.00000000
#   263 "Pecari_tajacu"    "Panthera_onca"     22  11  11      0.000      0.402      0.139      0.441      0.107      0.868      -2.89 0.00379920       0.00       0.00       0.00 1.00000000
#   265 "Pecari_tajacu"    "Puma_yagouaround"  22  10   8      0.127      0.417      0.147      0.748      0.205      0.859      -1.97 0.04902399       0.00       0.00       0.00 1.00000000
#   272 "Pecari_tajacu"    "Nasua_narica"      22   8   8      0.000      0.443      0.152      0.048      0.085      0.835      -2.91 0.00356370       0.00       0.00       0.00 1.00000000
#   385 "Puma_concolor"    "Panthera_onca"     22  11  10      0.050      0.404      0.124      0.232      0.107      0.744      -2.86 0.00407171      -2.86      -2.86       0.00 1.00000000
#   393 "Puma_concolor"    "Myrmecophaga_tri"  22   8   8      0.000      0.425      0.154     -0.039      0.085      0.682      -2.77 0.00553238       0.00       0.00       0.00 1.00000000
#   497 "Eira_barbara"     "Odocoileus_virgi"  20  17   3      0.700      0.375      0.101      0.124      0.159      0.612       3.23 0.00119352       0.00       0.00       0.00 1.00000000
#   498 "Eira_barbara"     "Canis_latrans"     20  16   1      0.891      0.372      0.125      0.763      0.141      0.788       4.15 0.00003147       0.00       0.00       3.60 0.00030051
#   499 "Eira_barbara"     "Procyon_lotor"     20  14   1      0.882      0.388      0.114      0.352      0.196      0.668       4.32 0.00001502       0.00       0.00       3.79 0.00014342
#   500 "Eira_barbara"     "Procyon_cancrivo"  20  14  11      0.096      0.414      0.140      0.331      0.143      0.771      -2.27 0.02312893       0.00       0.00       0.00 1.00000000
#   501 "Eira_barbara"     "Nasua_nasua"       20  13  11      0.069      0.394      0.110      0.023      0.115      0.654      -2.96 0.00297171       0.00       0.00       0.00 1.00000000
#   507 "Eira_barbara"     "Didelphis_virgin"  20  10   0      1.000      0.441      0.145      0.192      0.120      0.855       3.84 0.00011498       3.84       3.84       3.25 0.00109788
#   509 "Eira_barbara"     "Lynx_rufus"        20  10   0      1.000      0.447      0.144      0.336      0.195      0.855       3.84 0.00011510       3.84       3.84       3.25 0.00109902
#   512 "Eira_barbara"     "Sylvilagus_flori"  20   9   0      1.000      0.453      0.158      0.396      0.144      0.844       3.45 0.00053853       3.45       3.45       2.79 0.00514222
#   513 "Eira_barbara"     "Urocyon_cinereoa"  20   9   0      1.000      0.444      0.143      0.195      0.144      0.844       3.88 0.00009733       3.88       3.88       3.30 0.00092941
#   520 "Eira_barbara"     "Didelphis_aurita"  20   7   7      0.000      0.492      0.171      0.122      0.100      1.000      -2.88 0.00381005       0.00       0.00       0.00 1.00000000
#   627 "Cuniculus_paca"   "Didelphis_virgin"  19  10   0      1.000      0.471      0.167      0.274      0.189      0.853       3.18 0.00143361       3.18       3.18       0.00 1.00000000
#   632 "Cuniculus_paca"   "Sylvilagus_flori"  19   9   0      1.000      0.474      0.149      0.050      0.140      0.842       3.54 0.00038803       3.54       3.54       2.89 0.00370513
#   637 "Cuniculus_paca"   "Mazama_americana"  19   8   7      0.079      0.476      0.179      0.405      0.171      1.000      -2.21 0.02647352      -2.21       0.00       0.00 1.00000000
#   736 "Cerdocyon_thous"  "Odocoileus_virgi"  17  17   0      1.000      0.404      0.126      0.400      0.125      0.779       4.72 0.00000221       4.72       4.72       4.24 0.00002106
#   737 "Cerdocyon_thous"  "Canis_latrans"     17  16   0      1.000      0.392      0.111      0.235      0.110      0.669       5.50 0.00000006       5.50       5.50       4.98 0.00000057
#   738 "Cerdocyon_thous"  "Procyon_lotor"     17  14   0      1.000      0.440      0.135      0.256      0.118      0.874       4.15 0.00003070       4.15       4.15       3.61 0.00029311
#   740 "Cerdocyon_thous"  "Nasua_nasua"       17  13   9      0.145      0.475      0.133      0.420      0.204      0.869      -2.48 0.01298666       0.00       0.00       0.00 1.00000000
#   746 "Cerdocyon_thous"  "Didelphis_virgin"  17  10   0      1.000      0.482      0.152      0.518      0.176      0.847       3.41 0.00061542       3.41       3.41       2.75 0.00587642
#   771 "Cerdocyon_thous"  "Lepus_europaeus"   17   4   4      0.000      0.584      0.257      0.238      0.206      1.000      -2.27 0.02266204       0.00       0.00       0.00 1.00000000
#   855 "Odocoileus_virgi" "Canis_latrans"     17  16  13      0.044      0.419      0.118      0.646      0.206      0.772      -3.18 0.00142497      -3.18      -3.18       0.00 1.00000000
#   856 "Odocoileus_virgi" "Procyon_lotor"     17  14  13      0.017      0.450      0.140      0.174      0.168      0.874      -3.09 0.00191605      -3.09      -3.09       0.00 1.00000000
#   857 "Odocoileus_virgi" "Procyon_cancrivo"  17  14   0      1.000      0.419      0.135      0.682      0.227      0.756       4.31 0.00001514       4.31       4.31       3.79 0.00014456
#   858 "Odocoileus_virgi" "Nasua_nasua"       17  13   0      1.000      0.453      0.138      0.118      0.095      0.869       3.96 0.00007135       3.96       3.96       3.39 0.00068127
#   861 "Odocoileus_virgi" "Tapirus_terrestr"  17  12   0      1.000      0.455      0.138      0.299      0.176      0.863       3.94 0.00007713       3.94       3.94       3.36 0.00073647
#   864 "Odocoileus_virgi" "Didelphis_virgin"  17  10  10      0.000      0.498      0.157      0.110      0.106      0.847      -3.17 0.00147885       0.00       0.00       0.00 1.00000000
#   867 "Odocoileus_virgi" "Mazama_gouazoubi"  17  10   0      1.000      0.493      0.156      0.366      0.176      0.847       3.25 0.00112581       3.25       3.25       0.00 1.00000000
#   869 "Odocoileus_virgi" "Sylvilagus_flori"  17   9   9      0.000      0.528      0.152      0.466      0.216      1.000      -3.47 0.00049895       0.00       0.00      -2.81 0.00476431
#   870 "Odocoileus_virgi" "Urocyon_cinereoa"  17   9   9      0.000      0.530      0.167      0.199      0.131      1.000      -3.16 0.00150132       0.00       0.00       0.00 1.00000000
#   872 "Odocoileus_virgi" "Nasua_narica"      17   8   8      0.000      0.487      0.154      0.083      0.162      0.824      -3.17 0.00148791       0.00       0.00       0.00 1.00000000
#   973 "Canis_latrans"    "Procyon_lotor"     16  14  13      0.013      0.466      0.137      0.414      0.156      0.871      -3.29 0.00094974      -3.29      -3.29      -2.60 0.00906875
#   974 "Canis_latrans"    "Procyon_cancrivo"  16  14   0      1.000      0.470      0.123      0.323      0.214      0.750       4.33 0.00001425       4.33       4.33       3.80 0.00013603
#   975 "Canis_latrans"    "Nasua_nasua"       16  13   0      1.000      0.482      0.125      0.221      0.192      0.865       4.16 0.00003016       4.16       4.16       3.61 0.00028799
#   981 "Canis_latrans"    "Didelphis_virgin"  16  10   9      0.044      0.520      0.159      0.220      0.169      1.000      -2.99 0.00268066      -2.99      -2.99       0.00 1.00000000
#   983 "Canis_latrans"    "Lynx_rufus"        16  10  10      0.000      0.512      0.158      0.170      0.169      0.844      -3.23 0.00117821       0.00       0.00       0.00 1.00000000
#   986 "Canis_latrans"    "Sylvilagus_flori"  16   9   8      0.056      0.518      0.171      0.358      0.208      1.000      -2.71 0.00667220      -2.71      -2.71       0.00 1.00000000
#   987 "Canis_latrans"    "Urocyon_cinereoa"  16   9   8      0.056      0.508      0.161      0.211      0.208      0.833      -2.81 0.00479025      -2.81      -2.81       0.00 1.00000000
#   998 "Canis_latrans"    "Mephitis_mephiti"  16   5   5      0.000      0.586      0.227      0.325      0.150      1.000      -2.58 0.00980932       0.00       0.00       0.00 1.00000000
#  1007 "Canis_latrans"    "Ursus_americanus"  16   4   4      0.000      0.608      0.256      0.029      0.203      1.000      -2.37 0.01741183       0.00       0.00       0.00 1.00000000
#  1090 "Procyon_lotor"    "Procyon_cancrivo"  14  14   0      1.000      0.485      0.149      0.204      0.128      0.862       3.44 0.00054651       3.44       3.44       2.79 0.00521849
#  1097 "Procyon_lotor"    "Didelphis_virgin"  14  10  10      0.000      0.549      0.175      0.189      0.229      1.000      -3.13 0.00168514       0.00       0.00       0.00 1.00000000
#  1099 "Procyon_lotor"    "Lynx_rufus"        14  10   8      0.086      0.570      0.166      0.221      0.229      1.000      -2.92 0.00343710      -2.92      -2.92       0.00 1.00000000
#  1101 "Procyon_lotor"    "Tamandua_tetrada"  14   9   0      1.000      0.556      0.163     -0.186      0.190      0.825       2.73 0.00619471       2.73       2.73       0.00 1.00000000
#  1102 "Procyon_lotor"    "Sylvilagus_flori"  14   9   8      0.048      0.564      0.165      0.072      0.190      1.000      -3.13 0.00170964      -3.13      -3.13       0.00 1.00000000
#  1103 "Procyon_lotor"    "Urocyon_cinereoa"  14   9   8      0.048      0.549      0.161      0.106      0.111      1.000      -3.11 0.00181091      -3.11      -3.11       0.00 1.00000000
#  1212 "Procyon_cancrivo" "Didelphis_virgin"  14  10   0      1.000      0.547      0.149      0.078      0.229      0.836       3.04 0.00227475       3.04       3.04       0.00 1.00000000
#  1216 "Procyon_cancrivo" "Tamandua_tetrada"  14   9   7      0.111      0.563      0.173      0.137      0.190      1.000      -2.61 0.00886273      -2.61       0.00       0.00 1.00000000
#  1223 "Procyon_cancrivo" "Hydrochoerus_hyd"  14   8   6      0.143      0.592      0.176      0.041      0.241      1.000      -2.55 0.01064140      -2.55       0.00       0.00 1.00000000
#  1225 "Procyon_cancrivo" "Didelphis_aurita"  14   7   7      0.000      0.601      0.193      0.143      0.184      1.000      -3.11 0.00181293       0.00       0.00       0.00 1.00000000
#  1322 "Nasua_nasua"      "Sylvilagus_brasi"  13  12   8      0.128      0.536      0.160      0.408      0.192      1.000      -2.55 0.01051456       0.00       0.00       0.00 1.00000000
#  1323 "Nasua_nasua"      "Tapirus_terrestr"  13  12   8      0.128      0.521      0.162      0.408      0.192      1.000      -2.42 0.01526850       0.00       0.00       0.00 1.00000000
#  1339 "Nasua_nasua"      "Didelphis_aurita"  13   7   6      0.077      0.599      0.169      0.252      0.176      1.000      -3.09 0.00195408      -3.09      -3.09       0.00 1.00000000
#  1552 "Sylvilagus_brasi" "Puma_yagouaround"  12  10   7      0.125      0.612      0.175      0.337      0.200      1.000      -2.78 0.00527030      -2.78      -2.78       0.00 1.00000000
#  1672 "Tapirus_terrestr" "Mazama_americana"  12   8   7      0.052      0.604      0.178     -0.096      0.219      1.000      -3.09 0.00191438      -3.09      -3.09       0.00 1.00000000
#  1686 "Tapirus_terrestr" "Tayassu_pecari"    12   4   4      0.000      0.673      0.228     -0.285      0.188      1.000      -2.95 0.00308168       0.00       0.00       0.00 1.00000000
#  1771 "Leopardus_wiedii" "Panthera_onca"     11  11   7      0.132      0.566      0.154      0.266      0.207      1.000      -2.83 0.00458294      -2.83       0.00       0.00 1.00000000
#  1773 "Leopardus_wiedii" "Puma_yagouaround"  11  10   6      0.182      0.614      0.174      0.192      0.273      1.000      -2.49 0.01266629       0.00       0.00       0.00 1.00000000
#  1991 "Didelphis_virgin" "Lynx_rufus"        10  10   6      0.160      0.597      0.175      0.180      0.250      1.000      -2.49 0.01241690       0.00       0.00       0.00 1.00000000
#  1994 "Didelphis_virgin" "Sylvilagus_flori"  10   9   8      0.022      0.639      0.190     -0.017      0.222      1.000      -3.24 0.00114572      -3.24      -3.24       0.00 1.00000000
#  1995 "Didelphis_virgin" "Urocyon_cinereoa"  10   9   8      0.022      0.616      0.185      0.295      0.222      1.000      -3.22 0.00123286      -3.22      -3.22       0.00 1.00000000
#  2009 "Didelphis_virgin" "Sciurus_caroline"  10   5   5      0.000      0.692      0.220     -0.024      0.280      1.000      -3.14 0.00161690       0.00       0.00       0.00 1.00000000
#  2017 "Didelphis_virgin" "Conepatus_leucon"  10   3   3      0.000      0.751      0.254     -0.425      0.267      1.000      -2.96 0.00300485       0.00       0.00       0.00 1.00000000
#  2023 "Didelphis_virgin" "Mephitis_macrour"  10   3   3      0.000      0.772      0.232     -0.362      0.267      1.000      -3.33 0.00084621       0.00       0.00      -2.64 0.00808014
#  2219 "Lynx_rufus"       "Mephitis_mephiti"  10   5   5      0.000      0.709      0.200      0.036      0.280      1.000      -3.54 0.00037682       0.00       0.00      -2.90 0.00359813
#  2222 "Lynx_rufus"       "Sciurus_caroline"  10   5   4      0.120      0.704      0.217     -0.007      0.280      1.000      -2.69 0.00708395      -2.69      -2.69       0.00 1.00000000
#  2228 "Lynx_rufus"       "Ursus_americanus"  10   4   4      0.000      0.706      0.237     -0.188      0.175      1.000      -2.98 0.00280339       0.00       0.00       0.00 1.00000000
#  2322 "Mazama_gouazoubi" "Sus_scrofa"        10   5   4      0.120      0.667      0.222      0.316      0.280      1.000      -2.46 0.01354641      -2.46      -2.46       0.00 1.00000000
#  2323 "Mazama_gouazoubi" "Euphractus_sexci"  10   5   4      0.120      0.705      0.222     -0.054      0.280      1.000      -2.63 0.00837570      -2.63      -2.63       0.00 1.00000000
#  2332 "Mazama_gouazoubi" "Lepus_europaeus"   10   4   4      0.000      0.690      0.229     -0.182      0.175      1.000      -3.01 0.00253564       0.00       0.00       0.00 1.00000000
#  2337 "Mazama_gouazoubi" "Leopardus_geoffr"  10   3   3      0.000      0.771      0.252     -0.552      0.267      1.000      -3.06 0.00216776       0.00       0.00       0.00 1.00000000
#  2422 "Tamandua_tetrada" "Hydrochoerus_hyd"   9   8   6      0.083      0.646      0.210      0.003      0.167      1.000      -2.68 0.00726247      -2.68      -2.68       0.00 1.00000000
#  2425 "Tamandua_tetrada" "Dasyprocta_azara"   9   6   4      0.185      0.729      0.208     -0.068      0.333      1.000      -2.62 0.00863081       0.00       0.00       0.00 1.00000000
#  2520 "Sylvilagus_flori" "Urocyon_cinereoa"   9   9   7      0.049      0.668      0.199      0.066      0.309      1.000      -3.11 0.00179523      -3.11      -3.11       0.00 1.00000000
#  2534 "Sylvilagus_flori" "Sciurus_caroline"   9   5   4      0.111      0.733      0.211     -0.005      0.267      1.000      -2.95 0.00304127      -2.95      -2.95       0.00 1.00000000
#  2536 "Sylvilagus_flori" "Tamias_striatus"    9   4   3      0.167      0.728      0.225     -0.075      0.389      1.000      -2.49 0.01238561       0.00       0.00       0.00 1.00000000
#  2548 "Sylvilagus_flori" "Mephitis_macrour"   9   3   3      0.000      0.746      0.247     -0.317      0.259      1.000      -3.02 0.00248271       0.00       0.00       0.00 1.00000000
#  2624 "Urocyon_cinereoa" "Nasua_narica"       9   8   5      0.167      0.684      0.170      0.127      0.278      1.000      -3.04 0.00230724       0.00       0.00       0.00 1.00000000
#  2644 "Urocyon_cinereoa" "Conepatus_leucon"   9   3   3      0.000      0.764      0.260     -0.545      0.259      1.000      -2.94 0.00321198       0.00       0.00       0.00 1.00000000
#  2727 "Myrmecophaga_tri" "Mazama_americana"   8   8   5      0.141      0.685      0.196      0.145      0.250      1.000      -2.78 0.00530535      -2.78      -2.78       0.00 1.00000000
#  2845 "Nasua_narica"     "Conepatus_leucon"   8   3   3      0.000      0.755      0.239     -0.256      0.250      1.000      -3.16 0.00151753       0.00       0.00       0.00 1.00000000
#  2846 "Nasua_narica"     "Tamandua_mexican"   8   3   3      0.000      0.787      0.262     -0.742      0.250      1.000      -3.01 0.00251871       0.00       0.00       0.00 1.00000000
#  2870 "Nasua_narica"     "Tapirus_bairdii"    8   2   2      0.000      0.803      0.268     -0.648      0.438      1.000      -2.99 0.00267321       0.00       0.00       0.00 1.00000000
#  3038 "Mazama_americana" "Tayassu_pecari"     8   4   4      0.000      0.753      0.245     -0.585      0.156      1.000      -3.07 0.00206006       0.00       0.00       0.00 1.00000000
#  3130 "Hydrochoerus_hyd" "Didelphis_albive"   8   5   4      0.100      0.764      0.224     -0.408      0.250      1.000      -2.97 0.00288981      -2.97      -2.97       0.00 1.00000000
#  3354 "Didelphis_aurita" "Leontopithecus_c"   7   2   2      0.000      0.851      0.251     -1.128      0.429      1.000      -3.40 0.00065273       0.00       0.00      -2.73 0.00623270
#  3505 "Sus_scrofa"       "Euphractus_sexci"   5   5   3      0.160      0.840      0.211     -0.855      0.360      1.000      -3.22 0.00122565      -3.22      -3.22       0.00 1.00000000
#  3507 "Sus_scrofa"       "Conepatus_chinga"   5   5   3      0.160      0.826      0.212     -0.687      0.360      1.000      -3.14 0.00162607      -3.14      -3.14       0.00 1.00000000
#  3520 "Sus_scrofa"       "Pseudalopex_gymn"   5   3   3      0.000      0.802      0.242     -0.535      0.200      1.000      -3.32 0.00087959       0.00       0.00      -2.63 0.00839886
#  3698 "Mephitis_mephiti" "Ursus_americanus"   5   4   3      0.100      0.834      0.245     -1.076      0.300      1.000      -3.00 0.00261199      -3.00      -3.00       0.00 1.00000000
#  3787 "Conepatus_chinga" "Lepus_europaeus"    5   4   3      0.100      0.848      0.215     -0.940      0.300      1.000      -3.48 0.00047207      -3.48      -3.48      -2.83 0.00450762
#  3792 "Conepatus_chinga" "Leopardus_geoffr"   5   3   3      0.000      0.865      0.235     -1.426      0.200      1.000      -3.68 0.00022417       0.00       0.00      -3.06 0.00214055
#  3793 "Conepatus_chinga" "Pseudalopex_gymn"   5   3   3      0.000      0.866      0.217     -1.120      0.200      1.000      -3.98 0.00006396       0.00       0.00      -3.41 0.00061069
#  3881 "Didelphis_albive" "Leopardus_geoffr"   5   3   3      0.000      0.875      0.213     -1.245      0.200      1.000      -4.11 0.00003690       0.00       0.00      -3.56 0.00035230
#  4065 "Priodontes_maxim" "Atelocynus_micro"   4   2   2      0.000      0.881      0.245     -1.629      0.375      1.000      -3.59 0.00031000       0.00       0.00      -2.96 0.00296012
#  4234 "Felis_catus"      "Callithrix_kuhli"   4   2   2      0.000      0.913      0.217     -2.139      0.375      1.000      -4.21 0.00002432      -4.21       0.00      -3.67 0.00023221
#  4249 "Felis_catus"      "Leontopithecus_c"   4   2   2      0.000      0.881      0.245     -1.629      0.375      1.000      -3.59 0.00031000       0.00       0.00      -2.96 0.00296012
#  4256 "Felis_catus"      "Potos_flavus"       4   2   2      0.000      0.887      0.240     -1.717      0.375      1.000      -3.70 0.00020802       0.00       0.00      -3.08 0.00198631
#  4395 "Lepus_europaeus"  "Pseudalopex_gymn"   4   3   2      0.167      0.880      0.214     -1.255      0.500      1.000      -3.34 0.00080222      -3.34      -3.34      -2.66 0.00766011
#  4641 "Conepatus_leucon" "Mephitis_macrour"   3   3   3      0.000      0.860      0.253     -1.404      0.111      1.000      -3.40 0.00065327       0.00       0.00      -2.73 0.00623782
#  4650 "Conepatus_leucon" "Sciurus_aureogas"   3   2   2      0.000      0.913      0.224     -2.268      0.333      1.000      -4.07 0.00004363      -4.07       0.00      -3.52 0.00041661
#  5109 "Mephitis_macrour" "Sciurus_aureogas"   3   2   2      0.000      0.920      0.217     -2.411      0.333      1.000      -4.25 0.00002044      -4.25       0.00      -3.71 0.00019522
#  5331 "Callithrix_kuhli" "Cebus_xanthoster"   2   2   2      0.000      0.940      0.203     -3.191      0.250      1.000      -4.62 0.00000364      -4.62       0.00      -4.13 0.00003472
#  5341 "Callithrix_kuhli" "Potos_flavus"       2   2   2      0.000      0.933      0.215     -2.953      0.250      1.000      -4.34 0.00001311      -4.34       0.00      -3.82 0.00012521
#  5405 "Conepatus_semist" "Tapirus_bairdii"    2   2   2      0.000      0.947      0.191     -3.474      0.250      1.000      -4.95 0.00000072      -4.95       0.00      -4.48 0.00000683
#  5535 "Bassariscus_astu" "Spilogale_putori"   2   2   2      0.000      0.962      0.163     -4.256      0.250      1.000      -5.89 0.00000000      -5.89      -5.89      -5.89 0.00000000
#  6108 "Cebus_xanthoster" "Leontopithecus_c"   2   2   2      0.000      0.962      0.163     -4.256      0.250      1.000      -5.89 0.00000000      -5.89      -5.89      -5.89 0.00000000
#  6115 "Cebus_xanthoster" "Potos_flavus"       2   2   2      0.000      0.955      0.178     -3.819      0.250      1.000      -5.36 0.00000012      -5.36      -5.36      -4.85 0.00000114
#  6286 "Leontopithecus_c" "Potos_flavus"       2   2   2      0.000      0.925      0.225     -2.749      0.250      1.000      -4.11 0.00003713      -4.11       0.00      -3.56 0.00035458
#  6832 "Ateles_belzebuth" "Myoprocta_partti"   1   1   1      0.000      1.000      0.000      0.000      1.000      1.000      -1.00 0.31722987      -1.00      -1.00       0.00 1.00000000
#  7837 "Tapirus_pinchaqu" "Nasuella_olivace"   1   1   1      0.000      1.000      0.000      0.000      1.000      1.000      -1.00 0.31722987      -1.00      -1.00       0.00 1.00000000
 
> Name               SP   CL+   CL-   BM+   BM-   BC+   BC-   BY+   BY-       NR   CL+   CL+
> NWLgMamm.txt     7875    25    99    20    47    20    34    20    25   787500  7875  7875
 
& File           Speci   Individ     BRInd       BRZ Cscoreind   CscoreZ Soeren.In  Soeren.Z    AbsInd      AbsZ CheckerIn  CheckerZ   CombInd     CombZ   CorrInd     CorrZ    SchInd      SchZ
& NWLgMamm.txt     126  30026.00    0.5645   -2.0067    0.0311    6.3188    0.0045    0.2449    0.0000   -0.0617    0.0718   14.3095    0.5199    2.7104    0.0312    1.0741   -0.0064   -5.3834
 
%          Observed numbers                                          Expected numbers
% Class    Pairs   CL+   CL-   BM+   BM-   BC+   BC-   BY+   BY-       NR   CL+   CL-
% 0.000      892     0    50     0    12     0     5     0    22    72000   804   691
% 0.025       14     0    14     0    13     0    11     0     1        9     0     0
% 0.075       22     0    11     0     7     0     6     0     0      329     4     2
% 0.125       43     0    16     0    12     0     9     0     1      857     5    13
% 0.175       52     0     8     0     3     0     3     0     1     2435    29    22
% 0.225       38     0     0     0     0     0     0     0     0     3832    45    45
% 0.275       56     0     0     0     0     0     0     0     0     9704    80    85
% 0.325       71     0     0     0     0     0     0     0     0    10431    97   107
% 0.375       42     0     0     0     0     0     0     0     0     7885    83    86
% 0.425       94     0     0     0     0     0     0     0     0    19216   165   181
% 0.475      148     0     0     0     0     0     0     0     0    29722   262   285
% 0.525       31     0     0     0     0     0     0     0     0    10261    90   121
% 0.575       30     0     0     0     0     0     0     0     0     8572    80    74
% 0.625       73     0     0     0     0     0     0     0     0    15884   151   166
% 0.675       34     0     0     0     0     0     0     0     0     8334    94    70
% 0.725       34     1     0     0     0     0     0     0     0     7791    89    88
% 0.775       33     0     0     0     0     0     0     0     0     4981    54    50
% 0.825       17     0     0     0     0     0     0     0     0     2485    31    21
% 0.875        7     4     0     0     0     0     0     4     0       86     0     1
% 0.925        0     0     0     0     0     0     0     0     0        0     0     0
% 0.975        0     0     0     0     0     0     0     0     0        0     0     0
% 1.000     6144    20     0    20     0    20     0    16     0   572686  5712  5767
