<  File:  SBRod.txt      Species:   76 Sites:   27 MatFill: 0.09 Occ:    179 *****% Confidence limit  Index: c Model: fixed - fixed                      
 
#    No             Sp1                Sp2     S1  S2 Com  Obs.Score  Exp.Score  Exp.StDev   Skewness    LowerCL    UpperCL SigZ-Score      Alpha >MeanScore   >CLScore   >BJScore      Alpha
#     1 "Oligoryzomys_nigr "Necromys_lasiurus  16  12  10      0.062      0.219      0.086      0.741      0.109      0.401      -1.82 0.06868774       0.00       0.00       0.00 1.00000000
#     2 "Oligoryzomys_nigr "Akodon_montensis"  16   9   9      0.000      0.248      0.115      0.894      0.056      0.417      -2.15 0.03135508       0.00       0.00       0.00 1.00000000
#     3 "Oligoryzomys_nigr "Calomys_tener"     16   9   8      0.056      0.267      0.122      0.672      0.125      0.542      -1.74 0.08197469       0.00       0.00       0.00 1.00000000
#     5 "Oligoryzomys_nigr "Juliomys_pictipes  16   6   6      0.000      0.341      0.165      0.513      0.115      0.583      -2.07 0.03783089       0.00       0.00       0.00 1.00000000
#    13 "Oligoryzomys_nigr "Calomys_laucha"    16   3   0      1.000      0.336      0.220      0.246      0.000      0.625       3.02 0.00245702       3.02       3.02       2.30 0.02096402
#    77 "Necromys_lasiurus "Calomys_tener"     12   9   8      0.037      0.359      0.129      0.129      0.167      0.500      -2.51 0.01194012      -2.51      -2.51       0.00 1.00000000
#    83 "Necromys_lasiurus "Cavia_aperea"      12   4   4      0.000      0.464      0.250      0.320      0.188      1.000      -1.86 0.06262279       0.00       0.00       0.00 1.00000000
#   150 "Akodon_montensis" "Calomys_tener"      9   9   6      0.111      0.431      0.169      0.295      0.198      0.790      -1.90 0.05738908       0.00       0.00       0.00 1.00000000
#   152 "Akodon_montensis" "Juliomys_pictipes   9   6   5      0.074      0.507      0.211      0.265      0.185      1.000      -2.05 0.04002744      -2.05      -2.05       0.00 1.00000000
#   370 "Juliomys_pictipes "Euryoryzomys_russ   6   4   4      0.000      0.679      0.270     -0.272      0.125      1.000      -2.52 0.01160431       0.00       0.00      -1.65 0.09901126
#   375 "Juliomys_pictipes "Thaptomys_nigrita   6   3   3      0.000      0.731      0.285     -0.489      0.222      1.000      -2.56 0.01013726       0.00       0.00      -1.71 0.08649398
#   377 "Juliomys_pictipes "Akodon_serrensis"   6   2   2      0.000      0.709      0.319     -0.381      0.417      1.000      -2.22 0.02589846       0.00       0.00       0.00 1.00000000
#   379 "Juliomys_pictipes "Brucepattersonius   6   2   2      0.000      0.709      0.319     -0.381      0.417      1.000      -2.22 0.02589846       0.00       0.00       0.00 1.00000000
#   388 "Juliomys_pictipes "Oxymycterus_dasyt   6   2   2      0.000      0.762      0.314     -0.770      0.417      1.000      -2.42 0.01519340       0.00       0.00       0.00 1.00000000
#   397 "Juliomys_pictipes "Trinomys_iheringi   6   2   2      0.000      0.729      0.305     -0.362      0.417      1.000      -2.39 0.01653439       0.00       0.00       0.00 1.00000000
#   451 "Nectomys_squamipe "Oecomys_concolor"   5   2   2      0.000      0.758      0.308     -0.603      0.400      1.000      -2.46 0.01351261       0.00       0.00       0.00 1.00000000
#   580 "Akodon_azarae"    "Holochilus_chacar   5   2   2      0.000      0.714      0.325     -0.431      0.400      1.000      -2.20 0.02786028       0.00       0.00       0.00 1.00000000
#   600 "Akodon_azarae"    "Holochilus_brasil   5   2   2      0.000      0.752      0.328     -0.768      0.400      1.000      -2.30 0.02141505       0.00       0.00       0.00 1.00000000
#   646 "Cavia_aperea"     "Holochilus_chacar   4   2   2      0.000      0.717      0.323     -0.356      0.375      1.000      -2.22 0.02598172       0.00       0.00       0.00 1.00000000
#   710 "Euryoryzomys_russ "Thaptomys_nigrita   4   3   3      0.000      0.743      0.291     -0.489      0.167      1.000      -2.55 0.01043570       0.00       0.00      -1.70 0.08904036
#   712 "Euryoryzomys_russ "Akodon_serrensis"   4   2   2      0.000      0.784      0.304     -0.762      0.375      1.000      -2.58 0.00963295       0.00       0.00      -1.74 0.08219103
#   713 "Euryoryzomys_russ "Blarinomys_brevic   4   2   2      0.000      0.815      0.292     -1.027      0.375      1.000      -2.79 0.00509107       0.00       0.00      -2.02 0.04343847
#   714 "Euryoryzomys_russ "Brucepattersonius   4   2   2      0.000      0.796      0.299     -0.864      0.375      1.000      -2.66 0.00763685       0.00       0.00      -1.84 0.06515973
#   724 "Euryoryzomys_russ "Phyllomys_nigrisp   4   2   2      0.000      0.786      0.309     -0.865      0.375      1.000      -2.55 0.01070935       0.00       0.00      -1.69 0.09137518
#   732 "Euryoryzomys_russ "Trinomys_iheringi   4   2   2      0.000      0.770      0.320     -0.806      0.375      1.000      -2.41 0.01571929       0.00       0.00       0.00 1.00000000
#   917 "Calomys_laucha"   "Calomys_musculinu   3   2   2      0.000      0.767      0.338     -0.881      0.333      1.000      -2.27 0.02315378       0.00       0.00       0.00 1.00000000
#  1023 "Thaptomys_nigrita "Blarinomys_brevic   3   2   2      0.000      0.780      0.324     -0.879      0.333      1.000      -2.41 0.01580143       0.00       0.00       0.00 1.00000000
#  1024 "Thaptomys_nigrita "Brucepattersonius   3   2   2      0.000      0.840      0.296     -1.428      0.333      1.000      -2.84 0.00444835       0.00       0.00      -2.07 0.03795462
#  1033 "Thaptomys_nigrita "Oxymycterus_dasyt   3   2   2      0.000      0.830      0.296     -1.246      0.333      1.000      -2.80 0.00495487       0.00       0.00      -2.03 0.04227640
#  1034 "Thaptomys_nigrita "Phyllomys_nigrisp   3   2   2      0.000      0.790      0.315     -0.894      0.333      1.000      -2.51 0.01193374       0.00       0.00       0.00 1.00000000
#  1198 "Blarinomys_brevic "Brucepattersonius   2   2   2      0.000      0.873      0.282     -1.811      0.250      1.000      -3.10 0.00188857       0.00       0.00      -2.40 0.01611384
#  1359 "Akodon_cursor"    "Caluromys_philand   2   1   1      0.000      0.950      0.218     -4.256      1.000      1.000      -4.36 0.00001228       0.00       0.00      -3.87 0.00010476
#  1374 "Oecomys_bicolor"  "Proechimys_longic   2   2   2      0.000      0.858      0.294     -1.629      0.250      1.000      -2.91 0.00346124       0.00       0.00      -2.17 0.02953230
#  1476 "Oecomys_trinitati "Oryzomys_nigripes   2   2   2      0.000      0.880      0.275     -1.912      0.250      1.000      -3.20 0.00132120       0.00       0.00      -2.53 0.01127282
#  1480 "Oecomys_trinitati "Proechimys_setosu   2   2   2      0.000      0.880      0.275     -1.912      0.250      1.000      -3.20 0.00132120       0.00       0.00      -2.53 0.01127282
#  1678 "Oryzomys_nigripes "Proechimys_setosu   2   2   2      0.000      0.840      0.311     -1.496      0.250      1.000      -2.70 0.00680858       0.00       0.00      -1.89 0.05809273
#  1723 "Oxymycterus_dasyt "Phyllomys_nigrisp   2   2   2      0.000      0.865      0.288     -1.717      0.250      1.000      -3.00 0.00259840       0.00       0.00      -2.28 0.02217033
#  1746 "Oxymycterus_dasyt "Delomys_sublineat   2   1   1      0.000      0.980      0.140     -7.068      1.000      1.000      -7.00 0.00000000      -7.00       0.00      -7.00 0.00000000
#  2167 "Akodon_dolores"   "Oxymycterus_rufus   1   1   1      0.000      0.980      0.140     -7.068      1.000      1.000      -7.00 0.00000000      -7.00       0.00      -7.00 0.00000000
#  2175 "Akodon_dolores"   "Calomys_venustus"   1   1   1      0.000      0.950      0.218     -4.256      1.000      1.000      -4.36 0.00001228       0.00       0.00      -3.87 0.00010476
#  2186 "Kunsia_tomentosus "Cerradomys_marinh   1   1   1      0.000      0.970      0.171     -5.680      1.000      1.000      -5.69 0.00000000      -5.69       0.00      -5.69 0.00000000
#  2187 "Kunsia_tomentosus "Cerradomys_scotti   1   1   1      0.000      0.950      0.218     -4.256      1.000      1.000      -4.36 0.00001228       0.00       0.00      -3.87 0.00010476
#  2188 "Kunsia_tomentosus "Nectomys_rattus"    1   1   1      0.000      0.950      0.218     -4.256      1.000      1.000      -4.36 0.00001228       0.00       0.00      -3.87 0.00010476
#  2200 "Kunsia_tomentosus "Oxymycterus_delat   1   1   1      0.000      0.990      0.099    -10.152      1.000      1.000      -9.95 0.00000000      -9.95       0.00      -9.95 0.00000000
#  2220 "Kunsia_tomentosus "Hylaeamys_megacep   1   1   1      0.000      0.970      0.171     -5.680      1.000      1.000      -5.69 0.00000000      -5.69       0.00      -5.69 0.00000000
#  2233 "Marmosa_paraguaya "Didelphis_aurita"   1   1   1      0.000      0.950      0.218     -4.256      1.000      1.000      -4.36 0.00001228       0.00       0.00      -3.87 0.00010476
#  2249 "Marmosa_paraguaya "Caluromys_philand   1   1   1      0.000      0.980      0.140     -7.068      1.000      1.000      -7.00 0.00000000      -7.00       0.00      -7.00 0.00000000
#  2256 "Cerradomys_marinh "Cerradomys_scotti   1   1   1      0.000      0.960      0.196     -4.839      1.000      1.000      -4.90 0.00000089       0.00       0.00      -4.46 0.00000763
#  2257 "Cerradomys_marinh "Nectomys_rattus"    1   1   1      0.000      0.990      0.099    -10.152      1.000      1.000      -9.95 0.00000000      -9.95       0.00      -9.95 0.00000000
#  2259 "Cerradomys_marinh "Calomys_expulsus"   1   1   1      0.000      0.960      0.196     -4.839      1.000      1.000      -4.90 0.00000089      -4.90       0.00      -4.46 0.00000763
#  2269 "Cerradomys_marinh "Oxymycterus_delat   1   1   1      0.000      0.960      0.196     -4.839      1.000      1.000      -4.90 0.00000089       0.00       0.00      -4.46 0.00000763
#  2290 "Cerradomys_scotti "Nectomys_rattus"    1   1   1      0.000      0.960      0.196     -4.839      1.000      1.000      -4.90 0.00000089       0.00       0.00      -4.46 0.00000763
#  2292 "Cerradomys_scotti "Calomys_expulsus"   1   1   1      0.000      0.980      0.140     -7.068      1.000      1.000      -7.00 0.00000000      -7.00       0.00      -7.00 0.00000000
#  2302 "Cerradomys_scotti "Oxymycterus_delat   1   1   1      0.000      0.960      0.196     -4.839      1.000      1.000      -4.90 0.00000089       0.00       0.00      -4.46 0.00000763
#  2322 "Cerradomys_scotti "Hylaeamys_megacep   1   1   1      0.000      0.950      0.218     -4.256      1.000      1.000      -4.36 0.00001228       0.00       0.00      -3.87 0.00010476
#  2324 "Nectomys_rattus"  "Calomys_expulsus"   1   1   1      0.000      0.960      0.196     -4.839      1.000      1.000      -4.90 0.00000089       0.00       0.00      -4.46 0.00000763
#  2334 "Nectomys_rattus"  "Oxymycterus_delat   1   1   1      0.000      0.950      0.218     -4.256      1.000      1.000      -4.36 0.00001228       0.00       0.00      -3.87 0.00010476
#  2356 "Calomys_callosus" "Akodon_toba"        1   1   1      0.000      0.970      0.171     -5.680      1.000      1.000      -5.69 0.00000000      -5.69       0.00      -5.69 0.00000000
#  2359 "Calomys_callosus" "Oligoryzomys_chac   1   1   1      0.000      0.960      0.196     -4.839      1.000      1.000      -4.90 0.00000089       0.00       0.00      -4.46 0.00000763
#  2381 "Calomys_callosus" "Holochilus_sciure   1   1   1      0.000      0.950      0.218     -4.256      1.000      1.000      -4.36 0.00001228       0.00       0.00      -3.87 0.00010476
#  2418 "Akodon_toba"      "Oligoryzomys_chac   1   1   1      0.000      0.960      0.196     -4.839      1.000      1.000      -4.90 0.00000089       0.00       0.00      -4.46 0.00000763
#  2491 "Bibimys_labiosus" "Rhagomys_rufescen   1   1   1      0.000      0.990      0.099    -10.152      1.000      1.000      -9.95 0.00000000      -9.95       0.00      -9.95 0.00000000
#  2510 "Oligoryzomys_chac "Euryoryzomys_niti   1   1   1      0.000      0.990      0.099    -10.152      1.000      1.000      -9.95 0.00000000      -9.95       0.00      -9.95 0.00000000
#  2521 "Oligoryzomys_chac "Holochilus_sciure   1   1   1      0.000      0.980      0.140     -7.068      1.000      1.000      -7.00 0.00000000      -7.00       0.00      -7.00 0.00000000
#  2589 "Delomys_sublineat "Rhagomys_rufescen   1   1   1      0.000      0.960      0.196     -4.839      1.000      1.000      -4.90 0.00000089       0.00       0.00      -4.46 0.00000763
#  2613 "Didelphis_aurita" "Caluromys_philand   1   1   1      0.000      0.990      0.099    -10.152      1.000      1.000      -9.95 0.00000000      -9.95       0.00      -9.95 0.00000000
#  2626 "Eligmodontia_puer "Phyllotis_xanthop   1   1   1      0.000      0.960      0.196     -4.839      1.000      1.000      -4.90 0.00000089       0.00       0.00      -4.46 0.00000763
#  2694 "Oxymycterus_rober "Thalpomys_lasioti   1   1   1      0.000      0.980      0.140     -7.068      1.000      1.000      -7.00 0.00000000      -7.00       0.00      -7.00 0.00000000
#  2724 "Philander_frenatu "Caluromys_philand   1   1   1      0.000      0.950      0.218     -4.256      1.000      1.000      -4.36 0.00001228       0.00       0.00      -3.87 0.00010476
 
> Name               SP   CL+   CL-   BM+   BM-   BC+   BC-   BY+   BY-       NR   CL+   CL+
> SBRod.txt        2850     1    68     1    17     1     2     1    48   285000 14250 17100
 
& File           Speci   Individ     BRInd       BRZ Cscoreind   CscoreZ Soeren.In  Soeren.Z    AbsInd      AbsZ CheckerIn  CheckerZ   CombInd     CombZ   CorrInd     CorrZ    SchInd      SchZ
& SBRod.txt         76   8000.00    0.6201   -0.4057    0.0203    1.5740    0.0466    1.2675    0.0000   -0.0527    0.0297    7.4721    0.6115    2.9303   -0.2608   -2.6437   -0.0028   -0.5831
 
%          Observed numbers                                          Expected numbers
% Class    Pairs   CL+   CL-   BM+   BM-   BC+   BC-   BY+   BY-       NR   CL+   CL-
% 0.000      313     0    63     0    15     0     0     0    48    29758  1487  1780
% 0.025        1     0     1     0     1     0     1     0     0        1     0     0
% 0.075        3     0     3     0     1     0     1     0     0       38     4     2
% 0.125        1     0     1     0     0     0     0     0     0      221     7    12
% 0.175        3     0     0     0     0     0     0     0     0      429    27    23
% 0.225        6     0     0     0     0     0     0     0     0      514    26    29
% 0.275       39     0     0     0     0     0     0     0     0     4799   249   296
% 0.325       21     0     0     0     0     0     0     0     0     2857   155   197
% 0.375       23     0     0     0     0     0     0     0     0     2404   113   147
% 0.425       37     0     0     0     0     0     0     0     0     7078   319   415
% 0.475       13     0     0     0     0     0     0     0     0     2417   134   139
% 0.525        9     0     0     0     0     0     0     0     0     1326    67    91
% 0.575        2     0     0     0     0     0     0     0     0      940    36    48
% 0.625        8     0     0     0     0     0     0     0     0     1148    56    64
% 0.675        2     0     0     0     0     0     0     0     0      613    26    33
% 0.725        3     0     0     0     0     0     0     0     0      350    21    27
% 0.775        0     0     0     0     0     0     0     0     0       40     0     0
% 0.825        0     0     0     0     0     0     0     0     0        2     0     0
% 0.875        0     0     0     0     0     0     0     0     0        0     0     0
% 0.925        0     0     0     0     0     0     0     0     0        0     0     0
% 0.975        0     0     0     0     0     0     0     0     0        0     0     0
% 1.000     2366     1     0     1     0     1     0     1     0   230065 11523 13797
