<  File:  WIMamm.txt     Species:  116 Sites:   25 MatFill: 0.15 Occ:    433 5.000% Confidence limit  Index: c Model: fixed - fixed                      
 
#    No             Sp1                Sp2     S1  S2 Com  Obs.Score  Exp.Score  Exp.StDev   Skewness    LowerCL    UpperCL SigZ-Score      Alpha >MeanScore   >CLScore   >BJScore      Alpha
#     3 "Hystrix_brachyura "Macaca_nemestrina  18  15  15      0.000      0.084      0.039      1.227      0.037      0.148      -2.14 0.03244847       0.00       0.00       0.00 1.00000000
#     5 "Hystrix_brachyura "Helarctos_malayan  18  14  14      0.000      0.096      0.044      0.512      0.020      0.179      -2.18 0.02918673       0.00       0.00       0.00 1.00000000
#   235 "Paradoxurus_herma "Viverra_tangalung  15  11   5      0.364      0.159      0.065      0.434      0.030      0.273       3.15 0.00158328       0.00       0.00       2.43 0.01485524
#   244 "Paradoxurus_herma "Paguma_larvata"    15   6   2      0.578      0.205      0.122      0.659      0.000      0.400       3.04 0.00226879       0.00       0.00       2.30 0.02128713
#   344 "Macaca_nemestrina "Helarctos_malayan  15  14  13      0.010      0.133      0.057      0.337      0.029      0.200      -2.15 0.03134626       0.00       0.00       0.00 1.00000000
#   351 "Macaca_nemestrina "Manis_javanica"    15   9   9      0.000      0.197      0.107      0.687      0.052      0.407      -1.83 0.06663626       0.00       0.00       0.00 1.00000000
#   391 "Macaca_nemestrina "Macaca_mulatta"    15   3   0      1.000      0.261      0.230      0.811      0.000      0.622       3.22 0.00123006       3.22       3.22       2.52 0.01154115
#   456 "Sus_scrofa"       "Muntiacus_muntjak  15  13  13      0.000      0.149      0.065      0.753      0.041      0.323      -2.29 0.02167845       0.00       0.00       0.00 1.00000000
#   458 "Sus_scrofa"       "Viverra_tangalung  15  11   3      0.582      0.191      0.089      0.931      0.030      0.467       4.42 0.00000942       0.00       0.00       3.91 0.00008836
#   464 "Sus_scrofa"       "Sus_barbatus"      15   7   2      0.619      0.241      0.138      0.502      0.000      0.457       2.74 0.00592440       0.00       0.00       0.00 1.00000000
#   474 "Sus_scrofa"       "Echinosorex_gymnu  15   5   1      0.747      0.266      0.156      0.490      0.000      0.520       3.09 0.00195420       0.00       0.00       2.35 0.01833543
#   477 "Sus_scrofa"       "Hystrix_crassispi  15   5   0      1.000      0.262      0.165      0.444      0.000      0.520       4.48 0.00000709       4.48       4.48       3.97 0.00006655
#   478 "Sus_scrofa"       "Trichys_fascicula  15   5   0      1.000      0.255      0.186      0.625      0.000      0.747       4.01 0.00005627       4.01       4.01       3.45 0.00052793
#   496 "Sus_scrofa"       "Pongo_pygmaeus"    15   3   0      1.000      0.278      0.218      0.529      0.000      0.622       3.31 0.00088370       3.31       3.31       2.63 0.00829138
#   497 "Sus_scrofa"       "Presbytis_rubicun  15   3   0      1.000      0.258      0.227      0.368      0.000      0.622       3.27 0.00104028       3.27       3.27       2.58 0.00976051
#   504 "Sus_scrofa"       "Rheithrosciurus_m  15   2   0      1.000      0.207      0.254      0.750      0.000      0.467       3.13 0.00170946       3.13       3.13       2.40 0.01603916
#   677 "Muntiacus_muntjak "Viverra_tangalung  13  11   3      0.559      0.222      0.098      0.629      0.056      0.441       3.44 0.00055528       0.00       0.00       2.79 0.00520993
#   682 "Muntiacus_muntjak "Atherurus_macrour  13   7   7      0.000      0.281      0.145      0.597      0.077      0.604      -1.94 0.05237275       0.00       0.00       0.00 1.00000000
#   683 "Muntiacus_muntjak "Sus_barbatus"      13   7   1      0.791      0.261      0.129      0.517      0.077      0.604       4.11 0.00003773       0.00       0.00       3.56 0.00035400
#   689 "Muntiacus_muntjak "Tapirus_indicus"   13   6   6      0.000      0.308      0.157      0.764      0.103      0.769      -1.97 0.04902840       0.00       0.00       0.00 1.00000000
#   691 "Muntiacus_muntjak "Viverra_zibetha"   13   6   6      0.000      0.297      0.173      1.090      0.103      0.769      -1.71 0.08607095       0.00       0.00       0.00 1.00000000
#   696 "Muntiacus_muntjak "Hystrix_crassispi  13   5   0      1.000      0.317      0.195      0.547      0.000      0.738       3.51 0.00042480       3.51       3.51       2.87 0.00398574
#   697 "Muntiacus_muntjak "Trichys_fascicula  13   5   0      1.000      0.294      0.162      0.459      0.000      0.738       4.34 0.00001329       4.34       4.34       3.82 0.00012471
#   802 "Macaca_fascicular "Herpestes_urva"    11   5   0      1.000      0.353      0.193      0.508      0.127      0.727       3.35 0.00077873       3.35       3.35       2.68 0.00730654
#   811 "Macaca_fascicular "Tragulus_javanicu  11   4   0      1.000      0.333      0.206      0.420      0.000      0.682       3.25 0.00112724       3.25       3.25       2.55 0.01057645
#   903 "Viverra_tangalung "Herpestes_javanic  11   6   0      1.000      0.345      0.152      0.096      0.091      0.545       4.30 0.00001597       4.30       4.30       3.78 0.00014988
#   909 "Viverra_tangalung "Herpestes_urva"    11   5   0      1.000      0.388      0.195      0.462      0.000      0.727       3.13 0.00166208       3.13       3.13       2.41 0.01559457
#   910 "Viverra_tangalung "Herpestes_brachyu  11   5   5      0.000      0.342      0.181      0.748      0.127      0.727      -1.89 0.05848348       0.00       0.00       0.00 1.00000000
#   914 "Viverra_tangalung "Viverra_megaspila  11   5   0      1.000      0.373      0.192      0.855      0.127      0.727       3.27 0.00103927       3.27       3.27       2.58 0.00975101
#  1030 "Martes_flavigula" "Capricornis_sumat  10   4   4      0.000      0.420      0.234      0.892      0.175      1.000      -1.80 0.07174671       0.00       0.00       0.00 1.00000000
#  1214 "Neofelis_diardi"  "Arctictis_binturo   9   7   6      0.048      0.398      0.179      0.543      0.127      0.762      -1.96 0.04931158      -1.96       0.00       0.00 1.00000000
#  1220 "Neofelis_diardi"  "Elephas_maximus"    9   6   6      0.000      0.400      0.172      0.432      0.185      0.741      -2.33 0.01962376       0.00       0.00       0.00 1.00000000
#  1228 "Neofelis_diardi"  "Tupaia_glis"        9   5   0      1.000      0.433      0.212      0.191      0.111      0.711       2.67 0.00732732       2.67       2.67       0.00 1.00000000
#  1318 "Manis_javanica"   "Hemigalus_derbyan   9   7   6      0.048      0.386      0.178      0.583      0.127      0.762      -1.90 0.05679905      -1.90       0.00       0.00 1.00000000
#  1326 "Manis_javanica"   "Echinosorex_gymnu   9   5   5      0.000      0.439      0.184     -0.071      0.111      0.711      -2.39 0.01673651       0.00       0.00       0.00 1.00000000
#  1329 "Manis_javanica"   "Hystrix_crassispi   9   5   5      0.000      0.415      0.186      0.624      0.111      0.711      -2.23 0.02529788       0.00       0.00       0.00 1.00000000
#  1330 "Manis_javanica"   "Trichys_fascicula   9   5   5      0.000      0.435      0.232      0.448      0.111      1.000      -1.87 0.06053525       0.00       0.00       0.00 1.00000000
#  1443 "Atherurus_macrour "Panthera_tigris"    7   4   4      0.000      0.548      0.277      0.194      0.143      1.000      -1.98 0.04763663       0.00       0.00       0.00 1.00000000
#  1444 "Atherurus_macrour "Capricornis_sumat   7   4   4      0.000      0.528      0.241      0.388      0.143      1.000      -2.19 0.02816302       0.00       0.00       0.00 1.00000000
#  1454 "Atherurus_macrour "Catopuma_temminck   7   3   3      0.000      0.592      0.289      0.129      0.238      1.000      -2.05 0.03999370       0.00       0.00       0.00 1.00000000
#  1532 "Sus_barbatus"     "Hystrix_crassispi   7   5   5      0.000      0.511      0.243      0.537      0.229      1.000      -2.10 0.03564394       0.00       0.00       0.00 1.00000000
#  1533 "Sus_barbatus"     "Trichys_fascicula   7   5   5      0.000      0.529      0.228      0.442      0.086      1.000      -2.33 0.01976550       0.00       0.00       0.00 1.00000000
#  1552 "Sus_barbatus"     "Presbytis_rubicun   7   3   3      0.000      0.607      0.267      0.087      0.238      1.000      -2.28 0.02257895       0.00       0.00       0.00 1.00000000
#  1628 "Arctictis_binturo "Prionodon_linsang   7   5   5      0.000      0.472      0.234      0.360      0.086      1.000      -2.01 0.04366064       0.00       0.00       0.00 1.00000000
#  1636 "Arctictis_binturo "Pardofelis_marmor   7   5   4      0.086      0.503      0.212      0.283      0.229      1.000      -1.97 0.04882669       0.00       0.00       0.00 1.00000000
#  1730 "Hemigalus_derbyan "Herpestes_brachyu   7   5   5      0.000      0.515      0.229      0.132      0.086      1.000      -2.25 0.02424681       0.00       0.00       0.00 1.00000000
#  1919 "Panthera_pardus"  "Tapirus_indicus"    6   6   5      0.028      0.518      0.230      0.391      0.111      1.000      -2.13 0.03276408      -2.13      -2.13       0.00 1.00000000
#  2036 "Herpestes_javanic "Viverricula_indic   6   4   4      0.000      0.579      0.271      0.265      0.125      1.000      -2.14 0.03241605       0.00       0.00       0.00 1.00000000
#  2140 "Tapirus_indicus"  "Catopuma_temminck   6   3   3      0.000      0.561      0.289      0.267      0.222      1.000      -1.94 0.05190003       0.00       0.00       0.00 1.00000000
#  2206 "Elephas_maximus"  "Viverra_zibetha"    6   6   5      0.028      0.519      0.236      0.674      0.111      1.000      -2.08 0.03705233      -2.08      -2.08       0.00 1.00000000
#  2217 "Elephas_maximus"  "Cuon_alpinus"       6   4   4      0.000      0.563      0.278      0.259      0.125      1.000      -2.03 0.04215473       0.00       0.00       0.00 1.00000000
#  2220 "Elephas_maximus"  "Bos_frontalis"      6   4   4      0.000      0.637      0.266      0.055      0.125      1.000      -2.40 0.01617372       0.00       0.00       0.00 1.00000000
#  2232 "Elephas_maximus"  "Arctonyx_collaris   6   3   3      0.000      0.583      0.287      0.174      0.222      1.000      -2.03 0.04170889       0.00       0.00       0.00 1.00000000
#  2233 "Elephas_maximus"  "Bos_javanicus"      6   3   3      0.000      0.603      0.276      0.172      0.222      1.000      -2.18 0.02870786       0.00       0.00       0.00 1.00000000
#  2310 "Viverra_zibetha"  "Cuon_alpinus"       6   4   4      0.000      0.575      0.252      0.270      0.125      1.000      -2.28 0.02204633       0.00       0.00       0.00 1.00000000
#  2313 "Viverra_zibetha"  "Bos_frontalis"      6   4   4      0.000      0.574      0.257      0.284      0.125      1.000      -2.23 0.02531749       0.00       0.00       0.00 1.00000000
#  2325 "Viverra_zibetha"  "Arctonyx_collaris   6   3   3      0.000      0.617      0.270      0.210      0.222      1.000      -2.29 0.02190018       0.00       0.00       0.00 1.00000000
#  2487 "Echinosorex_gymnu "Hystrix_crassispi   5   5   4      0.040      0.563      0.243      0.423      0.160      1.000      -2.15 0.03120661      -2.15      -2.15       0.00 1.00000000
#  2488 "Echinosorex_gymnu "Trichys_fascicula   5   5   4      0.040      0.577      0.269      0.170      0.160      1.000      -2.00 0.04550791      -2.00      -2.00       0.00 1.00000000
#  2511 "Echinosorex_gymnu "Sundamys_muelleri   5   3   3      0.000      0.677      0.285     -0.087      0.200      1.000      -2.38 0.01718301       0.00       0.00       0.00 1.00000000
#  2588 "Herpestes_urva"   "Canis_lupus"        5   4   3      0.100      0.615      0.263      0.268      0.300      1.000      -1.96 0.04972559       0.00       0.00       0.00 1.00000000
#  2666 "Herpestes_brachyu "Hystrix_crassispi   5   5   4      0.040      0.570      0.246      0.368      0.160      1.000      -2.16 0.03079194      -2.16      -2.16       0.00 1.00000000
#  2667 "Herpestes_brachyu "Trichys_fascicula   5   5   4      0.040      0.590      0.244      0.238      0.160      1.000      -2.25 0.02409047      -2.25      -2.25       0.00 1.00000000
#  2686 "Herpestes_brachyu "Presbytis_rubicun   5   3   3      0.000      0.721      0.286     -0.343      0.200      1.000      -2.52 0.01146340       0.00       0.00       0.00 1.00000000
#  2755 "Hystrix_crassispi "Trichys_fascicula   5   5   5      0.000      0.586      0.244      0.316      0.160      1.000      -2.41 0.01585394       0.00       0.00       0.00 1.00000000
#  2773 "Hystrix_crassispi "Pongo_pygmaeus"     5   3   3      0.000      0.661      0.302     -0.148      0.200      1.000      -2.19 0.02836227       0.00       0.00       0.00 1.00000000
#  2774 "Hystrix_crassispi "Presbytis_rubicun   5   3   3      0.000      0.638      0.293      0.000      0.200      1.000      -2.18 0.02918136       0.00       0.00       0.00 1.00000000
#  2860 "Trichys_fascicula "Pongo_pygmaeus"     5   3   3      0.000      0.652      0.294     -0.111      0.200      1.000      -2.22 0.02645165       0.00       0.00       0.00 1.00000000
#  2861 "Trichys_fascicula "Presbytis_rubicun   5   3   3      0.000      0.635      0.287      0.084      0.200      1.000      -2.21 0.02670294       0.00       0.00       0.00 1.00000000
#  3029 "Viverra_megaspila "Canis_aureus"       5   3   3      0.000      0.671      0.278     -0.011      0.200      1.000      -2.41 0.01556545       0.00       0.00       0.00 1.00000000
#  3033 "Viverra_megaspila "Arctonyx_collaris   5   3   3      0.000      0.602      0.279      0.201      0.200      1.000      -2.16 0.03081191       0.00       0.00       0.00 1.00000000
#  3129 "Pardofelis_marmor "Homo_sapiens"       5   2   2      0.000      0.734      0.311     -0.426      0.400      1.000      -2.36 0.01808482       0.00       0.00       0.00 1.00000000
#  3187 "Leopoldamys_saban "Tragulus_napu"      5   4   3      0.100      0.633      0.279      0.110      0.300      1.000      -1.91 0.05570596      -1.91       0.00       0.00 1.00000000
#  3203 "Leopoldamys_saban "Sundamys_muelleri   5   3   3      0.000      0.617      0.292      0.091      0.200      1.000      -2.11 0.03441411       0.00       0.00       0.00 1.00000000
#  3270 "Cuon_alpinus"     "Bos_frontalis"      4   4   3      0.062      0.739      0.293     -0.575      0.250      1.000      -2.31 0.02067786      -2.31       0.00       0.00 1.00000000
#  3432 "Tragulus_napu"    "Callosciurus_nota   4   4   3      0.062      0.601      0.289      0.188      0.250      1.000      -1.87 0.06180847      -1.87       0.00       0.00 1.00000000
#  3446 "Tragulus_napu"    "Sundamys_muelleri   4   3   3      0.000      0.707      0.297     -0.288      0.167      1.000      -2.38 0.01721233       0.00       0.00       0.00 1.00000000
#  3518 "Bos_frontalis"    "Canis_aureus"       4   3   3      0.000      0.702      0.297     -0.251      0.167      1.000      -2.37 0.01772124       0.00       0.00       0.00 1.00000000
#  3522 "Bos_frontalis"    "Arctonyx_collaris   4   3   3      0.000      0.708      0.310     -0.416      0.167      1.000      -2.28 0.02219129       0.00       0.00       0.00 1.00000000
#  3534 "Bos_frontalis"    "Homo_sapiens"       4   2   2      0.000      0.765      0.309     -0.618      0.375      1.000      -2.48 0.01303446       0.00       0.00       0.00 1.00000000
#  3539 "Bos_frontalis"    "Pardofelis_temmin   4   2   2      0.000      0.811      0.300     -1.084      0.375      1.000      -2.71 0.00664371       0.00       0.00       0.00 1.00000000
#  3603 "Callosciurus_nota "Sundamys_muelleri   4   3   3      0.000      0.650      0.293      0.043      0.167      1.000      -2.22 0.02621865       0.00       0.00       0.00 1.00000000
#  3745 "Panthera_tigris"  "Capricornis_sumat   4   4   4      0.000      0.679      0.256      0.025      0.250      1.000      -2.65 0.00781804       0.00       0.00       0.00 1.00000000
#  3755 "Panthera_tigris"  "Catopuma_temminck   4   3   3      0.000      0.712      0.284     -0.200      0.167      1.000      -2.51 0.01190478       0.00       0.00       0.00 1.00000000
#  3830 "Capricornis_sumat "Catopuma_temminck   4   3   3      0.000      0.728      0.312     -0.560      0.167      1.000      -2.33 0.01946187       0.00       0.00       0.00 1.00000000
#  4046 "Arctogalidia_triv "Presbytis_rubicun   3   3   2      0.111      0.743      0.287     -0.314      0.444      1.000      -2.20 0.02756423      -2.20       0.00       0.00 1.00000000
#  4118 "Canis_aureus"     "Arctonyx_collaris   3   3   3      0.000      0.732      0.313     -0.500      0.111      1.000      -2.34 0.01895112       0.00       0.00       0.00 1.00000000
#  4135 "Canis_aureus"     "Pardofelis_temmin   3   2   2      0.000      0.807      0.313     -1.101      0.333      1.000      -2.57 0.00984591       0.00       0.00       0.00 1.00000000
#  4256 "Pongo_pygmaeus"   "Presbytis_rubicun   3   3   3      0.000      0.724      0.308     -0.399      0.111      1.000      -2.35 0.01845223       0.00       0.00       0.00 1.00000000
#  4273 "Pongo_pygmaeus"   "Herpestes_semitor   3   2   2      0.000      0.760      0.330     -0.728      0.333      1.000      -2.30 0.02110344       0.00       0.00       0.00 1.00000000
#  4413 "Arctonyx_collaris "Ursus_thibetanus"   3   2   2      0.000      0.810      0.306     -1.061      0.333      1.000      -2.64 0.00803614       0.00       0.00       0.00 1.00000000
#  4530 "Catopuma_temminck "Rhinosciurus_lati   3   2   2      0.000      0.837      0.292     -1.313      0.333      1.000      -2.86 0.00411373       0.00       0.00      -2.07 0.03859746
#  4606 "Sundamys_muelleri "Tupaia_gracilis"    3   2   2      0.000      0.747      0.324     -0.510      0.333      1.000      -2.31 0.02075905       0.00       0.00       0.00 1.00000000
#  4659 "Macaca_mulatta"   "Mustela_kathiah"    3   2   2      0.000      0.800      0.316     -1.043      0.333      1.000      -2.53 0.01120496       0.00       0.00       0.00 1.00000000
#  4673 "Macaca_mulatta"   "Melogale_moschata   3   2   2      0.000      0.810      0.306     -1.061      0.333      1.000      -2.64 0.00803620       0.00       0.00       0.00 1.00000000
#  4675 "Macaca_mulatta"   "Prionodon_pardico   3   2   2      0.000      0.837      0.292     -1.313      0.333      1.000      -2.86 0.00411373       0.00       0.00      -2.07 0.03859746
#  4973 "Mustela_kathiah"  "Melogale_moschata   2   2   2      0.000      0.858      0.294     -1.629      0.250      1.000      -2.91 0.00346124       0.00       0.00      -2.13 0.03247539
#  5031 "Cynogale_bennetti "Muntiacus_atherod   2   2   2      0.000      0.842      0.305     -1.468      0.250      1.000      -2.76 0.00567567       0.00       0.00       0.00 1.00000000
#  5077 "Sus_celebensis"   "Macaca_ochreata"    2   2   2      0.000      0.827      0.316     -1.323      0.250      1.000      -2.62 0.00856745       0.00       0.00       0.00 1.00000000
#  5399 "Pardofelis_temmin "Ursus_thibetanus"   2   2   2      0.000      0.880      0.275     -1.912      0.250      1.000      -3.20 0.00132120       0.00       0.00      -2.49 0.01239624
#  5495 "Tupaia_gracilis"  "Tupaia_tana"        2   2   2      0.000      0.887      0.268     -2.021      0.250      1.000      -3.31 0.00088292       0.00       0.00      -2.63 0.00828411
#  5990 "Prionailurus_plan "Nasalis_larvalis"   1   1   1      0.000      0.980      0.140     -7.068      1.000      1.000      -7.00 0.00000000      -7.00       0.00      -7.00 0.00000000
#  6485 "Cephalopachus_ban "Nasalis_larvalis"   1   1   1      0.000      0.990      0.099    -10.152      1.000      1.000      -9.95 0.00000000      -9.95       0.00      -9.95 0.00000000
#  6497 "Cephalopachus_ban "Callosciurus_prev   1   1   1      0.000      0.980      0.140     -7.068      1.000      1.000      -7.00 0.00000000      -7.00       0.00      -7.00 0.00000000
#  6500 "Mydaus_javanensis "Tarsius_bancanus"   1   1   1      0.000      0.980      0.140     -7.068      1.000      1.000      -7.00 0.00000000      -7.00       0.00      -7.00 0.00000000
#  6534 "Tarsius_bancanus" "Catopuma_badia"     1   1   1      0.000      0.990      0.099    -10.152      1.000      1.000      -9.95 0.00000000      -9.95       0.00      -9.95 0.00000000
 
> Name               SP   CL+   CL-   BM+   BM-   BC+   BC-   BY+   BY-       NR   CL+   CL+
> WIMamm.txt       6670    21    85    14    17    14     6    19    10   667000 20010 20010
 
& File           Speci   Individ     BRInd       BRZ Cscoreind   CscoreZ Soeren.In  Soeren.Z    AbsInd      AbsZ CheckerIn  CheckerZ   CombInd     CombZ   CorrInd     CorrZ    SchInd      SchZ
& WIMamm.txt       116  35087.00    0.4804   -1.2408    0.0256    2.8908   -0.0002   -0.0122   -0.0014   -1.0786    0.1027   10.6417    0.8530    5.5196   -0.0353   -0.8211   -0.0266   -9.3981
 
%          Observed numbers                                          Expected numbers
% Class    Pairs   CL+   CL-   BM+   BM-   BC+   BC-   BY+   BY-       NR   CL+   CL-
% 0.000     1188     0    70     0     5     0     0     0    10   113041  3352  3358
% 0.025       17     0     9     0     8     0     6     0     0      469    21     8
% 0.075       37     0     3     0     2     0     0     0     0     2677    89    74
% 0.125       84     0     3     0     2     0     0     0     0     7438   217   228
% 0.175       68     0     0     0     0     0     0     0     0     7109   222   230
% 0.225       88     0     0     0     0     0     0     0     0    11023   335   329
% 0.275      117     0     0     0     0     0     0     0     0    15888   458   474
% 0.325      108     0     0     0     0     0     0     0     0    14308   420   416
% 0.375       75     1     0     0     0     0     0     1     0    12088   353   381
% 0.425      174     0     0     0     0     0     0     0     0    31563   943   961
% 0.475       78     0     0     0     0     0     0     0     0    13668   409   417
% 0.525       74     0     0     0     0     0     0     0     0    11650   359   343
% 0.575       57     3     0     0     0     0     0     3     0     8443   253   270
% 0.625       74     1     0     0     0     0     0     0     0    12776   376   386
% 0.675       42     0     0     0     0     0     0     0     0     5308   155   148
% 0.725       19     1     0     0     0     0     0     1     0     1861    57    51
% 0.775        3     1     0     0     0     0     0     1     0      261     5     7
% 0.825        0     0     0     0     0     0     0     0     0        5     0     0
% 0.875        0     0     0     0     0     0     0     0     0        0     0     0
% 0.925        0     0     0     0     0     0     0     0     0        0     0     0
% 0.975        0     0     0     0     0     0     0     0     0        0     0     0
% 1.000     4367    14     0    14     0    14     0    13     0   397424 11986 11929
