<  File:  ENAmTrees.txt  Species:  148 Sites:   37 MatFill: 0.09 Occ:    520 0.100% Confidence limit  Index: c Model: fixed - fixed                      
 
#    No             Sp1                Sp2     S1  S2 Com  Obs.Score  Exp.Score  Exp.StDev   Skewness    LowerCL    UpperCL SigZ-Score      Alpha >MeanScore   >CLScore   >BJScore      Alpha
#   150 "Acer_saccharum"   "Ostrya_virginiana  19  13  13      0.000      0.275      0.089      0.435      0.109      0.547      -3.08 0.00202656       0.00       0.00       0.00 1.00000000
#   151 "Acer_saccharum"   "Fagus_grandifolia  19  13  12      0.028      0.271      0.109      0.365      0.065      0.547      -2.22 0.02615112      -2.22       0.00       0.00 1.00000000
#   172 "Acer_saccharum"   "Betula_alleghanie  19   6   6      0.000      0.336      0.162      0.701      0.123      0.789      -2.07 0.03815150       0.00       0.00       0.00 1.00000000
#   297 "Nyssa_sylvatica"  "Cornus_florida"    16  12  11      0.026      0.324      0.115      0.368      0.062      0.609      -2.60 0.00906968      -2.60       0.00       0.00 1.00000000
#   303 "Nyssa_sylvatica"  "Liriodendron_tuli  16  10  10      0.000      0.378      0.125      0.018      0.044      0.700      -3.03 0.00238937       0.00       0.00       0.00 1.00000000
#   325 "Nyssa_sylvatica"  "Picea_rubens"      16   5   0      1.000      0.399      0.179     -0.027      0.000      0.750       3.36 0.00073898       3.36       3.36       0.00 1.00000000
#   441 "Prunus_serotina"  "Cornus_florida"    14  12   9      0.089      0.364      0.127      0.550      0.143      0.714      -2.17 0.02987200       0.00       0.00       0.00 1.00000000
#   464 "Prunus_serotina"  "Magnolia_acuminat  14   5   5      0.000      0.435      0.206      0.705      0.143      1.000      -2.11 0.03468466       0.00       0.00       0.00 1.00000000
#   868 "Cornus_florida"   "Quercus_alba"      12  12  10      0.028      0.410      0.161      0.507      0.111      0.840      -2.38 0.01723200      -2.38      -2.38       0.00 1.00000000
#   873 "Cornus_florida"   "Liriodendron_tuli  12  10   9      0.025      0.427      0.154      0.466      0.125      0.825      -2.60 0.00907087      -2.60      -2.60       0.00 1.00000000
#   876 "Cornus_florida"   "Carya_tomentosa"   12   9   7      0.093      0.448      0.145      0.452      0.167      0.815      -2.45 0.01402813      -2.45       0.00       0.00 1.00000000
#   877 "Cornus_florida"   "Carya_glabra"      12   9   7      0.093      0.444      0.159      0.414      0.167      0.815      -2.21 0.02665973      -2.21       0.00       0.00 1.00000000
#   880 "Cornus_florida"   "Sassafras_albidum  12   8   7      0.052      0.470      0.149      0.040      0.125      0.802      -2.80 0.00493103      -2.80      -2.80       0.00 1.00000000
#   881 "Cornus_florida"   "Oxydendrum_arbore  12   7   7      0.000      0.465      0.177      0.611      0.071      1.000      -2.62 0.00854522       0.00       0.00       0.00 1.00000000
#   891 "Cornus_florida"   "Robinia_pseudoaca  12   5   5      0.000      0.533      0.219     -0.041      0.133      1.000      -2.43 0.01490164       0.00       0.00       0.00 1.00000000
#  1012 "Quercus_alba"     "Quercus_velutina"  12  11   9      0.045      0.401      0.129      0.409      0.152      0.682      -2.75 0.00581878      -2.75       0.00       0.00 1.00000000
#  1013 "Quercus_alba"     "Liriodendron_tuli  12  10   9      0.025      0.418      0.157      0.689      0.125      1.000      -2.50 0.01225573      -2.50      -2.50       0.00 1.00000000
#  1016 "Quercus_alba"     "Carya_tomentosa"   12   9   9      0.000      0.495      0.160      0.039      0.167      0.815      -3.10 0.00185460       0.00       0.00       0.00 1.00000000
#  1020 "Quercus_alba"     "Sassafras_albidum  12   8   7      0.052      0.469      0.183      0.585      0.125      1.000      -2.28 0.02207464      -2.28      -2.28       0.00 1.00000000
#  1028 "Quercus_alba"     "Quercus_stellata"  12   6   6      0.000      0.488      0.186      0.222      0.097      1.000      -2.63 0.00847626       0.00       0.00       0.00 1.00000000
#  1155 "Carya_ovata"      "Carya_tomentosa"   11   9   7      0.081      0.464      0.160      0.187      0.152      0.808      -2.40 0.01596457      -2.40       0.00       0.00 1.00000000
#  1156 "Carya_ovata"      "Carya_glabra"      11   9   8      0.030      0.484      0.157      0.249      0.152      1.000      -2.89 0.00373048      -2.89      -2.89       0.00 1.00000000
#  1163 "Carya_ovata"      "Ulmus_rubra"       11   7   7      0.000      0.495      0.186      0.349      0.156      1.000      -2.66 0.00762671       0.00       0.00       0.00 1.00000000
#  1165 "Carya_ovata"      "Carya_cordiformis  11   6   6      0.000      0.504      0.209      0.087      0.091      1.000      -2.41 0.01559728       0.00       0.00       0.00 1.00000000
#  1581 "Quercus_velutina" "Robinia_pseudoaca  11   5   5      0.000      0.546      0.240      0.532      0.127      1.000      -2.27 0.02273637       0.00       0.00       0.00 1.00000000
#  1583 "Quercus_velutina" "Quercus_coccinea"  11   5   5      0.000      0.530      0.200      0.095      0.127      1.000      -2.65 0.00778925       0.00       0.00       0.00 1.00000000
#  1701 "Liriodendron_tuli "Carya_tomentosa"   10   9   7      0.067      0.488      0.159      0.458      0.133      0.800      -2.66 0.00767535      -2.66      -2.66       0.00 1.00000000
#  1705 "Liriodendron_tuli "Sassafras_albidum  10   8   6      0.100      0.520      0.165      0.487      0.188      1.000      -2.55 0.01063997      -2.55       0.00       0.00 1.00000000
#  1706 "Liriodendron_tuli "Oxydendrum_arbore  10   7   6      0.057      0.536      0.195      0.171      0.143      1.000      -2.45 0.01389450      -2.45      -2.45       0.00 1.00000000
#  1709 "Liriodendron_tuli "Ulmus_rubra"       10   7   6      0.057      0.488      0.178      0.354      0.143      1.000      -2.42 0.01518309      -2.42      -2.42       0.00 1.00000000
#  1718 "Liriodendron_tuli "Quercus_coccinea"  10   5   5      0.000      0.568      0.241      0.065      0.120      1.000      -2.35 0.01832396       0.00       0.00       0.00 1.00000000
#  1971 "Tsuga_canadensis" "Betula_lenta"      10   8   6      0.100      0.514      0.192      0.527      0.188      1.000      -2.16 0.03083551      -2.16       0.00       0.00 1.00000000
#  2101 "Carya_tomentosa"  "Carya_glabra"       9   9   6      0.111      0.559      0.182      0.112      0.198      1.000      -2.46 0.01365376      -2.46       0.00       0.00 1.00000000
#  2127 "Carya_tomentosa"  "Ulmus_alata"        9   4   4      0.000      0.605      0.249     -0.032      0.167      1.000      -2.43 0.01504767       0.00       0.00       0.00 1.00000000
#  2239 "Carya_glabra"     "Ulmus_rubra"        9   7   6      0.048      0.543      0.200      0.218      0.127      1.000      -2.47 0.01321656      -2.47      -2.47       0.00 1.00000000
#  2248 "Carya_glabra"     "Quercus_coccinea"   9   5   4      0.111      0.586      0.226      0.317      0.267      1.000      -2.10 0.03525692      -2.10       0.00       0.00 1.00000000
#  2623 "Sassafras_albidum "Oxydendrum_arbore   8   7   6      0.036      0.572      0.211      0.188      0.107      1.000      -2.55 0.01060331      -2.55      -2.55       0.00 1.00000000
#  2763 "Oxydendrum_arbore "Quercus_prinus"     7   5   4      0.086      0.631      0.215      0.266      0.229      1.000      -2.54 0.01084220      -2.54      -2.54       0.00 1.00000000
#  2777 "Oxydendrum_arbore "Carpinus_carolini   7   3   3      0.000      0.710      0.256     -0.122      0.238      1.000      -2.77 0.00543189       0.00       0.00       0.00 1.00000000
#  3130 "Ulmus_rubra"      "Carya_cordiformis   7   6   5      0.048      0.609      0.234      0.154      0.143      1.000      -2.40 0.01632744      -2.40      -2.40       0.00 1.00000000
#  3137 "Ulmus_rubra"      "Quercus_coccinea"   7   5   4      0.086      0.595      0.243      0.405      0.229      1.000      -2.09 0.03620970      -2.09      -2.09       0.00 1.00000000
#  3648 "Quercus_stellata" "Quercus_falcata"    6   3   3      0.000      0.749      0.253     -0.285      0.222      1.000      -2.96 0.00300521       0.00       0.00       0.00 1.00000000
#  3978 "Robinia_pseudoaca "Quercus_prinus"     5   5   4      0.040      0.672      0.249     -0.009      0.160      1.000      -2.54 0.01094913      -2.54      -2.54       0.00 1.00000000
#  4667 "Juglans_nigra"    "Celtis_occidental   4   4   3      0.062      0.785      0.267     -0.708      0.250      1.000      -2.71 0.00664943      -2.71      -2.71       0.00 1.00000000
#  5644 "Quercus_marilandi "Carya_texana"       3   2   2      0.000      0.827      0.292     -1.128      0.333      1.000      -2.83 0.00457621       0.00       0.00       0.00 1.00000000
#  5648 "Quercus_marilandi "Pinus_palustris"    3   2   2      0.000      0.900      0.238     -2.021      0.333      1.000      -3.78 0.00014830       0.00       0.00       0.00 1.00000000
#  5960 "Celtis_laevigata" "Asimina_triloba"    3   2   2      0.000      0.900      0.238     -2.021      0.333      1.000      -3.78 0.00014830       0.00       0.00       0.00 1.00000000
#  6046 "Pinus_echinata"   "Pinus_palustris"    3   2   2      0.000      0.880      0.256     -1.717      0.333      1.000      -3.44 0.00056517       0.00       0.00       0.00 1.00000000
#  6694 "Betula_papyrifera "Quercus_macrocarp   3   3   3      0.000      0.849      0.259     -1.268      0.111      1.000      -3.28 0.00100279       0.00       0.00       0.00 1.00000000
#  6711 "Betula_papyrifera "Populus_tremuloid   3   2   2      0.000      0.880      0.256     -1.717      0.333      1.000      -3.44 0.00056517       0.00       0.00       0.00 1.00000000
#  7235 "Ostrya_viginiana" "Tila_americana"     2   2   2      0.000      0.873      0.282     -1.811      0.250      1.000      -3.10 0.00188857       0.00       0.00       0.00 1.00000000
#  7798 "Pinus_resinosa"   "Pinus_rigida"       2   2   2      0.000      0.895      0.260     -2.139      0.250      1.000      -3.44 0.00055826       0.00       0.00       0.00 1.00000000
#  9510 "Acer_saccharinum" "Ilex_decidua"       1   1   1      0.000      1.000      0.000      0.000      1.000      1.000      -1.00 0.31722987       0.00       0.00       0.00 1.00000000
#  9734 "Populus_deltoides "Salix_nigra"        1   1   1      0.000      1.000      0.000      0.000      1.000      1.000      -1.00 0.31722987       0.00       0.00       0.00 1.00000000
#  9915 "Ilex_ambigua"     "Alnus_rugosa"       1   1   1      0.000      1.000      0.000      0.000      1.000      1.000      -1.00 0.31722987       0.00       0.00       0.00 1.00000000
# 10563 "Ligustrum_sinense "Magnolia_macrophy   1   1   1      0.000      1.000      0.000      0.000      1.000      1.000      -1.00 0.31722987       0.00       0.00       0.00 1.00000000
# 10685 "Cornus_alternifol "Fargus_grandifoli   1   1   1      0.000      1.000      0.000      0.000      1.000      1.000      -1.00 0.31722987       0.00       0.00       0.00 1.00000000
 
> Name               SP   CL+   CL-   BM+   BM-   BC+   BC-   BY+   BY-       NR   CL+   CL+
> ENAmTrees.txt   10878     1    56     1    26     1    16     0     0  1087800 10878 10878
 
& File           Speci   Individ     BRInd       BRZ Cscoreind   CscoreZ Soeren.In  Soeren.Z    AbsInd      AbsZ CheckerIn  CheckerZ   CombInd     CombZ   CorrInd     CorrZ    SchInd      SchZ
& ENAmTrees.txt    148  29790.00    0.5808   -0.8413   -0.0049   -0.6689   -0.0511   -2.3576   -0.0010   -0.7452    0.0545   10.0324    0.2124    1.3388   -0.0205   -0.4620   -0.0064   -3.6510
 
%          Observed numbers                                          Expected numbers
% Class    Pairs   CL+   CL-   BM+   BM-   BC+   BC-   BY+   BY-       NR   CL+   CL-
% 0.000     1296     0    29     0     0     0     0     0     0   132916  1391  1311
% 0.025       12     0    11     0    11     0     8     0     0       42     0     1
% 0.075       34     0    12     0    11     0     8     0     0      463     5     8
% 0.125       67     0     4     0     4     0     0     0     0     2290    24    26
% 0.175       80     0     0     0     0     0     0     0     0     4584    57    49
% 0.225       76     0     0     0     0     0     0     0     0     6577    59    62
% 0.275      119     0     0     0     0     0     0     0     0    16233   148   158
% 0.325      100     0     0     0     0     0     0     0     0    13726   131   137
% 0.375       85     0     0     0     0     0     0     0     0    12204   114   106
% 0.425      186     0     0     0     0     0     0     0     0    30318   294   315
% 0.475      144     0     0     0     0     0     0     0     0    22300   209   225
% 0.525       87     0     0     0     0     0     0     0     0    14217   153   141
% 0.575       76     0     0     0     0     0     0     0     0    13442   112   129
% 0.625      128     0     0     0     0     0     0     0     0    17706   179   180
% 0.675       73     0     0     0     0     0     0     0     0     9811    74    91
% 0.725       33     0     0     0     0     0     0     0     0     5883    63    49
% 0.775       27     0     0     0     0     0     0     0     0     2942    33    23
% 0.825        5     0     0     0     0     0     0     0     0      388     6     2
% 0.875        0     0     0     0     0     0     0     0     0        1     0     0
% 0.925        0     0     0     0     0     0     0     0     0        0     0     0
% 0.975        0     0     0     0     0     0     0     0     0        0     0     0
% 1.000     8250     1     0     1     0     1     0     0     0   781757  7826  7865
