<  File:  SBBats.txt     Species:  107 Sites:   37 MatFill: 0.15 Occ:    583 0.100% Confidence limit  Index: c Model: fixed - fixed                      
 
#    No             Sp1                Sp2     S1  S2 Com  Obs.Score  Exp.Score  Exp.StDev   Skewness    LowerCL    UpperCL SigZ-Score      Alpha >MeanScore   >CLScore   >BJScore      Alpha
#    46 "Artibeus_lituratu "Sturnira_erythrom  33   3   1      0.646      0.059      0.123      1.629      0.000      0.313       4.78 0.00000167       0.00       0.00       4.31 0.00001539
#   148 "Carollia_perspici "Promops_nasutus"   30   4   1      0.725      0.127      0.143      0.741      0.000      0.467       4.19 0.00002599       0.00       0.00       3.66 0.00023961
#   182 "Carollia_perspici "Tadarida_brasilie  30   2   0      1.000      0.106      0.200      1.393      0.000      0.483       4.46 0.00000757       4.46       4.46       3.96 0.00006980
#   447 "Platyrrhinus_line "Carollia_brevicau  23   5   1      0.765      0.231      0.170      0.065      0.000      0.548       3.14 0.00164717       0.00       0.00       0.00 1.00000000
#   452 "Platyrrhinus_line "Sturnira_oporaphi  23   4   0      1.000      0.230      0.206      0.653      0.000      0.717       3.73 0.00018072       3.73       0.00       0.00 1.00000000
#   645 "Myotis_nigricans" "Diphylla_ecaudata  20   6   1      0.792      0.270      0.145      0.349      0.000      0.600       3.60 0.00030303       0.00       0.00       0.00 1.00000000
#   731 "Artibeus_fimbriat "Platyrrhinus_reci  17   9   9      0.000      0.338      0.118      0.755      0.131      0.686      -2.86 0.00416219       0.00       0.00       0.00 1.00000000
#   834 "Anoura_caudifer"  "Lasiurus_blossevi  17   8   1      0.824      0.306      0.130      0.260      0.000      0.662       3.98 0.00006443       0.00       0.00       3.42 0.00059409
#  1028 "Artibeus_obscurus "Eptesicus_furinal  13   7   0      1.000      0.438      0.162      0.364      0.077      0.791       3.47 0.00049680       0.00       0.00       0.00 1.00000000
#  1115 "Artibeus_planiros "Artibeus_jamaicen  12  10   0      1.000      0.420      0.130      0.646      0.125      0.825       4.45 0.00000823       0.00       0.00       3.94 0.00007584
#  1124 "Artibeus_planiros "Chiroderma_doriae  12   7   6      0.071      0.462      0.182      0.237      0.167      1.000      -2.15 0.03124183       0.00       0.00       0.00 1.00000000
#  1208 "Molossus_molossus "Chrotopterus_auri  12  11   0      1.000      0.371      0.145      0.566      0.091      0.833       4.33 0.00001425       4.33       0.00       3.81 0.00013135
#  1212 "Molossus_molossus "Lasiurus_ega"      12   9   7      0.093      0.426      0.164      0.594      0.167      1.000      -2.03 0.04158646       0.00       0.00       0.00 1.00000000
#  1219 "Molossus_molossus "Noctilio_leporinu  12   7   6      0.071      0.449      0.183      0.625      0.167      1.000      -2.06 0.03872496       0.00       0.00       0.00 1.00000000
#  1404 "Chrotopterus_auri "Noctilio_leporinu  11   7   0      1.000      0.443      0.160      0.295      0.065      0.779       3.48 0.00048482       0.00       0.00       0.00 1.00000000
#  2591 "Artibeus_cinereus "Trachops_cirrhosu   6   6   4      0.111      0.638      0.214      0.193      0.250      1.000      -2.46 0.01369530       0.00       0.00       0.00 1.00000000
#  2612 "Artibeus_cinereus "Lophostoma_brasil   6   3   3      0.000      0.727      0.270     -0.297      0.222      1.000      -2.70 0.00687772       0.00       0.00       0.00 1.00000000
#  2972 "Carollia_brevicau "Vampyrodes_caracc   5   5   4      0.040      0.654      0.249      0.039      0.160      1.000      -2.46 0.01354390      -2.46       0.00       0.00 1.00000000
#  2974 "Carollia_brevicau "Lophostoma_silvic   5   4   4      0.000      0.672      0.253      0.031      0.100      1.000      -2.66 0.00764292       0.00       0.00       0.00 1.00000000
#  2978 "Carollia_brevicau "Uroderma_bilobatu   5   4   4      0.000      0.696      0.276     -0.223      0.100      1.000      -2.52 0.01136440       0.00       0.00       0.00 1.00000000
#  2981 "Carollia_brevicau "Choeroniscus_mino   5   3   3      0.000      0.709      0.293     -0.320      0.200      1.000      -2.42 0.01522636       0.00       0.00       0.00 1.00000000
#  2997 "Carollia_brevicau "Micronycteris_hir   5   2   2      0.000      0.754      0.295     -0.377      0.400      1.000      -2.56 0.01041704       0.00       0.00       0.00 1.00000000
#  3011 "Carollia_brevicau "Sturnira_magna"     5   2   2      0.000      0.796      0.284     -0.696      0.400      1.000      -2.80 0.00497103       0.00       0.00       0.00 1.00000000
#  3072 "Platyrrhinus_hell "Platyrrhinus_infu   5   2   2      0.000      0.760      0.294     -0.421      0.400      1.000      -2.59 0.00953120       0.00       0.00       0.00 1.00000000
#  3117 "Vampyrodes_caracc "Lophostoma_silvic   5   4   3      0.100      0.727      0.257     -0.229      0.300      1.000      -2.44 0.01455766      -2.44       0.00       0.00 1.00000000
#  3133 "Vampyrodes_caracc "Carollia_benkeith   5   3   3      0.000      0.711      0.284     -0.273      0.200      1.000      -2.50 0.01207316       0.00       0.00       0.00 1.00000000
#  3260 "Lophostoma_silvic "Uroderma_bilobatu   4   4   4      0.000      0.783      0.244     -0.459      0.250      1.000      -3.21 0.00128388       0.00       0.00       0.00 1.00000000
#  3302 "Lophostoma_silvic "Lonchophylla_mord   4   2   2      0.000      0.794      0.294     -0.745      0.375      1.000      -2.70 0.00675845       0.00       0.00       0.00 1.00000000
#  3333 "Sturnira_oporaphi "Sturnira_erythrom   4   3   3      0.000      0.745      0.296     -0.541      0.167      1.000      -2.52 0.01156121       0.00       0.00       0.00 1.00000000
#  3340 "Sturnira_oporaphi "Carollia_benkeith   4   3   3      0.000      0.780      0.264     -0.519      0.167      1.000      -2.95 0.00308818       0.00       0.00       0.00 1.00000000
#  3362 "Sturnira_oporaphi "Chiroderma_salvin   4   2   2      0.000      0.806      0.289     -0.847      0.375      1.000      -2.79 0.00515074       0.00       0.00       0.00 1.00000000
#  3545 "Uroderma_bilobatu "Micronycteris_hir   4   2   2      0.000      0.769      0.302     -0.555      0.375      1.000      -2.55 0.01064450       0.00       0.00       0.00 1.00000000
#  3755 "Choeroniscus_mino "Chiroderma_trinit   3   2   2      0.000      0.820      0.296     -1.068      0.333      1.000      -2.77 0.00545901       0.00       0.00       0.00 1.00000000
#  3791 "Micronycteris_sch "Artibeus_gnomus"    3   2   2      0.000      0.833      0.289     -1.190      0.333      1.000      -2.89 0.00378394       0.00       0.00       0.00 1.00000000
#  3818 "Micronycteris_sch "Lonchophylla_mord   3   2   2      0.000      0.833      0.289     -1.190      0.333      1.000      -2.89 0.00378388       0.00       0.00       0.00 1.00000000
#  4250 "Carollia_benkeith "Platyrrhinus_infu   3   2   2      0.000      0.833      0.289     -1.190      0.333      1.000      -2.89 0.00378394       0.00       0.00       0.00 1.00000000
#  4257 "Carollia_benkeith "Rhogeessa_io"       3   2   2      0.000      0.853      0.276     -1.393      0.333      1.000      -3.09 0.00193435      -3.09       0.00       0.00 1.00000000
#  4267 "Carollia_benkeith "Myotis_keaysi"      3   2   2      0.000      0.800      0.306     -0.900      0.333      1.000      -2.62 0.00864828       0.00       0.00       0.00 1.00000000
#  4351 "Enchisthenes_hart "Platyrrhinus_brac   2   2   2      0.000      0.887      0.268     -2.021      0.250      1.000      -3.31 0.00088292      -3.31       0.00       0.00 1.00000000
#  4353 "Enchisthenes_hart "Platyrrhinus_infu   2   2   2      0.000      0.895      0.260     -2.139      0.250      1.000      -3.44 0.00055826      -3.44       0.00       0.00 1.00000000
#  4355 "Enchisthenes_hart "Artibeus_glaucus"   2   2   2      0.000      0.887      0.268     -2.021      0.250      1.000      -3.31 0.00088292      -3.31       0.00       0.00 1.00000000
#  4365 "Enchisthenes_hart "Chiroderma_salvin   2   2   2      0.000      0.842      0.305     -1.468      0.250      1.000      -2.76 0.00567567       0.00       0.00       0.00 1.00000000
#  4409 "Artibeus_gnomus"  "Rhinophylla_pumil   2   2   2      0.000      0.858      0.294     -1.629      0.250      1.000      -2.91 0.00346124      -2.91       0.00       0.00 1.00000000
#  4423 "Artibeus_gnomus"  "Lonchophylla_mord   2   2   2      0.000      0.873      0.282     -1.811      0.250      1.000      -3.10 0.00188857      -3.10       0.00       0.00 1.00000000
#  4599 "Micronycteris_hir "Rhinophylla_pumil   2   2   2      0.000      0.865      0.288     -1.717      0.250      1.000      -3.00 0.00259840      -3.00       0.00       0.00 1.00000000
#  4601 "Micronycteris_hir "Saccopteryx_bilin   2   2   2      0.000      0.835      0.311     -1.393      0.250      1.000      -2.69 0.00703603       0.00       0.00       0.00 1.00000000
#  4638 "Platyrrhinus_brac "Platyrrhinus_infu   2   2   2      0.000      0.873      0.282     -1.811      0.250      1.000      -3.10 0.00188857      -3.10       0.00       0.00 1.00000000
#  4640 "Platyrrhinus_brac "Artibeus_glaucus"   2   2   2      0.000      0.820      0.320     -1.255      0.250      1.000      -2.56 0.01026928       0.00       0.00       0.00 1.00000000
#  4650 "Platyrrhinus_brac "Chiroderma_salvin   2   2   2      0.000      0.865      0.288     -1.717      0.250      1.000      -3.00 0.00259840      -3.00       0.00       0.00 1.00000000
#  4693 "Artibeus_andersen "Sturnira_magna"     2   2   2      0.000      0.873      0.282     -1.811      0.250      1.000      -3.10 0.00188857      -3.10       0.00       0.00 1.00000000
#  4727 "Platyrrhinus_infu "Artibeus_glaucus"   2   2   2      0.000      0.895      0.260     -2.139      0.250      1.000      -3.44 0.00055826      -3.44       0.00       0.00 1.00000000
#  4820 "Artibeus_glaucus" "Chiroderma_salvin   2   2   2      0.000      0.873      0.282     -1.811      0.250      1.000      -3.10 0.00188857      -3.10       0.00       0.00 1.00000000
#  4970 "Rhinophylla_pumil "Saccopteryx_bilin   2   2   2      0.000      0.880      0.275     -1.912      0.250      1.000      -3.20 0.00132120      -3.20       0.00       0.00 1.00000000
#  4982 "Rhinophylla_pumil "Lonchophylla_mord   2   2   2      0.000      0.910      0.244     -2.411      0.250      1.000      -3.73 0.00017911      -3.73      -3.73       0.00 1.00000000
#  5016 "Rhogeessa_io"     "Chiroderma_trinit   2   2   2      0.000      0.895      0.260     -2.139      0.250      1.000      -3.44 0.00055826      -3.44       0.00       0.00 1.00000000
#  5053 "Saccopteryx_bilin "Lonchophylla_mord   2   2   2      0.000      0.918      0.235     -2.569      0.250      1.000      -3.91 0.00008738      -3.91      -3.91      -3.34 0.00080568
#  5149 "Sturnira_magna"   "Myotis_keaysi"      2   2   2      0.000      0.895      0.260     -2.139      0.250      1.000      -3.44 0.00055826      -3.44       0.00       0.00 1.00000000
#  5269 "Diaemus_youngi"   "Lonchophylla_boke   2   2   2      0.000      0.842      0.305     -1.468      0.250      1.000      -2.76 0.00567567       0.00       0.00       0.00 1.00000000
 
> Name               SP   CL+   CL-   BM+   BM-   BC+   BC-   BY+   BY-       NR   CL+   CL+
> SBBats.txt       5671    11    47     3    19     1     2     6     1   567100  5671  5671
 
& File           Speci   Individ     BRInd       BRZ Cscoreind   CscoreZ Soeren.In  Soeren.Z    AbsInd      AbsZ CheckerIn  CheckerZ   CombInd     CombZ   CorrInd     CorrZ    SchInd      SchZ
& SBBats.txt       107  20362.00    0.4648    3.0098    0.0699    6.7946    0.1061    4.9545    0.0029    3.4053    0.0336    2.2722    1.9484    5.9991    0.0453    2.3998   -0.0080   -3.7810
 
%          Observed numbers                                          Expected numbers
% Class    Pairs   CL+   CL-   BM+   BM-   BC+   BC-   BY+   BY-       NR   CL+   CL-
% 0.000      997     0    41     0    17     0     2     0     1    84124   892   798
% 0.025       19     0     1     0     1     0     0     0     0     1252    15     9
% 0.075       34     0     3     0     0     0     0     0     0     3611    35    35
% 0.125       58     0     2     0     1     0     0     0     0     5047    43    45
% 0.175       71     0     0     0     0     0     0     0     0     6893    63    67
% 0.225       81     0     0     0     0     0     0     0     0     9134    79    86
% 0.275      166     0     0     0     0     0     0     0     0    17547   176   206
% 0.325      148     0     0     0     0     0     0     0     0    16571   175   157
% 0.375      115     0     0     0     0     0     0     0     0    13930   130   158
% 0.425      239     0     0     0     0     0     0     0     0    34171   357   318
% 0.475      191     0     0     0     0     0     0     0     0    25300   269   259
% 0.525       85     0     0     0     0     0     0     0     0     9604    99   101
% 0.575       99     0     0     0     0     0     0     0     0    11358   110   123
% 0.625       96     1     0     0     0     0     0     1     0    11044   127   103
% 0.675       43     0     0     0     0     0     0     0     0     6151    69    63
% 0.725       38     1     0     0     0     0     0     1     0     3840    36    33
% 0.775       23     2     0     0     0     0     0     0     0     1928    25    14
% 0.825        7     1     0     0     0     0     0     1     0      201     3     2
% 0.875        0     0     0     0     0     0     0     0     0        1     0     0
% 0.925        0     0     0     0     0     0     0     0     0        0     0     0
% 0.975        0     0     0     0     0     0     0     0     0        0     0     0
% 1.000     3161     6     0     3     0     1     0     3     0   305393  2968  3094
