<  File:  ENAmTrees.txt  Species:  148 Sites:   37 MatFill: 0.09 Occ:    520 0.500% Confidence limit  Index: c Model: fixed - fixed                      
 
#    No             Sp1                Sp2     S1  S2 Com  Obs.Score  Exp.Score  Exp.StDev   Skewness    LowerCL    UpperCL SigZ-Score      Alpha >MeanScore   >CLScore   >BJScore      Alpha
#   150 "Acer_saccharum"   "Ostrya_virginiana  19  13  13      0.000      0.258      0.101      0.276      0.065      0.547      -2.55 0.01045585       0.00       0.00       0.00 1.00000000
#   151 "Acer_saccharum"   "Fagus_grandifolia  19  13  12      0.028      0.263      0.101      0.461      0.065      0.547      -2.32 0.02015084      -2.32       0.00       0.00 1.00000000
#   303 "Nyssa_sylvatica"  "Liriodendron_tuli  16  10  10      0.000      0.365      0.147      0.313      0.044      0.700      -2.48 0.01285601       0.00       0.00       0.00 1.00000000
#   311 "Nyssa_sylvatica"  "Oxydendrum_arbore  16   7   7      0.000      0.392      0.169      0.214      0.089      0.804      -2.32 0.02008843       0.00       0.00       0.00 1.00000000
#   450 "Prunus_serotina"  "Carya_tomentosa"   14   9   7      0.111      0.414      0.139      0.481      0.190      0.825      -2.18 0.02871162       0.00       0.00       0.00 1.00000000
#   868 "Cornus_florida"   "Quercus_alba"      12  12  10      0.028      0.379      0.126      0.568      0.062      0.840      -2.79 0.00509387      -2.79      -2.79       0.00 1.00000000
#   872 "Cornus_florida"   "Quercus_velutina"  12  11   8      0.091      0.391      0.139      0.508      0.152      0.833      -2.16 0.03064346       0.00       0.00       0.00 1.00000000
#   873 "Cornus_florida"   "Liriodendron_tuli  12  10   9      0.025      0.437      0.142      0.083      0.125      0.667      -2.89 0.00369287      -2.89      -2.89       0.00 1.00000000
#   876 "Cornus_florida"   "Carya_tomentosa"   12   9   7      0.093      0.433      0.139      0.399      0.167      0.815      -2.45 0.01405215      -2.45       0.00       0.00 1.00000000
#   877 "Cornus_florida"   "Carya_glabra"      12   9   7      0.093      0.432      0.140      0.515      0.167      0.815      -2.42 0.01520127       0.00       0.00       0.00 1.00000000
#   880 "Cornus_florida"   "Sassafras_albidum  12   8   7      0.052      0.472      0.166      0.565      0.219      1.000      -2.54 0.01103657      -2.54      -2.54       0.00 1.00000000
#   881 "Cornus_florida"   "Oxydendrum_arbore  12   7   7      0.000      0.452      0.180      0.646      0.071      1.000      -2.50 0.01210696       0.00       0.00       0.00 1.00000000
#   884 "Cornus_florida"   "Ulmus_rubra"       12   7   6      0.071      0.462      0.176      0.326      0.167      0.786      -2.22 0.02588856      -2.22      -2.22       0.00 1.00000000
#   893 "Cornus_florida"   "Quercus_coccinea"  12   5   5      0.000      0.489      0.199      0.260      0.133      1.000      -2.45 0.01390415       0.00       0.00       0.00 1.00000000
#   894 "Cornus_florida"   "Quercus_prinus"    12   5   5      0.000      0.511      0.210      0.331      0.133      1.000      -2.44 0.01460254       0.00       0.00       0.00 1.00000000
#  1012 "Quercus_alba"     "Quercus_velutina"  12  11   9      0.045      0.404      0.161      0.552      0.091      0.833      -2.23 0.02555776      -2.23      -2.23       0.00 1.00000000
#  1013 "Quercus_alba"     "Liriodendron_tuli  12  10   9      0.025      0.450      0.152      0.295      0.125      0.825      -2.80 0.00496310      -2.80      -2.80       0.00 1.00000000
#  1016 "Quercus_alba"     "Carya_tomentosa"   12   9   9      0.000      0.465      0.150      0.212      0.093      0.815      -3.09 0.00191379       0.00       0.00       0.00 1.00000000
#  1017 "Quercus_alba"     "Carya_glabra"      12   9   7      0.093      0.450      0.175      0.694      0.167      1.000      -2.05 0.04032999      -2.05       0.00       0.00 1.00000000
#  1020 "Quercus_alba"     "Sassafras_albidum  12   8   7      0.052      0.459      0.153      0.228      0.219      0.802      -2.66 0.00760746      -2.66      -2.66       0.00 1.00000000
#  1028 "Quercus_alba"     "Quercus_stellata"  12   6   6      0.000      0.513      0.200      0.169      0.097      1.000      -2.57 0.00998169       0.00       0.00       0.00 1.00000000
#  1154 "Carya_ovata"      "Tsuga_canadensis"  11  10   0      1.000      0.445      0.168      0.545      0.182      0.818       3.29 0.00095028       3.29       3.29       0.00 1.00000000
#  1155 "Carya_ovata"      "Carya_tomentosa"   11   9   7      0.081      0.441      0.156      0.411      0.152      0.808      -2.31 0.02040380      -2.31       0.00       0.00 1.00000000
#  1156 "Carya_ovata"      "Carya_glabra"      11   9   8      0.030      0.456      0.163      0.231      0.081      0.808      -2.61 0.00898260      -2.61      -2.61       0.00 1.00000000
#  1163 "Carya_ovata"      "Ulmus_rubra"       11   7   7      0.000      0.506      0.185      0.325      0.156      1.000      -2.74 0.00606555       0.00       0.00       0.00 1.00000000
#  1182 "Carya_ovata"      "Ulmus_alata"       11   4   4      0.000      0.503      0.231      0.422      0.182      1.000      -2.18 0.02920336       0.00       0.00       0.00 1.00000000
#  1570 "Quercus_velutina" "Sassafras_albidum  11   8   6      0.114      0.521      0.198      0.446      0.205      1.000      -2.06 0.03947777       0.00       0.00       0.00 1.00000000
#  1701 "Liriodendron_tuli "Carya_tomentosa"   10   9   7      0.067      0.484      0.148      0.569      0.133      1.000      -2.82 0.00472182      -2.82      -2.82       0.00 1.00000000
#  1706 "Liriodendron_tuli "Oxydendrum_arbore  10   7   6      0.057      0.510      0.195      0.497      0.143      1.000      -2.32 0.01992148      -2.32      -2.32       0.00 1.00000000
#  1709 "Liriodendron_tuli "Ulmus_rubra"       10   7   6      0.057      0.514      0.183      0.052      0.143      1.000      -2.50 0.01235193      -2.50      -2.50       0.00 1.00000000
#  1729 "Liriodendron_tuli "Cercis_canadensis  10   4   4      0.000      0.590      0.235      0.293      0.175      1.000      -2.51 0.01178241       0.00       0.00       0.00 1.00000000
#  1971 "Tsuga_canadensis" "Betula_lenta"      10   8   6      0.100      0.520      0.162      0.728      0.188      1.000      -2.59 0.00943613      -2.59       0.00       0.00 1.00000000
#  2112 "Carya_tomentosa"  "Quercus_stellata"   9   6   5      0.074      0.569      0.196     -0.014      0.185      1.000      -2.52 0.01138270      -2.52      -2.52       0.00 1.00000000
#  2127 "Carya_tomentosa"  "Ulmus_alata"        9   4   4      0.000      0.593      0.248      0.178      0.167      1.000      -2.39 0.01679069       0.00       0.00       0.00 1.00000000
#  2236 "Carya_glabra"     "Oxydendrum_arbore   9   7   5      0.127      0.530      0.184      0.310      0.238      1.000      -2.19 0.02824455       0.00       0.00       0.00 1.00000000
#  2239 "Carya_glabra"     "Ulmus_rubra"        9   7   6      0.048      0.555      0.212      0.399      0.127      1.000      -2.40 0.01618677      -2.40      -2.40       0.00 1.00000000
#  2258 "Carya_glabra"     "Ulmus_alata"        9   4   4      0.000      0.587      0.250      0.357      0.167      1.000      -2.35 0.01849490       0.00       0.00       0.00 1.00000000
#  2404 "Fraxinus_pennsylv "Quercus_macrocarp   9   3   3      0.000      0.678      0.259     -0.039      0.259      1.000      -2.62 0.00862879       0.00       0.00       0.00 1.00000000
#  2623 "Sassafras_albidum "Oxydendrum_arbore   8   7   6      0.036      0.595      0.188      0.210      0.214      1.000      -2.97 0.00286967      -2.97      -2.97       0.00 1.00000000
#  2635 "Sassafras_albidum "Quercus_coccinea"   8   5   4      0.100      0.647      0.224      0.067      0.250      1.000      -2.44 0.01425499      -2.44      -2.44       0.00 1.00000000
#  2760 "Oxydendrum_arbore "Robinia_pseudoaca   7   5   4      0.086      0.676      0.230     -0.156      0.229      1.000      -2.57 0.01010573      -2.57      -2.57       0.00 1.00000000
#  2763 "Oxydendrum_arbore "Quercus_prinus"     7   5   4      0.086      0.640      0.212      0.034      0.229      1.000      -2.62 0.00871468      -2.62      -2.62       0.00 1.00000000
#  3136 "Ulmus_rubra"      "Diospyros_virgini   7   5   4      0.086      0.646      0.205      0.269      0.229      1.000      -2.73 0.00611240      -2.73      -2.73       0.00 1.00000000
#  3137 "Ulmus_rubra"      "Quercus_coccinea"   7   5   4      0.086      0.661      0.223     -0.027      0.229      1.000      -2.57 0.00991124      -2.57      -2.57       0.00 1.00000000
#  3152 "Ulmus_rubra"      "Carpinus_carolini   7   3   3      0.000      0.708      0.270     -0.220      0.238      1.000      -2.62 0.00855166       0.00       0.00       0.00 1.00000000
#  3272 "Amelanchier_arbor "Hamamelis_virgini   6   4   3      0.125      0.690      0.239      0.064      0.333      1.000      -2.36 0.01777720      -2.36      -2.36       0.00 1.00000000
#  3648 "Quercus_stellata" "Quercus_falcata"    6   3   3      0.000      0.732      0.275     -0.377      0.222      1.000      -2.66 0.00766629       0.00       0.00       0.00 1.00000000
#  4667 "Juglans_nigra"    "Celtis_occidental   4   4   3      0.062      0.781      0.267     -0.669      0.250      1.000      -2.69 0.00699365      -2.69      -2.69       0.00 1.00000000
#  5455 "Cercis_canadensis "Asimina_triloba"    4   2   2      0.000      0.819      0.284     -0.954      0.375      1.000      -2.89 0.00378120       0.00       0.00       0.00 1.00000000
#  5648 "Quercus_marilandi "Pinus_palustris"    3   2   2      0.000      0.833      0.289     -1.190      0.333      1.000      -2.89 0.00378394       0.00       0.00       0.00 1.00000000
#  5960 "Celtis_laevigata" "Asimina_triloba"    3   2   2      0.000      0.827      0.292     -1.128      0.333      1.000      -2.83 0.00457633       0.00       0.00       0.00 1.00000000
#  6436 "Sorbus_americana" "Prunus_pensylvani   3   2   2      0.000      0.880      0.256     -1.717      0.333      1.000      -3.44 0.00056517       0.00       0.00       0.00 1.00000000
#  6694 "Betula_papyrifera "Quercus_macrocarp   3   3   3      0.000      0.764      0.295     -0.604      0.111      1.000      -2.59 0.00945616       0.00       0.00       0.00 1.00000000
#  6890 "Quercus_macrocarp "Populus_tremuloid   3   2   2      0.000      0.853      0.276     -1.393      0.333      1.000      -3.09 0.00193441       0.00       0.00       0.00 1.00000000
#  9804 "Castanea_pumila"  "Ilex_monticola"     1   1   1      0.000      1.000      0.000      0.000      1.000      1.000      -1.00 0.31722987       0.00       0.00       0.00 1.00000000
# 10524 "Quercus_muehlenbu "Fargus_grandifoli   1   1   1      0.000      1.000      0.000      0.000      1.000      1.000      -1.00 0.31722987       0.00       0.00       0.00 1.00000000
 
> Name               SP   CL+   CL-   BM+   BM-   BC+   BC-   BY+   BY-       NR   CL+   CL+
> ENAmTrees.txt   10878     1    55     1    26     1    21     0     0  1087800 10878 10878
 
& File           Speci   Individ     BRInd       BRZ Cscoreind   CscoreZ Soeren.In  Soeren.Z    AbsInd      AbsZ CheckerIn  CheckerZ   CombInd     CombZ   CorrInd     CorrZ    SchInd      SchZ
& ENAmTrees.txt    148  29790.00    0.5808   -0.9532   -0.0044   -0.6369   -0.0501   -2.1311   -0.0009   -0.7233    0.0541    9.1872    0.2375    1.5775   -0.0079   -0.2027   -0.0066   -5.3677
 
%          Observed numbers                                          Expected numbers
% Class    Pairs   CL+   CL-   BM+   BM-   BC+   BC-   BY+   BY-       NR   CL+   CL-
% 0.000     1296     0    24     0     0     0     0     0     0   133151  1304  1365
% 0.025       12     0     8     0     8     0     7     0     0       49     0     0
% 0.075       34     0    17     0    15     0    12     0     0      444     5     3
% 0.125       67     0     6     0     3     0     2     0     0     2257    25    26
% 0.175       80     0     0     0     0     0     0     0     0     4490    48    40
% 0.225       76     0     0     0     0     0     0     0     0     6581    60    72
% 0.275      119     0     0     0     0     0     0     0     0    15999   164   140
% 0.325      100     0     0     0     0     0     0     0     0    13758   137   117
% 0.375       85     0     0     0     0     0     0     0     0    12190   132   105
% 0.425      186     0     0     0     0     0     0     0     0    30377   283   338
% 0.475      144     0     0     0     0     0     0     0     0    22358   213   229
% 0.525       87     0     0     0     0     0     0     0     0    14199   146   148
% 0.575       76     0     0     0     0     0     0     0     0    13655   138   135
% 0.625      128     0     0     0     0     0     0     0     0    17745   169   190
% 0.675       73     0     0     0     0     0     0     0     0     9706    90    96
% 0.725       33     0     0     0     0     0     0     0     0     5791    64    59
% 0.775       27     0     0     0     0     0     0     0     0     2821    31    26
% 0.825        5     0     0     0     0     0     0     0     0      450     1     5
% 0.875        0     0     0     0     0     0     0     0     0        1     0     0
% 0.925        0     0     0     0     0     0     0     0     0        0     0     0
% 0.975        0     0     0     0     0     0     0     0     0        0     0     0
% 1.000     8250     1     0     1     0     1     0     0     0   781778  7868  7784
