<  File:  WIMamm.txt     Species:  116 Sites:   25 MatFill: 0.15 Occ:    433 1.000% Confidence limit  Index: c Model: fixed - fixed                      
 
#    No             Sp1                Sp2     S1  S2 Com  Obs.Score  Exp.Score  Exp.StDev   Skewness    LowerCL    UpperCL SigZ-Score      Alpha >MeanScore   >CLScore   >BJScore      Alpha
#     3 "Hystrix_brachyura "Macaca_nemestrina  18  15  15      0.000      0.087      0.039      0.771      0.015      0.200      -2.23 0.02525079       0.00       0.00       0.00 1.00000000
#     5 "Hystrix_brachyura "Helarctos_malayan  18  14  14      0.000      0.089      0.041      0.706      0.020      0.238      -2.14 0.03174537       0.00       0.00       0.00 1.00000000
#   351 "Macaca_nemestrina "Manis_javanica"    15   9   9      0.000      0.205      0.096      0.623      0.052      0.533      -2.13 0.03314096       0.00       0.00       0.00 1.00000000
#   391 "Macaca_nemestrina "Macaca_mulatta"    15   3   0      1.000      0.246      0.228      0.439      0.000      0.622       3.31 0.00091183       3.31       3.31       2.62 0.00855534
#   456 "Sus_scrofa"       "Muntiacus_muntjak  15  13  13      0.000      0.148      0.069      0.685      0.015      0.323      -2.15 0.03121549       0.00       0.00       0.00 1.00000000
#   458 "Sus_scrofa"       "Viverra_tangalung  15  11   3      0.582      0.166      0.078      0.609      0.030      0.364       5.34 0.00000012       0.00       0.00       4.85 0.00000112
#   477 "Sus_scrofa"       "Hystrix_crassispi  15   5   0      1.000      0.202      0.170      1.122      0.000      0.747       4.69 0.00000256       4.69       4.69       4.21 0.00002405
#   478 "Sus_scrofa"       "Trichys_fascicula  15   5   0      1.000      0.243      0.159      0.266      0.000      0.520       4.77 0.00000173       4.77       4.77       4.30 0.00001622
#   677 "Muntiacus_muntjak "Viverra_tangalung  13  11   3      0.559      0.204      0.094      0.183      0.021      0.441       3.78 0.00014746       0.00       0.00       3.19 0.00138357
#   683 "Muntiacus_muntjak "Sus_barbatus"      13   7   1      0.791      0.277      0.142      0.244      0.000      0.604       3.61 0.00029361       0.00       0.00       2.98 0.00275484
#   696 "Muntiacus_muntjak "Hystrix_crassispi  13   5   0      1.000      0.317      0.170      0.579      0.000      0.738       4.02 0.00005430       4.02       4.02       3.46 0.00050947
#   903 "Viverra_tangalung "Herpestes_javanic  11   6   0      1.000      0.329      0.179      0.510      0.000      0.758       3.74 0.00017291       3.74       3.74       3.14 0.00162237
#   922 "Viverra_tangalung "Canis_lupus"       11   4   0      1.000      0.321      0.214      0.173      0.000      0.682       3.17 0.00149262       3.17       3.17       0.00 1.00000000
#   925 "Viverra_tangalung "Viverricula_indic  11   4   0      1.000      0.378      0.195      0.052      0.000      0.682       3.20 0.00133646       3.20       3.20       0.00 1.00000000
#  1214 "Neofelis_diardi"  "Arctictis_binturo   9   7   6      0.048      0.398      0.205      1.080      0.127      1.000      -1.71 0.08750504      -1.71       0.00       0.00 1.00000000
#  1329 "Manis_javanica"   "Hystrix_crassispi   9   5   5      0.000      0.439      0.220      0.309      0.111      1.000      -1.99 0.04630059       0.00       0.00       0.00 1.00000000
#  1330 "Manis_javanica"   "Trichys_fascicula   9   5   5      0.000      0.473      0.209      0.044      0.111      1.000      -2.26 0.02334893       0.00       0.00       0.00 1.00000000
#  1418 "Atherurus_macrour "Sus_barbatus"       7   7   0      1.000      0.459      0.182      0.184      0.082      0.735       2.97 0.00285918       2.97       2.97       0.00 1.00000000
#  1444 "Atherurus_macrour "Capricornis_sumat   7   4   4      0.000      0.496      0.251      0.465      0.143      1.000      -1.98 0.04725468       0.00       0.00       0.00 1.00000000
#  1533 "Sus_barbatus"     "Trichys_fascicula   7   5   5      0.000      0.516      0.268      0.179      0.086      1.000      -1.93 0.05355215       0.00       0.00       0.00 1.00000000
#  1628 "Arctictis_binturo "Prionodon_linsang   7   5   5      0.000      0.505      0.245      0.461      0.086      1.000      -2.06 0.03882468       0.00       0.00       0.00 1.00000000
#  1730 "Hemigalus_derbyan "Herpestes_brachyu   7   5   5      0.000      0.483      0.210      0.089      0.086      1.000      -2.30 0.02113581       0.00       0.00       0.00 1.00000000
#  1919 "Panthera_pardus"  "Tapirus_indicus"    6   6   5      0.028      0.500      0.211      0.443      0.111      1.000      -2.24 0.02495772      -2.24      -2.24       0.00 1.00000000
#  2036 "Herpestes_javanic "Viverricula_indic   6   4   4      0.000      0.624      0.261      0.072      0.125      1.000      -2.39 0.01656717       0.00       0.00       0.00 1.00000000
#  2206 "Elephas_maximus"  "Viverra_zibetha"    6   6   5      0.028      0.473      0.214      0.728      0.111      1.000      -2.08 0.03691858      -2.08      -2.08       0.00 1.00000000
#  2310 "Viverra_zibetha"  "Cuon_alpinus"       6   4   4      0.000      0.532      0.251      0.507      0.125      1.000      -2.12 0.03386831       0.00       0.00       0.00 1.00000000
#  2313 "Viverra_zibetha"  "Bos_frontalis"      6   4   4      0.000      0.547      0.238      0.447      0.125      1.000      -2.30 0.02133715       0.00       0.00       0.00 1.00000000
#  2487 "Echinosorex_gymnu "Hystrix_crassispi   5   5   4      0.040      0.603      0.243      0.320      0.160      1.000      -2.32 0.02000725      -2.32      -2.32       0.00 1.00000000
#  2488 "Echinosorex_gymnu "Trichys_fascicula   5   5   4      0.040      0.578      0.246      0.387      0.160      1.000      -2.18 0.02874887      -2.18      -2.18       0.00 1.00000000
#  2511 "Echinosorex_gymnu "Sundamys_muelleri   5   3   3      0.000      0.652      0.271      0.122      0.200      1.000      -2.41 0.01578462       0.00       0.00       0.00 1.00000000
#  2666 "Herpestes_brachyu "Hystrix_crassispi   5   5   4      0.040      0.589      0.251      0.226      0.160      1.000      -2.18 0.02869701      -2.18      -2.18       0.00 1.00000000
#  2667 "Herpestes_brachyu "Trichys_fascicula   5   5   4      0.040      0.585      0.251      0.301      0.160      1.000      -2.17 0.02933180      -2.17      -2.17       0.00 1.00000000
#  2755 "Hystrix_crassispi "Trichys_fascicula   5   5   5      0.000      0.593      0.243      0.214      0.160      1.000      -2.44 0.01458299       0.00       0.00       0.00 1.00000000
#  2773 "Hystrix_crassispi "Pongo_pygmaeus"     5   3   3      0.000      0.611      0.302      0.125      0.200      1.000      -2.02 0.04311544       0.00       0.00       0.00 1.00000000
#  2860 "Trichys_fascicula "Pongo_pygmaeus"     5   3   3      0.000      0.617      0.297      0.116      0.200      1.000      -2.08 0.03726840       0.00       0.00       0.00 1.00000000
#  2861 "Trichys_fascicula "Presbytis_rubicun   5   3   3      0.000      0.629      0.293      0.083      0.200      1.000      -2.14 0.03181261       0.00       0.00       0.00 1.00000000
#  3518 "Bos_frontalis"    "Canis_aureus"       4   3   3      0.000      0.660      0.310     -0.113      0.167      1.000      -2.13 0.03291005       0.00       0.00       0.00 1.00000000
#  3522 "Bos_frontalis"    "Arctonyx_collaris   4   3   3      0.000      0.708      0.329     -0.482      0.167      1.000      -2.16 0.03081435       0.00       0.00       0.00 1.00000000
#  3603 "Callosciurus_nota "Sundamys_muelleri   4   3   3      0.000      0.692      0.309     -0.275      0.167      1.000      -2.24 0.02469891       0.00       0.00       0.00 1.00000000
#  3745 "Panthera_tigris"  "Capricornis_sumat   4   4   4      0.000      0.664      0.259      0.071      0.062      1.000      -2.57 0.01007348       0.00       0.00       0.00 1.00000000
#  4118 "Canis_aureus"     "Arctonyx_collaris   3   3   3      0.000      0.699      0.312     -0.259      0.111      1.000      -2.24 0.02481133       0.00       0.00       0.00 1.00000000
#  4256 "Pongo_pygmaeus"   "Presbytis_rubicun   3   3   3      0.000      0.664      0.340     -0.253      0.111      1.000      -1.96 0.05004710       0.00       0.00       0.00 1.00000000
#  4409 "Arctonyx_collaris "Pardofelis_temmin   3   2   2      0.000      0.827      0.292     -1.128      0.333      1.000      -2.83 0.00457627       0.00       0.00       0.00 1.00000000
#  4606 "Sundamys_muelleri "Tupaia_gracilis"    3   2   2      0.000      0.840      0.285     -1.255      0.333      1.000      -2.95 0.00308096       0.00       0.00       0.00 1.00000000
#  4607 "Sundamys_muelleri "Tupaia_tana"        3   2   2      0.000      0.800      0.306     -0.900      0.333      1.000      -2.62 0.00864828       0.00       0.00       0.00 1.00000000
#  5031 "Cynogale_bennetti "Muntiacus_atherod   2   2   2      0.000      0.827      0.316     -1.323      0.250      1.000      -2.62 0.00856745       0.00       0.00       0.00 1.00000000
#  5077 "Sus_celebensis"   "Macaca_ochreata"    2   2   2      0.000      0.865      0.288     -1.717      0.250      1.000      -3.00 0.00259840       0.00       0.00       0.00 1.00000000
#  5495 "Tupaia_gracilis"  "Tupaia_tana"        2   2   2      0.000      0.858      0.294     -1.629      0.250      1.000      -2.91 0.00346124       0.00       0.00       0.00 1.00000000
#  6633 "Tupaia_belangeri" "Petaurista_alboru   1   1   1      0.000      1.000      0.000      0.000      1.000      1.000      -1.00 0.31722987      -1.00       0.00       0.00 1.00000000
 
> Name               SP   CL+   CL-   BM+   BM-   BC+   BC-   BY+   BY-       NR   CL+   CL+
> WIMamm.txt       6670    11    38     8     8     8     6     8     0   667000  6670  6670
 
& File           Speci   Individ     BRInd       BRZ Cscoreind   CscoreZ Soeren.In  Soeren.Z    AbsInd      AbsZ CheckerIn  CheckerZ   CombInd     CombZ   CorrInd     CorrZ    SchInd      SchZ
& WIMamm.txt       116  35087.00    0.4804   -1.1901    0.0248    2.9848   -0.0018   -0.1120   -0.0015   -2.0786    0.1031   11.8289    0.7520    4.3536   -0.0352   -0.8302   -0.0264   -8.1769
 
%          Observed numbers                                          Expected numbers
% Class    Pairs   CL+   CL-   BM+   BM-   BC+   BC-   BY+   BY-       NR   CL+   CL-
% 0.000     1188     0    31     0     1     0     0     0     0   113425  1109  1129
% 0.025       17     0     7     0     7     0     6     0     0      409     4     5
% 0.075       37     0     0     0     0     0     0     0     0     2609    36    27
% 0.125       84     0     0     0     0     0     0     0     0     7553    71    83
% 0.175       68     0     0     0     0     0     0     0     0     6972    57    72
% 0.225       88     0     0     0     0     0     0     0     0    10984   124    89
% 0.275      117     0     0     0     0     0     0     0     0    16051   168   159
% 0.325      108     0     0     0     0     0     0     0     0    14577   152   134
% 0.375       75     0     0     0     0     0     0     0     0    12008   117   134
% 0.425      174     0     0     0     0     0     0     0     0    31700   325   313
% 0.475       78     0     0     0     0     0     0     0     0    13643   143   135
% 0.525       74     0     0     0     0     0     0     0     0    11618   124   125
% 0.575       57     2     0     0     0     0     0     2     0     8433    79    87
% 0.625       74     0     0     0     0     0     0     0     0    13029   130   116
% 0.675       42     0     0     0     0     0     0     0     0     5412    57    56
% 0.725       19     0     0     0     0     0     0     0     0     1925    21    19
% 0.775        3     1     0     0     0     0     0     1     0      287     3     0
% 0.825        0     0     0     0     0     0     0     0     0        8     0     0
% 0.875        0     0     0     0     0     0     0     0     0        0     0     0
% 0.925        0     0     0     0     0     0     0     0     0        0     0     0
% 0.975        0     0     0     0     0     0     0     0     0        0     0     0
% 1.000     4367     8     0     8     0     8     0     5     0   396357  3950  3987
