<  File:  SBBats.txt     Species:  107 Sites:   37 MatFill: 0.15 Occ:    583 1.000% Confidence limit  Index: c Model: fixed - fixed                      
 
#    No             Sp1                Sp2     S1  S2 Com  Obs.Score  Exp.Score  Exp.StDev   Skewness    LowerCL    UpperCL SigZ-Score      Alpha >MeanScore   >CLScore   >BJScore      Alpha
#    46 "Artibeus_lituratu "Sturnira_erythrom  33   3   1      0.646      0.081      0.137      1.128      0.000      0.313       4.11 0.00003666       0.00       0.00       3.57 0.00033799
#    73 "Artibeus_lituratu "Histiotus_macrotu  33   2   0      1.000      0.063      0.163      2.268      0.000      0.485       5.75 0.00000000       5.75       5.75       5.75 0.00000000
#   141 "Carollia_perspici "Histiotus_velatus  30   4   2      0.467      0.092      0.111      0.377      0.000      0.225       3.38 0.00068587       0.00       0.00       2.72 0.00632395
#   178 "Carollia_perspici "Histiotus_macrotu  30   2   0      1.000      0.111      0.203      1.323      0.000      0.483       4.37 0.00001168       4.37       0.00       3.86 0.00010772
#   182 "Carollia_perspici "Tadarida_brasilie  30   2   0      1.000      0.097      0.193      1.546      0.000      0.483       4.67 0.00000280       4.67       0.00       4.19 0.00002583
#   447 "Platyrrhinus_line "Carollia_brevicau  23   5   1      0.765      0.227      0.158      0.222      0.000      0.548       3.40 0.00064129       0.00       0.00       2.74 0.00591287
#   449 "Platyrrhinus_line "Vampyrodes_caracc  23   5   1      0.765      0.219      0.148      0.288      0.000      0.548       3.70 0.00020647       0.00       0.00       3.09 0.00190373
#   526 "Glossophaga_soric "Artibeus_planiros  22  12  11      0.042      0.214      0.080      0.561      0.091      0.451      -2.16 0.03039312      -2.16       0.00       0.00 1.00000000
#   649 "Myotis_nigricans" "Platyrrhinus_hell  20   5   1      0.760      0.282      0.156      0.149      0.000      0.540       3.06 0.00211662       0.00       0.00       0.00 1.00000000
#   653 "Myotis_nigricans" "Sturnira_oporaphi  20   4   0      1.000      0.305      0.233      0.366      0.000      0.712       2.99 0.00272417       2.99       0.00       0.00 1.00000000
#   731 "Artibeus_fimbriat "Platyrrhinus_reci  17   9   9      0.000      0.328      0.140      0.575      0.059      0.837      -2.34 0.01903003       0.00       0.00       0.00 1.00000000
#   748 "Artibeus_fimbriat "Platyrrhinus_hell  17   5   0      1.000      0.345      0.194      0.324      0.000      0.753       3.38 0.00070041       3.38       0.00       2.72 0.00645805
#  1028 "Artibeus_obscurus "Eptesicus_furinal  13   7   0      1.000      0.441      0.170      0.433      0.176      0.791       3.29 0.00097799       0.00       0.00       2.60 0.00901742
#  1208 "Molossus_molossus "Chrotopterus_auri  12  11   0      1.000      0.396      0.142      0.379      0.091      0.833       4.26 0.00001955       0.00       0.00       3.73 0.00018026
#  1219 "Molossus_molossus "Noctilio_leporinu  12   7   6      0.071      0.440      0.185      0.687      0.167      1.000      -1.99 0.04630089       0.00       0.00       0.00 1.00000000
#  1225 "Molossus_molossus "Molossus_rufus"    12   5   5      0.000      0.493      0.226      0.156      0.133      1.000      -2.19 0.02851921       0.00       0.00       0.00 1.00000000
#  1503 "Artibeus_jamaicen "Carollia_brevicau  10   5   5      0.000      0.550      0.222      0.305      0.120      1.000      -2.48 0.01279551       0.00       0.00       0.00 1.00000000
#  1511 "Artibeus_jamaicen "Uroderma_bilobatu  10   4   4      0.000      0.582      0.239      0.319      0.175      1.000      -2.44 0.01453066       0.00       0.00       0.00 1.00000000
#  1678 "Platyrrhinus_reci "Trachops_cirrhosu   9   6   5      0.074      0.539      0.208      0.044      0.185      1.000      -2.23 0.02549231       0.00       0.00       0.00 1.00000000
#  2838 "Molossus_rufus"   "Nyctinomops_latic   5   3   3      0.000      0.704      0.273     -0.140      0.200      1.000      -2.58 0.00971776       0.00       0.00       0.00 1.00000000
#  2972 "Carollia_brevicau "Vampyrodes_caracc   5   5   4      0.040      0.656      0.250      0.078      0.160      1.000      -2.46 0.01347530      -2.46       0.00       0.00 1.00000000
#  2974 "Carollia_brevicau "Lophostoma_silvic   5   4   4      0.000      0.673      0.240      0.084      0.100      1.000      -2.80 0.00498044       0.00       0.00       0.00 1.00000000
#  2978 "Carollia_brevicau "Uroderma_bilobatu   5   4   4      0.000      0.720      0.272     -0.307      0.100      1.000      -2.65 0.00786984       0.00       0.00       0.00 1.00000000
#  2981 "Carollia_brevicau "Choeroniscus_mino   5   3   3      0.000      0.666      0.276      0.022      0.200      1.000      -2.41 0.01567024       0.00       0.00       0.00 1.00000000
#  2990 "Carollia_brevicau "Carollia_benkeith   5   3   3      0.000      0.716      0.285     -0.308      0.200      1.000      -2.51 0.01177573       0.00       0.00       0.00 1.00000000
#  3260 "Lophostoma_silvic "Uroderma_bilobatu   4   4   4      0.000      0.743      0.269     -0.378      0.250      1.000      -2.76 0.00555986       0.00       0.00       0.00 1.00000000
#  3333 "Sturnira_oporaphi "Sturnira_erythrom   4   3   3      0.000      0.750      0.266     -0.266      0.167      1.000      -2.82 0.00470698       0.00       0.00       0.00 1.00000000
#  3340 "Sturnira_oporaphi "Carollia_benkeith   4   3   3      0.000      0.773      0.275     -0.590      0.167      1.000      -2.81 0.00485647       0.00       0.00       0.00 1.00000000
#  3362 "Sturnira_oporaphi "Chiroderma_salvin   4   2   2      0.000      0.800      0.292     -0.795      0.375      1.000      -2.74 0.00592524       0.00       0.00       0.00 1.00000000
#  3410 "Eptesicus_brasili "Artibeus_gnomus"    4   2   2      0.000      0.837      0.274     -1.128      0.375      1.000      -3.05 0.00217742       0.00       0.00       0.00 1.00000000
#  3554 "Uroderma_bilobatu "Rhinophylla_pumil   4   2   2      0.000      0.844      0.271     -1.190      0.375      1.000      -3.12 0.00175983       0.00       0.00       0.00 1.00000000
#  3755 "Choeroniscus_mino "Chiroderma_trinit   3   2   2      0.000      0.807      0.303     -0.954      0.333      1.000      -2.67 0.00749594       0.00       0.00       0.00 1.00000000
#  4081 "Lophostoma_brasil "Artibeus_gnomus"    3   2   2      0.000      0.847      0.281     -1.323      0.333      1.000      -3.02 0.00246537       0.00       0.00       0.00 1.00000000
#  4085 "Lophostoma_brasil "Micronycteris_hir   3   2   2      0.000      0.873      0.262     -1.629      0.333      1.000      -3.34 0.00080574      -3.34       0.00      -2.67 0.00742915
#  4242 "Carollia_benkeith "Enchisthenes_hart   3   2   2      0.000      0.800      0.306     -0.900      0.333      1.000      -2.62 0.00864834       0.00       0.00       0.00 1.00000000
#  4249 "Carollia_benkeith "Artibeus_andersen   3   2   2      0.000      0.767      0.318     -0.648      0.333      1.000      -2.41 0.01566422       0.00       0.00       0.00 1.00000000
#  4351 "Enchisthenes_hart "Platyrrhinus_brac   2   2   2      0.000      0.865      0.288     -1.717      0.250      1.000      -3.00 0.00259840      -3.00       0.00       0.00 1.00000000
#  4353 "Enchisthenes_hart "Platyrrhinus_infu   2   2   2      0.000      0.842      0.305     -1.468      0.250      1.000      -2.76 0.00567567       0.00       0.00       0.00 1.00000000
#  4355 "Enchisthenes_hart "Artibeus_glaucus"   2   2   2      0.000      0.858      0.294     -1.629      0.250      1.000      -2.91 0.00346124      -2.91       0.00       0.00 1.00000000
#  4411 "Artibeus_gnomus"  "Saccopteryx_bilin   2   2   2      0.000      0.895      0.260     -2.139      0.250      1.000      -3.44 0.00055826      -3.44       0.00      -2.79 0.00514732
#  4423 "Artibeus_gnomus"  "Lonchophylla_mord   2   2   2      0.000      0.925      0.225     -2.749      0.250      1.000      -4.11 0.00003713      -4.11      -4.11      -3.57 0.00034238
#  4599 "Micronycteris_hir "Rhinophylla_pumil   2   2   2      0.000      0.865      0.288     -1.717      0.250      1.000      -3.00 0.00259840      -3.00       0.00       0.00 1.00000000
#  4601 "Micronycteris_hir "Saccopteryx_bilin   2   2   2      0.000      0.873      0.282     -1.811      0.250      1.000      -3.10 0.00188857      -3.10       0.00       0.00 1.00000000
#  4613 "Micronycteris_hir "Lonchophylla_mord   2   2   2      0.000      0.887      0.268     -2.021      0.250      1.000      -3.31 0.00088292      -3.31       0.00      -2.64 0.00814085
#  4638 "Platyrrhinus_brac "Platyrrhinus_infu   2   2   2      0.000      0.902      0.252     -2.268      0.250      1.000      -3.58 0.00032985      -3.58      -3.58      -2.95 0.00304135
#  4640 "Platyrrhinus_brac "Artibeus_glaucus"   2   2   2      0.000      0.850      0.300     -1.546      0.250      1.000      -2.83 0.00448513       0.00       0.00       0.00 1.00000000
#  4650 "Platyrrhinus_brac "Chiroderma_salvin   2   2   2      0.000      0.895      0.260     -2.139      0.250      1.000      -3.44 0.00055826      -3.44       0.00      -2.79 0.00514732
#  4727 "Platyrrhinus_infu "Artibeus_glaucus"   2   2   2      0.000      0.850      0.300     -1.546      0.250      1.000      -2.83 0.00448513       0.00       0.00       0.00 1.00000000
#  4737 "Platyrrhinus_infu "Chiroderma_salvin   2   2   2      0.000      0.895      0.260     -2.139      0.250      1.000      -3.44 0.00055826      -3.44       0.00      -2.79 0.00514732
#  4820 "Artibeus_glaucus" "Chiroderma_salvin   2   2   2      0.000      0.865      0.288     -1.717      0.250      1.000      -3.00 0.00259840      -3.00       0.00       0.00 1.00000000
#  4970 "Rhinophylla_pumil "Saccopteryx_bilin   2   2   2      0.000      0.910      0.244     -2.411      0.250      1.000      -3.73 0.00017911      -3.73      -3.73      -3.14 0.00165147
#  5016 "Rhogeessa_io"     "Chiroderma_trinit   2   2   2      0.000      0.835      0.311     -1.393      0.250      1.000      -2.69 0.00703603       0.00       0.00       0.00 1.00000000
#  5053 "Saccopteryx_bilin "Lonchophylla_mord   2   2   2      0.000      0.887      0.268     -2.021      0.250      1.000      -3.31 0.00088292      -3.31       0.00      -2.64 0.00814085
#  5149 "Sturnira_magna"   "Myotis_keaysi"      2   2   2      0.000      0.902      0.252     -2.268      0.250      1.000      -3.58 0.00032985      -3.58      -3.58      -2.95 0.00304135
#  5269 "Diaemus_youngi"   "Lonchophylla_boke   2   2   2      0.000      0.850      0.300     -1.546      0.250      1.000      -2.83 0.00448513       0.00       0.00       0.00 1.00000000
 
> Name               SP   CL+   CL-   BM+   BM-   BC+   BC-   BY+   BY-       NR   CL+   CL+
> SBBats.txt       5671    12    43     5    17     1     4    10    10   567100  5671  5671
 
& File           Speci   Individ     BRInd       BRZ Cscoreind   CscoreZ Soeren.In  Soeren.Z    AbsInd      AbsZ CheckerIn  CheckerZ   CombInd     CombZ   CorrInd     CorrZ    SchInd      SchZ
& SBBats.txt       107  20362.00    0.4648    2.9241    0.0698    7.0046    0.1047    5.1042    0.0029    3.7674    0.0340    2.5491    1.7293    5.4882    0.0432    2.2872   -0.0079   -3.6744
 
%          Observed numbers                                          Expected numbers
% Class    Pairs   CL+   CL-   BM+   BM-   BC+   BC-   BY+   BY-       NR   CL+   CL-
% 0.000      997     0    39     0    15     0     4     0    10    83843   874   816
% 0.025       19     0     2     0     2     0     0     0     0     1256    13    14
% 0.075       34     0     2     0     0     0     0     0     0     3624    42    42
% 0.125       58     0     0     0     0     0     0     0     0     5082    50    50
% 0.175       71     0     0     0     0     0     0     0     0     7080    74    64
% 0.225       81     0     0     0     0     0     0     0     0     9057    94   102
% 0.275      166     0     0     0     0     0     0     0     0    17748   158   178
% 0.325      148     0     0     0     0     0     0     0     0    16362   158   171
% 0.375      115     0     0     0     0     0     0     0     0    14005   146   159
% 0.425      239     0     0     0     0     0     0     0     0    33501   300   293
% 0.475      191     1     0     0     0     0     0     1     0    25040   211   243
% 0.525       85     0     0     0     0     0     0     0     0     9724    96    98
% 0.575       99     0     0     0     0     0     0     0     0    11480   113   118
% 0.625       96     1     0     0     0     0     0     1     0    11272   113   119
% 0.675       43     0     0     0     0     0     0     0     0     6088    56    64
% 0.725       38     0     0     0     0     0     0     0     0     3911    42    39
% 0.775       23     3     0     0     0     0     0     2     0     1857    20    17
% 0.825        7     0     0     0     0     0     0     0     0      198     2     1
% 0.875        0     0     0     0     0     0     0     0     0        0     0     0
% 0.925        0     0     0     0     0     0     0     0     0        0     0     0
% 0.975        0     0     0     0     0     0     0     0     0        0     0     0
% 1.000     3161     7     0     5     0     1     0     6     0   305972  3109  3083
