<  File:  NWLgMamm.txt   Species:  126 Sites:   49 MatFill: 0.10 Occ:    597 *****% Confidence limit  Index: c Model: fixed - fixed                      
 
#    No             Sp1                Sp2     S1  S2 Com  Obs.Score  Exp.Score  Exp.StDev   Skewness    LowerCL    UpperCL SigZ-Score      Alpha >MeanScore   >CLScore   >BJScore      Alpha
#     1 "Dasypus_novemcin" "Leopardus_pardal"  31  26  21      0.062      0.167      0.052      0.453      0.082      0.253      -2.00 0.04467875       0.00       0.00       0.00 1.00000000
#     2 "Dasypus_novemcin" "Pecari_tajacu"     31  22  18      0.076      0.183      0.058      0.564      0.103      0.279      -1.85 0.06385499       0.00       0.00       0.00 1.00000000
#     5 "Dasypus_novemcin" "Cuniculus_paca"    31  19  17      0.048      0.214      0.072      0.556      0.109      0.374      -2.30 0.02104312       0.00       0.00       0.00 1.00000000
#     6 "Dasypus_novemcin" "Cerdocyon_thous"   31  17  15      0.061      0.213      0.082      0.572      0.097      0.393      -1.85 0.06467611       0.00       0.00       0.00 1.00000000
#     8 "Dasypus_novemcin" "Canis_latrans"     31  16   6      0.504      0.235      0.080      0.618      0.109      0.371       3.38 0.00070620       0.00       0.00       2.70 0.00674322
#     9 "Dasypus_novemcin" "Procyon_lotor"     31  14   6      0.461      0.239      0.092     -0.092      0.088      0.387       2.40 0.01606458       0.00       0.00       0.00 1.00000000
#    10 "Dasypus_novemcin" "Procyon_cancrivo"  31  14  13      0.041      0.234      0.081      0.237      0.088      0.387      -2.37 0.01733267      -2.37       0.00       0.00 1.00000000
#    19 "Dasypus_novemcin" "Lynx_rufus"        31  10   1      0.871      0.279      0.122      0.215      0.071      0.523       4.85 0.00000119       0.00       0.00       4.38 0.00001138
#    21 "Dasypus_novemcin" "Tamandua_tetrada"  31   9   9      0.000      0.278      0.136      0.442      0.082      0.484      -2.05 0.04028326       0.00       0.00       0.00 1.00000000
#    22 "Dasypus_novemcin" "Sylvilagus_flori"  31   9   3      0.602      0.248      0.129      0.234      0.082      0.484       2.74 0.00599957       0.00       0.00       1.90 0.05728780
#    26 "Dasypus_novemcin" "Didelphis_marsup"  31   8   8      0.000      0.277      0.119      0.512      0.097      0.435      -2.33 0.01966906       0.00       0.00       0.00 1.00000000
#    27 "Dasypus_novemcin" "Mazama_americana"  31   8   8      0.000      0.279      0.137      0.483      0.097      0.565      -2.03 0.04177511       0.00       0.00       0.00 1.00000000
#    28 "Dasypus_novemcin" "Hydrochoerus_hyd"  31   8   8      0.000      0.290      0.150      0.543      0.097      0.565      -1.93 0.05303746       0.00       0.00       0.00 1.00000000
#    34 "Dasypus_novemcin" "Mephitis_mephiti"  31   5   1      0.774      0.277      0.200      0.456      0.000      0.561       2.49 0.01250762       0.00       0.00       0.00 1.00000000
#    37 "Dasypus_novemcin" "Sciurus_caroline"  31   5   0      1.000      0.315      0.169      0.474      0.000      0.561       4.05 0.00004780       4.05       4.05       3.49 0.00045645
#    39 "Dasypus_novemcin" "Tamias_striatus"   31   4   0      1.000      0.321      0.239      0.496      0.000      0.726       2.84 0.00445962       2.84       2.84       2.02 0.04258339
#    43 "Dasypus_novemcin" "Ursus_americanus"  31   4   0      1.000      0.276      0.206      0.674      0.000      0.726       3.51 0.00042433       3.51       3.51       2.87 0.00405174
#    49 "Dasypus_novemcin" "Odocoileus_hemio"  31   3   0      1.000      0.315      0.254      0.377      0.000      0.645       2.70 0.00677294       2.70       2.70       1.85 0.06467245
#   126 "Leopardus_pardal" "Pecari_tajacu"     26  22  19      0.037      0.246      0.064     -0.081      0.135      0.336      -3.27 0.00103724      -3.27      -3.27      -2.57 0.00990425
#   127 "Leopardus_pardal" "Puma_concolor"     26  22  16      0.105      0.237      0.072      0.284      0.135      0.386      -1.84 0.06522799       0.00       0.00       0.00 1.00000000
#   128 "Leopardus_pardal" "Eira_barbara"      26  20  17      0.052      0.261      0.085      0.231      0.138      0.415      -2.45 0.01389349       0.00       0.00       0.00 1.00000000
#   129 "Leopardus_pardal" "Cuniculus_paca"    26  19  14      0.121      0.271      0.083      0.426      0.158      0.401      -1.80 0.07079500       0.00       0.00       0.00 1.00000000
#   135 "Leopardus_pardal" "Nasua_nasua"       26  13  10      0.142      0.329      0.107      0.587      0.201      0.586      -1.75 0.07964993       0.00       0.00       0.00 1.00000000
#   137 "Leopardus_pardal" "Sylvilagus_brasi"  26  12  10      0.103      0.351      0.128      0.696      0.163      0.564      -1.95 0.05063415       0.00       0.00       0.00 1.00000000
#   138 "Leopardus_pardal" "Tapirus_terrestr"  26  12  10      0.103      0.356      0.144      0.195      0.163      0.564      -1.77 0.07659501       0.00       0.00       0.00 1.00000000
#   139 "Leopardus_pardal" "Leopardus_wiedii"  26  11   9      0.119      0.337      0.113      0.245      0.189      0.538      -1.93 0.05320907       0.00       0.00       0.00 1.00000000
#   140 "Leopardus_pardal" "Panthera_onca"     26  11  10      0.056      0.345      0.122      0.110      0.189      0.538      -2.37 0.01771480       0.00       0.00       0.00 1.00000000
#   142 "Leopardus_pardal" "Puma_yagouaround"  26  10   9      0.065      0.352      0.136      0.605      0.138      0.619      -2.10 0.03538978       0.00       0.00       0.00 1.00000000
#   143 "Leopardus_pardal" "Lynx_rufus"        26  10   1      0.865      0.367      0.140      0.767      0.138      0.619       3.57 0.00034231       0.00       0.00       2.93 0.00326860
#   149 "Leopardus_pardal" "Nasua_narica"      26   8   8      0.000      0.362      0.144      0.635      0.192      0.692      -2.52 0.01143974       0.00       0.00       0.00 1.00000000
#   150 "Leopardus_pardal" "Didelphis_marsup"  26   8   8      0.000      0.380      0.172      0.433      0.091      0.692      -2.21 0.02660030       0.00       0.00       0.00 1.00000000
#   153 "Leopardus_pardal" "Dasyprocta_punct"  26   7   7      0.000      0.395      0.187      0.446      0.110      0.659      -2.11 0.03470325       0.00       0.00       0.00 1.00000000
#   156 "Leopardus_pardal" "Sus_scrofa"        26   5   1      0.769      0.382      0.161      0.253      0.169      0.554       2.40 0.01625383       0.00       0.00       0.00 1.00000000
#   158 "Leopardus_pardal" "Mephitis_mephiti"  26   5   0      1.000      0.377      0.199      0.231      0.000      0.769       3.13 0.00169426       3.13       3.13       2.40 0.01617793
#   163 "Leopardus_pardal" "Tamias_striatus"   26   4   0      1.000      0.357      0.231      0.670      0.000      0.721       2.78 0.00534612       2.78       2.78       1.95 0.05104827
#   165 "Leopardus_pardal" "Tayassu_pecari"    26   4   4      0.000      0.434      0.223      0.363      0.221      0.721      -1.95 0.05102271       0.00       0.00       0.00 1.00000000
#   167 "Leopardus_pardal" "Ursus_americanus"  26   4   0      1.000      0.424      0.210     -0.016      0.221      0.721       2.75 0.00581795       2.75       2.75       1.91 0.05555362
#   252 "Pecari_tajacu"    "Cuniculus_paca"    22  19  13      0.129      0.320      0.090      0.106      0.167      0.498      -2.13 0.03314567       0.00       0.00       0.00 1.00000000
#   259 "Pecari_tajacu"    "Canis_lupus"       22  13   2      0.769      0.408      0.123      0.029      0.245      0.664       2.92 0.00334984       0.00       0.00       2.14 0.03198649
#   261 "Pecari_tajacu"    "Tapirus_terrestr"  22  12  11      0.042      0.414      0.152      0.598      0.212      0.648      -2.45 0.01406199      -2.45      -2.45       0.00 1.00000000
#   262 "Pecari_tajacu"    "Leopardus_wiedii"  22  11   9      0.107      0.427      0.121      0.384      0.248      0.628      -2.64 0.00814337       0.00       0.00      -1.76 0.07775822
#   263 "Pecari_tajacu"    "Panthera_onca"     22  11  11      0.000      0.405      0.138      0.112      0.174      0.628      -2.94 0.00323516       0.00       0.00      -2.15 0.03089145
#   265 "Pecari_tajacu"    "Puma_yagouaround"  22  10   8      0.127      0.399      0.140      0.336      0.205      0.605      -1.94 0.05177081       0.00       0.00       0.00 1.00000000
#   271 "Pecari_tajacu"    "Myrmecophaga_tri"  22   8   7      0.085      0.444      0.146      0.458      0.290      0.682      -2.46 0.01354730      -2.46       0.00       0.00 1.00000000
#   272 "Pecari_tajacu"    "Nasua_narica"      22   8   8      0.000      0.460      0.172      0.442      0.182      0.835      -2.68 0.00723058       0.00       0.00      -1.82 0.06904234
#   274 "Pecari_tajacu"    "Mazama_americana"  22   8   8      0.000      0.448      0.171      0.387      0.182      0.682      -2.63 0.00841761       0.00       0.00      -1.75 0.08037685
#   282 "Pecari_tajacu"    "Conepatus_chinga"  22   5   0      1.000      0.481      0.203     -0.083      0.164      0.764       2.55 0.01047415       2.55       2.55       0.00 1.00000000
#   283 "Pecari_tajacu"    "Didelphis_albive"  22   5   0      1.000      0.467      0.204      0.023      0.164      0.764       2.61 0.00886548       2.61       2.61       1.72 0.08465340
#   284 "Pecari_tajacu"    "Sciurus_caroline"  22   5   0      1.000      0.461      0.225      0.006      0.164      0.764       2.39 0.01651591       2.39       2.39       0.00 1.00000000
#   285 "Pecari_tajacu"    "Priodontes_maxim"  22   4   4      0.000      0.472      0.239      0.234      0.216      1.000      -1.97 0.04822892       0.00       0.00       0.00 1.00000000
#   286 "Pecari_tajacu"    "Tamias_striatus"   22   4   0      1.000      0.486      0.219      0.008      0.216      0.716       2.35 0.01848203       2.35       2.35       0.00 1.00000000
#   383 "Puma_concolor"    "Tapirus_terrestr"  22  12   9      0.148      0.398      0.130      0.329      0.212      0.648      -1.92 0.05498368       0.00       0.00       0.00 1.00000000
#   385 "Puma_concolor"    "Panthera_onca"     22  11  10      0.050      0.398      0.144      0.247      0.174      0.628      -2.43 0.01502877      -2.43      -2.43       0.00 1.00000000
#   393 "Puma_concolor"    "Myrmecophaga_tri"  22   8   8      0.000      0.427      0.151      0.694      0.182      0.682      -2.84 0.00445366       0.00       0.00      -2.03 0.04252647
#   404 "Puma_concolor"    "Conepatus_chinga"  22   5   0      1.000      0.466      0.215     -0.014      0.164      0.764       2.49 0.01272631       2.49       2.49       0.00 1.00000000
#   406 "Puma_concolor"    "Sciurus_caroline"  22   5   0      1.000      0.477      0.210     -0.043      0.164      0.764       2.49 0.01240045       2.49       2.49       0.00 1.00000000
#   409 "Puma_concolor"    "Felis_catus"       22   4   0      1.000      0.447      0.229      0.281      0.216      0.716       2.41 0.01557678       2.41       2.41       0.00 1.00000000
#   495 "Eira_barbara"     "Cuniculus_paca"    20  19  12      0.147      0.335      0.098      0.803      0.189      0.479      -1.92 0.05455780       0.00       0.00       0.00 1.00000000
#   496 "Eira_barbara"     "Cerdocyon_thous"   20  17  11      0.159      0.358      0.114      0.602      0.206      0.612      -1.74 0.08148736       0.00       0.00       0.00 1.00000000
#   497 "Eira_barbara"     "Odocoileus_virgi"  20  17   3      0.700      0.345      0.109      0.623      0.206      0.529       3.27 0.00104105       0.00       0.00       2.57 0.00994068
#   498 "Eira_barbara"     "Canis_latrans"     20  16   1      0.891      0.395      0.101      0.333      0.241      0.600       4.89 0.00000095       0.00       0.00       4.42 0.00000911
#   499 "Eira_barbara"     "Procyon_lotor"     20  14   1      0.882      0.392      0.128      0.741      0.196      0.668       3.82 0.00012487       0.00       0.00       3.23 0.00119236
#   500 "Eira_barbara"     "Procyon_cancrivo"  20  14  11      0.096      0.391      0.118      0.829      0.257      0.668      -2.50 0.01225573       0.00       0.00       0.00 1.00000000
#   501 "Eira_barbara"     "Nasua_nasua"       20  13  11      0.069      0.410      0.131      0.526      0.231      0.654      -2.60 0.00909662       0.00       0.00      -1.71 0.08686054
#   502 "Eira_barbara"     "Canis_lupus"       20  13   9      0.169      0.423      0.125      0.314      0.231      0.654      -2.02 0.04270440       0.00       0.00       0.00 1.00000000
#   503 "Eira_barbara"     "Sylvilagus_brasi"  20  12   9      0.138      0.428      0.125      0.433      0.271      0.637      -2.33 0.01957756       0.00       0.00       0.00 1.00000000
#   507 "Eira_barbara"     "Didelphis_virgin"  20  10   0      1.000      0.440      0.149      0.020      0.195      0.720       3.75 0.00016993       3.75       3.75       3.14 0.00162263
#   509 "Eira_barbara"     "Lynx_rufus"        20  10   0      1.000      0.426      0.145      0.778      0.280      0.720       3.97 0.00006735       3.97       3.97       3.40 0.00064313
#   512 "Eira_barbara"     "Sylvilagus_flori"  20   9   0      1.000      0.466      0.161      0.342      0.233      0.700       3.31 0.00088638       3.31       3.31       2.63 0.00846375
#   513 "Eira_barbara"     "Urocyon_cinereoa"  20   9   0      1.000      0.457      0.155      0.188      0.233      0.700       3.51 0.00042862       3.51       3.51       2.86 0.00409272
#   516 "Eira_barbara"     "Didelphis_marsup"  20   8   6      0.175      0.490      0.166      0.212      0.281      0.831      -1.90 0.05725443       0.00       0.00       0.00 1.00000000
#   519 "Eira_barbara"     "Dasyprocta_punct"  20   7   6      0.100      0.479      0.160      0.116      0.214      0.814      -2.37 0.01750988       0.00       0.00       0.00 1.00000000
#   520 "Eira_barbara"     "Didelphis_aurita"  20   7   7      0.000      0.475      0.185      0.233      0.214      0.814      -2.56 0.01026040       0.00       0.00      -1.65 0.09797309
#   542 "Eira_barbara"     "Dasyprocta_lepor"  20   3   3      0.000      0.517      0.280      0.386      0.300      1.000      -1.85 0.06423378       0.00       0.00       0.00 1.00000000
#   618 "Cuniculus_paca"   "Canis_latrans"     19  16   2      0.783      0.387      0.117      0.597      0.230      0.592       3.39 0.00065935       0.00       0.00       2.72 0.00629588
#   619 "Cuniculus_paca"   "Procyon_lotor"     19  14   2      0.767      0.434      0.134      0.167      0.248      0.662       2.49 0.01267028       0.00       0.00       0.00 1.00000000
#   620 "Cuniculus_paca"   "Procyon_cancrivo"  19  14   9      0.188      0.422      0.123      0.182      0.248      0.662      -1.91 0.05638021       0.00       0.00       0.00 1.00000000
#   621 "Cuniculus_paca"   "Nasua_nasua"       19  13   9      0.162      0.416      0.137      0.545      0.223      0.648      -1.86 0.06317991       0.00       0.00       0.00 1.00000000
#   624 "Cuniculus_paca"   "Tapirus_terrestr"  19  12   8      0.193      0.444      0.140      0.274      0.263      0.746      -1.79 0.07264000       0.00       0.00       0.00 1.00000000
#   627 "Cuniculus_paca"   "Didelphis_virgin"  19  10   0      1.000      0.470      0.165      0.315      0.274      0.716       3.21 0.00129932       3.21       3.21       2.49 0.01240678
#   629 "Cuniculus_paca"   "Lynx_rufus"        19  10   0      1.000      0.468      0.159      0.356      0.274      0.716       3.35 0.00078529       3.35       3.35       2.67 0.00749848
#   632 "Cuniculus_paca"   "Sylvilagus_flori"  19   9   0      1.000      0.470      0.159      0.330      0.228      0.842       3.33 0.00084656       3.33       3.33       2.64 0.00808356
#   633 "Cuniculus_paca"   "Urocyon_cinereoa"  19   9   1      0.842      0.458      0.145      0.562      0.228      0.696       2.65 0.00791603       0.00       0.00       1.77 0.07558750
#   636 "Cuniculus_paca"   "Didelphis_marsup"  19   8   6      0.171      0.488      0.177      0.233      0.276      0.829      -1.79 0.07298934       0.00       0.00       0.00 1.00000000
#   637 "Cuniculus_paca"   "Mazama_americana"  19   8   7      0.079      0.478      0.162      0.269      0.276      0.829      -2.47 0.01336372      -2.47      -2.47       0.00 1.00000000
#   647 "Cuniculus_paca"   "Sciurus_caroline"  19   5   0      1.000      0.515      0.212     -0.098      0.158      0.758       2.29 0.02181590       2.29       2.29       0.00 1.00000000
#   648 "Cuniculus_paca"   "Priodontes_maxim"  19   4   4      0.000      0.524      0.233      0.072      0.211      1.000      -2.25 0.02428341       0.00       0.00       0.00 1.00000000
#   653 "Cuniculus_paca"   "Ursus_americanus"  19   4   0      1.000      0.521      0.222     -0.142      0.211      0.711       2.16 0.03041101       2.16       2.16       0.00 1.00000000
#   736 "Cerdocyon_thous"  "Odocoileus_virgi"  17  17   0      1.000      0.417      0.127      0.461      0.221      0.678       4.57 0.00000453       4.57       4.57       4.08 0.00004325
#   737 "Cerdocyon_thous"  "Canis_latrans"     17  16   0      1.000      0.427      0.116      0.564      0.265      0.669       4.93 0.00000077       4.93       4.93       4.47 0.00000740
#   738 "Cerdocyon_thous"  "Procyon_lotor"     17  14   0      1.000      0.450      0.144      0.391      0.227      0.647       3.82 0.00012487       3.82       3.82       3.23 0.00119236
#   739 "Cerdocyon_thous"  "Procyon_cancrivo"  17  14   9      0.168      0.443      0.114      0.265      0.294      0.647      -2.41 0.01578426       0.00       0.00       0.00 1.00000000
#   740 "Cerdocyon_thous"  "Nasua_nasua"       17  13   9      0.145      0.452      0.137      0.170      0.271      0.747      -2.24 0.02503747       0.00       0.00       0.00 1.00000000
#   742 "Cerdocyon_thous"  "Sylvilagus_brasi"  17  12   8      0.176      0.465      0.155      0.484      0.245      0.735      -1.86 0.06189281       0.00       0.00       0.00 1.00000000
#   746 "Cerdocyon_thous"  "Didelphis_virgin"  17  10   0      1.000      0.484      0.158      0.697      0.259      0.847       3.27 0.00101727       3.27       3.27       2.58 0.00971359
#   747 "Cerdocyon_thous"  "Puma_yagouaround"  17  10   7      0.176      0.489      0.147      0.133      0.259      0.706      -2.12 0.03352851       0.00       0.00       0.00 1.00000000
#   748 "Cerdocyon_thous"  "Lynx_rufus"        17  10   0      1.000      0.536      0.151      0.013      0.353      0.847       3.08 0.00198466       3.08       3.08       2.34 0.01895080
#   749 "Cerdocyon_thous"  "Mazama_gouazoubi"  17  10   7      0.176      0.512      0.137     -0.275      0.259      0.706      -2.46 0.01376688       0.00       0.00       0.00 1.00000000
#   751 "Cerdocyon_thous"  "Sylvilagus_flori"  17   9   0      1.000      0.492      0.164      0.265      0.216      0.837       3.10 0.00187516       3.10       3.10       2.36 0.01790528
#   752 "Cerdocyon_thous"  "Urocyon_cinereoa"  17   9   0      1.000      0.516      0.155     -0.052      0.216      0.837       3.11 0.00177634       3.11       3.11       2.38 0.01696164
#   754 "Cerdocyon_thous"  "Nasua_narica"      17   8   0      1.000      0.543      0.181      0.097      0.265      0.824       2.53 0.01121414       2.53       2.53       0.00 1.00000000
#   760 "Cerdocyon_thous"  "Dasyprocta_azara"  17   6   5      0.118      0.583      0.229      0.168      0.255      1.000      -2.03 0.04172313      -2.03      -2.03       0.00 1.00000000
#   761 "Cerdocyon_thous"  "Sus_scrofa"        17   5   4      0.153      0.571      0.214      0.070      0.329      1.000      -1.96 0.05000734       0.00       0.00       0.00 1.00000000
#   762 "Cerdocyon_thous"  "Euphractus_sexci"  17   5   5      0.000      0.551      0.200     -0.163      0.153      0.753      -2.75 0.00578898       0.00       0.00      -1.91 0.05527701
#   771 "Cerdocyon_thous"  "Lepus_europaeus"   17   4   4      0.000      0.601      0.242      0.142      0.206      1.000      -2.48 0.01274723       0.00       0.00       0.00 1.00000000
#   773 "Cerdocyon_thous"  "Bos_taurus"        17   3   3      0.000      0.614      0.255     -0.122      0.294      1.000      -2.40 0.01603311       0.00       0.00       0.00 1.00000000
#   777 "Cerdocyon_thous"  "Pseudalopex_gymn"  17   3   3      0.000      0.655      0.283     -0.252      0.294      1.000      -2.31 0.02034593       0.00       0.00       0.00 1.00000000
#   855 "Odocoileus_virgi" "Canis_latrans"     17  16  13      0.044      0.408      0.122      0.556      0.206      0.574      -2.99 0.00272948      -2.99      -2.99      -2.22 0.02606283
#   856 "Odocoileus_virgi" "Procyon_lotor"     17  14  13      0.017      0.469      0.131      0.261      0.294      0.756      -3.45 0.00053436      -3.45      -3.45      -2.79 0.00510238
#   857 "Odocoileus_virgi" "Procyon_cancrivo"  17  14   0      1.000      0.437      0.117     -0.088      0.227      0.647       4.83 0.00000131       4.83       4.83       4.35 0.00001252
#   858 "Odocoileus_virgi" "Nasua_nasua"       17  13   0      1.000      0.480      0.136      0.126      0.271      0.747       3.83 0.00012231       3.83       3.83       3.24 0.00116788
#   860 "Odocoileus_virgi" "Sylvilagus_brasi"  17  12   1      0.863      0.460      0.143      0.407      0.245      0.735       2.82 0.00466728       0.00       0.00       2.01 0.04456628
#   861 "Odocoileus_virgi" "Tapirus_terrestr"  17  12   0      1.000      0.466      0.152      0.416      0.245      0.735       3.52 0.00041181       3.52       3.52       2.87 0.00393222
#   864 "Odocoileus_virgi" "Didelphis_virgin"  17  10  10      0.000      0.473      0.149      0.366      0.259      0.847      -3.18 0.00144064       0.00       0.00      -2.46 0.01375622
#   867 "Odocoileus_virgi" "Mazama_gouazoubi"  17  10   0      1.000      0.487      0.157      0.196      0.259      0.706       3.26 0.00107235       3.26       3.26       2.56 0.01023948
#   868 "Odocoileus_virgi" "Tamandua_tetrada"  17   9   0      1.000      0.491      0.173      0.181      0.216      0.837       2.95 0.00310928       2.95       2.95       2.17 0.02968942
#   869 "Odocoileus_virgi" "Sylvilagus_flori"  17   9   9      0.000      0.514      0.173      0.175      0.216      0.837      -2.97 0.00284469       0.00       0.00      -2.20 0.02716299
#   870 "Odocoileus_virgi" "Urocyon_cinereoa"  17   9   9      0.000      0.512      0.166     -0.038      0.216      0.837      -3.08 0.00199687       0.00       0.00      -2.34 0.01906748
#   872 "Odocoileus_virgi" "Nasua_narica"      17   8   8      0.000      0.525      0.154     -0.026      0.265      0.824      -3.40 0.00064242       0.00       0.00      -2.73 0.00613424
#   875 "Odocoileus_virgi" "Hydrochoerus_hyd"  17   8   0      1.000      0.510      0.174      0.344      0.265      0.824       2.81 0.00484401       2.81       2.81       1.99 0.04625380
#   877 "Odocoileus_virgi" "Didelphis_aurita"  17   7   0      1.000      0.568      0.170     -0.358      0.328      0.807       2.54 0.01086622       2.54       2.54       0.00 1.00000000
#   878 "Odocoileus_virgi" "Dasyprocta_azara"  17   6   0      1.000      0.575      0.186     -0.011      0.255      0.784       2.29 0.02155215       2.29       2.29       0.00 1.00000000
#   884 "Odocoileus_virgi" "Sciurus_caroline"  17   5   5      0.000      0.561      0.215      0.028      0.153      1.000      -2.60 0.00903767       0.00       0.00      -1.71 0.08629766
#   886 "Odocoileus_virgi" "Tamias_striatus"   17   4   4      0.000      0.563      0.251     -0.032      0.206      1.000      -2.24 0.02468145       0.00       0.00       0.00 1.00000000
#   893 "Odocoileus_virgi" "Tamandua_mexican"  17   3   3      0.000      0.592      0.291      0.102      0.294      1.000      -2.04 0.04123253       0.00       0.00       0.00 1.00000000
#   898 "Odocoileus_virgi" "Mephitis_macrour"  17   3   3      0.000      0.573      0.263     -0.095      0.294      1.000      -2.18 0.02913088       0.00       0.00       0.00 1.00000000
#   973 "Canis_latrans"    "Procyon_lotor"     16  14  13      0.013      0.459      0.133      0.587      0.281      0.750      -3.36 0.00073755      -3.36      -3.36      -2.69 0.00704259
#   974 "Canis_latrans"    "Procyon_cancrivo"  16  14   0      1.000      0.466      0.138      0.222      0.214      0.750       3.86 0.00010556       3.86       3.86       3.28 0.00100795
#   975 "Canis_latrans"    "Nasua_nasua"       16  13   0      1.000      0.460      0.136      0.398      0.260      0.740       3.96 0.00007051       3.96       3.96       3.39 0.00067330
#   977 "Canis_latrans"    "Sylvilagus_brasi"  16  12   1      0.859      0.470      0.135      0.161      0.312      0.729       2.88 0.00383687       0.00       0.00       2.09 0.03663696
#   978 "Canis_latrans"    "Tapirus_terrestr"  16  12   0      1.000      0.523      0.175      0.259      0.234      0.859       2.73 0.00627124       2.73       2.73       1.88 0.05988196
#   981 "Canis_latrans"    "Didelphis_virgin"  16  10   9      0.044      0.490      0.176      0.157      0.250      0.844      -2.53 0.01111698      -2.53      -2.53       0.00 1.00000000
#   983 "Canis_latrans"    "Lynx_rufus"        16  10  10      0.000      0.506      0.157      0.406      0.250      0.844      -3.23 0.00119358       0.00       0.00      -2.52 0.01139712
#   984 "Canis_latrans"    "Mazama_gouazoubi"  16  10   0      1.000      0.547      0.166      0.306      0.344      0.844       2.73 0.00619787       2.73       2.73       1.88 0.05918134
#   985 "Canis_latrans"    "Tamandua_tetrada"  16   9   0      1.000      0.544      0.163      0.308      0.306      0.833       2.79 0.00512034       2.79       2.79       1.97 0.04889235
#   986 "Canis_latrans"    "Sylvilagus_flori"  16   9   8      0.056      0.569      0.167     -0.108      0.306      0.833      -3.07 0.00208455      -3.07      -3.07      -2.32 0.01990469
#   987 "Canis_latrans"    "Urocyon_cinereoa"  16   9   8      0.056      0.540      0.156      0.083      0.306      0.833      -3.10 0.00188690      -3.10      -3.10      -2.36 0.01801741
#   988 "Canis_latrans"    "Myrmecophaga_tri"  16   8   0      1.000      0.545      0.163      0.130      0.258      0.820       2.80 0.00505012       2.80       2.80       1.97 0.04822190
#   989 "Canis_latrans"    "Nasua_narica"      16   8   6      0.156      0.562      0.152     -0.055      0.375      0.820      -2.67 0.00737965       0.00       0.00      -1.81 0.07046577
#   992 "Canis_latrans"    "Hydrochoerus_hyd"  16   8   0      1.000      0.559      0.189      0.068      0.258      0.820       2.33 0.01951581       2.33       2.33       0.00 1.00000000
#   994 "Canis_latrans"    "Didelphis_aurita"  16   7   0      1.000      0.538      0.167      0.143      0.321      0.804       2.77 0.00540066       2.77       2.77       1.94 0.05156904
#   998 "Canis_latrans"    "Mephitis_mephiti"  16   5   5      0.000      0.589      0.217      0.251      0.325      1.000      -2.71 0.00650424       0.00       0.00      -1.86 0.06210675
#  1001 "Canis_latrans"    "Sciurus_caroline"  16   5   4      0.150      0.579      0.201      0.160      0.325      1.000      -2.13 0.03264135       0.00       0.00       0.00 1.00000000
#  1007 "Canis_latrans"    "Ursus_americanus"  16   4   4      0.000      0.604      0.242     -0.106      0.203      1.000      -2.49 0.01252347       0.00       0.00       0.00 1.00000000
#  1009 "Canis_latrans"    "Conepatus_leucon"  16   3   3      0.000      0.605      0.292     -0.042      0.292      1.000      -2.07 0.03823942       0.00       0.00       0.00 1.00000000
#  1010 "Canis_latrans"    "Tamandua_mexican"  16   3   3      0.000      0.611      0.292      0.071      0.292      1.000      -2.10 0.03579277       0.00       0.00       0.00 1.00000000
#  1013 "Canis_latrans"    "Odocoileus_hemio"  16   3   3      0.000      0.620      0.276     -0.090      0.292      1.000      -2.25 0.02416766       0.00       0.00       0.00 1.00000000
#  1015 "Canis_latrans"    "Mephitis_macrour"  16   3   3      0.000      0.625      0.283     -0.095      0.292      1.000      -2.21 0.02691525       0.00       0.00       0.00 1.00000000
#  1090 "Procyon_lotor"    "Procyon_cancrivo"  14  14   0      1.000      0.500      0.158      0.235      0.250      0.735       3.17 0.00146824       3.17       3.17       2.45 0.01401973
#  1091 "Procyon_lotor"    "Nasua_nasua"       14  13   0      1.000      0.509      0.157      0.126      0.308      0.725       3.13 0.00168258       3.13       3.13       2.40 0.01606638
#  1093 "Procyon_lotor"    "Sylvilagus_brasi"  14  12   1      0.851      0.501      0.138      0.336      0.286      0.714       2.54 0.01089668       0.00       0.00       0.00 1.00000000
#  1094 "Procyon_lotor"    "Tapirus_terrestr"  14  12   0      1.000      0.550      0.137      0.414      0.375      0.714       3.28 0.00098473       3.28       3.28       2.59 0.00940283
#  1097 "Procyon_lotor"    "Didelphis_virgin"  14  10  10      0.000      0.526      0.164      0.400      0.321      0.836      -3.21 0.00129205       0.00       0.00      -2.50 0.01233734
#  1099 "Procyon_lotor"    "Lynx_rufus"        14  10   8      0.086      0.537      0.169     -0.072      0.229      0.836      -2.68 0.00726324      -2.68      -2.68      -1.81 0.06935423
#  1100 "Procyon_lotor"    "Mazama_gouazoubi"  14  10   0      1.000      0.519      0.155      0.250      0.321      0.836       3.10 0.00185412       3.10       3.10       2.37 0.01770438
#  1101 "Procyon_lotor"    "Tamandua_tetrada"  14   9   0      1.000      0.553      0.196      0.227      0.286      0.825       2.29 0.02197969       2.29       2.29       0.00 1.00000000
#  1102 "Procyon_lotor"    "Sylvilagus_flori"  14   9   8      0.048      0.544      0.169     -0.167      0.286      0.825      -2.94 0.00317192      -2.94      -2.94      -2.16 0.03028759
#  1103 "Procyon_lotor"    "Urocyon_cinereoa"  14   9   8      0.048      0.575      0.179     -0.041      0.286      0.825      -2.95 0.00310934      -2.95      -2.95      -2.17 0.02968999
#  1104 "Procyon_lotor"    "Myrmecophaga_tri"  14   8   0      1.000      0.582      0.158      0.259      0.357      0.812       2.65 0.00785953       2.65       2.65       1.78 0.07504795
#  1105 "Procyon_lotor"    "Nasua_narica"      14   8   6      0.143      0.586      0.164     -0.075      0.357      0.812      -2.70 0.00669503      -2.70       0.00      -1.85 0.06392858
#  1117 "Procyon_lotor"    "Sciurus_caroline"  14   5   5      0.000      0.600      0.234      0.048      0.314      1.000      -2.57 0.00997335       0.00       0.00      -1.67 0.09523209
#  1119 "Procyon_lotor"    "Tamias_striatus"   14   4   4      0.000      0.636      0.252     -0.017      0.196      1.000      -2.52 0.01144940       0.00       0.00       0.00 1.00000000
#  1125 "Procyon_lotor"    "Conepatus_leucon"  14   3   3      0.000      0.662      0.273     -0.209      0.286      1.000      -2.43 0.01506186       0.00       0.00       0.00 1.00000000
#  1126 "Procyon_lotor"    "Tamandua_mexican"  14   3   3      0.000      0.655      0.272     -0.265      0.286      1.000      -2.41 0.01567125       0.00       0.00       0.00 1.00000000
#  1131 "Procyon_lotor"    "Mephitis_macrour"  14   3   3      0.000      0.652      0.281     -0.323      0.286      1.000      -2.32 0.02017850       0.00       0.00       0.00 1.00000000
#  1206 "Procyon_cancrivo" "Nasua_nasua"       14  13   8      0.165      0.490      0.138     -0.140      0.231      0.725      -2.36 0.01802552       0.00       0.00       0.00 1.00000000
#  1212 "Procyon_cancrivo" "Didelphis_virgin"  14  10   0      1.000      0.560      0.170     -0.098      0.321      0.836       2.58 0.00964904       2.58       2.58       1.68 0.09213538
#  1214 "Procyon_cancrivo" "Lynx_rufus"        14  10   0      1.000      0.543      0.153     -0.154      0.321      0.836       2.98 0.00278145       2.98       2.98       2.21 0.02655912
#  1216 "Procyon_cancrivo" "Tamandua_tetrada"  14   9   7      0.111      0.562      0.169      0.133      0.286      0.825      -2.67 0.00748807      -2.67       0.00      -1.80 0.07150105
#  1217 "Procyon_cancrivo" "Sylvilagus_flori"  14   9   0      1.000      0.581      0.169      0.166      0.286      0.825       2.48 0.01280409       2.48       2.48       0.00 1.00000000
#  1218 "Procyon_cancrivo" "Urocyon_cinereoa"  14   9   0      1.000      0.574      0.156      0.120      0.286      0.825       2.73 0.00623178       2.73       2.73       1.88 0.05950519
#  1220 "Procyon_cancrivo" "Nasua_narica"      14   8   0      1.000      0.548      0.181      0.315      0.241      0.812       2.50 0.01206052       2.50       2.50       0.00 1.00000000
#  1223 "Procyon_cancrivo" "Hydrochoerus_hyd"  14   8   6      0.143      0.586      0.189      0.202      0.357      1.000      -2.35 0.01846254      -2.35       0.00       0.00 1.00000000
#  1225 "Procyon_cancrivo" "Didelphis_aurita"  14   7   7      0.000      0.604      0.182      0.043      0.306      1.000      -3.31 0.00088394       0.00       0.00      -2.63 0.00844041
#  1247 "Procyon_cancrivo" "Dasyprocta_lepor"  14   3   3      0.000      0.650      0.259     -0.048      0.286      1.000      -2.51 0.01180154       0.00       0.00       0.00 1.00000000
#  1322 "Nasua_nasua"      "Sylvilagus_brasi"  13  12   8      0.128      0.552      0.158     -0.029      0.269      0.846      -2.68 0.00726855       0.00       0.00      -1.81 0.06940489
#  1323 "Nasua_nasua"      "Tapirus_terrestr"  13  12   8      0.128      0.556      0.182      0.238      0.269      0.846      -2.36 0.01821625       0.00       0.00       0.00 1.00000000
#  1326 "Nasua_nasua"      "Didelphis_virgin"  13  10   0      1.000      0.536      0.139      0.010      0.308      0.677       3.34 0.00079578       3.34       3.34       2.66 0.00759865
#  1327 "Nasua_nasua"      "Puma_yagouaround"  13  10   6      0.215      0.567      0.162      0.321      0.308      0.831      -2.17 0.03000331       0.00       0.00       0.00 1.00000000
#  1328 "Nasua_nasua"      "Lynx_rufus"        13  10   0      1.000      0.541      0.167      0.357      0.308      0.831       2.76 0.00570452       2.76       2.76       1.92 0.05447054
#  1331 "Nasua_nasua"      "Sylvilagus_flori"  13   9   0      1.000      0.548      0.161      0.023      0.274      0.821       2.80 0.00495684       2.80       2.80       1.98 0.04733119
#  1332 "Nasua_nasua"      "Urocyon_cinereoa"  13   9   0      1.000      0.569      0.162      0.254      0.385      0.821       2.66 0.00774944       2.66       2.66       1.78 0.07399675
#  1334 "Nasua_nasua"      "Nasua_narica"      13   8   0      1.000      0.601      0.176     -0.099      0.346      0.808       2.27 0.02312630       2.27       0.00       0.00 1.00000000
#  1336 "Nasua_nasua"      "Mazama_americana"  13   8   5      0.231      0.622      0.189      0.281      0.346      1.000      -2.07 0.03851271       0.00       0.00       0.00 1.00000000
#  1339 "Nasua_nasua"      "Didelphis_aurita"  13   7   6      0.077      0.627      0.204      0.019      0.297      1.000      -2.70 0.00681645      -2.70      -2.70      -1.84 0.06508792
#  1340 "Nasua_nasua"      "Dasyprocta_azara"  13   6   4      0.231      0.606      0.212      0.199      0.385      1.000      -1.78 0.07554835       0.00       0.00       0.00 1.00000000
#  1361 "Nasua_nasua"      "Dasyprocta_lepor"  13   3   3      0.000      0.668      0.257     -0.231      0.282      1.000      -2.61 0.00897938       0.00       0.00      -1.72 0.08574104
#  1363 "Nasua_nasua"      "Callithrix_kuhli"  13   2   2      0.000      0.712      0.301     -0.371      0.462      1.000      -2.37 0.01770598       0.00       0.00       0.00 1.00000000
#  1373 "Nasua_nasua"      "Cebus_nigritus"    13   2   2      0.000      0.712      0.301     -0.371      0.462      1.000      -2.37 0.01770598       0.00       0.00       0.00 1.00000000
#  1380 "Nasua_nasua"      "Dasypus_kappleri"  13   2   2      0.000      0.664      0.294     -0.028      0.462      1.000      -2.26 0.02368838       0.00       0.00       0.00 1.00000000
#  1384 "Nasua_nasua"      "Leopardus_tigrin"  13   2   2      0.000      0.745      0.301     -0.613      0.462      1.000      -2.47 0.01322222       0.00       0.00       0.00 1.00000000
#  1438 "Canis_lupus"      "Panthera_onca"     13  11   0      1.000      0.563      0.166      0.207      0.336      0.839       2.63 0.00832623       2.63       2.63       1.75 0.07950436
#  1447 "Canis_lupus"      "Nasua_narica"      13   8   0      1.000      0.592      0.184      0.138      0.346      0.808       2.22 0.02608031       2.22       2.22       0.00 1.00000000
#  1452 "Canis_lupus"      "Didelphis_aurita"  13   7   5      0.176      0.596      0.176      0.332      0.297      1.000      -2.39 0.01661104       0.00       0.00       0.00 1.00000000
#  1462 "Canis_lupus"      "Felis_catus"       13   4   4      0.000      0.673      0.244     -0.242      0.192      1.000      -2.76 0.00571615       0.00       0.00      -1.92 0.05458152
#  1466 "Canis_lupus"      "Bos_taurus"        13   3   3      0.000      0.675      0.253     -0.145      0.282      1.000      -2.67 0.00738102       0.00       0.00      -1.81 0.07047886
#  1551 "Sylvilagus_brasi" "Didelphis_virgin"  12  10   0      1.000      0.572      0.174      0.231      0.292      0.825       2.46 0.01367718       2.46       2.46       0.00 1.00000000
#  1552 "Sylvilagus_brasi" "Puma_yagouaround"  12  10   7      0.125      0.589      0.192      0.094      0.292      0.825      -2.42 0.01533151      -2.42      -2.42       0.00 1.00000000
#  1557 "Sylvilagus_brasi" "Urocyon_cinereoa"  12   9   0      1.000      0.602      0.169     -0.052      0.370      0.815       2.36 0.01793081       2.36       0.00       0.00 1.00000000
#  1607 "Sylvilagus_brasi" "Chrysocyon_brach"  12   2   2      0.000      0.717      0.310     -0.488      0.458      1.000      -2.31 0.02045733       0.00       0.00       0.00 1.00000000
#  1661 "Tapirus_terrestr" "Panthera_onca"     12  11   6      0.227      0.555      0.183      0.280      0.318      0.833      -1.79 0.07325399       0.00       0.00       0.00 1.00000000
#  1663 "Tapirus_terrestr" "Puma_yagouaround"  12  10   6      0.200      0.597      0.166      0.438      0.400      0.825      -2.39 0.01678836       0.00       0.00       0.00 1.00000000
#  1664 "Tapirus_terrestr" "Lynx_rufus"        12  10   0      1.000      0.606      0.129      0.656      0.400      0.825       3.05 0.00218052       3.05       0.00       2.31 0.02082101
#  1667 "Tapirus_terrestr" "Sylvilagus_flori"  12   9   0      1.000      0.602      0.162     -0.045      0.370      0.815       2.46 0.01368231       2.46       0.00       0.00 1.00000000
#  1668 "Tapirus_terrestr" "Urocyon_cinereoa"  12   9   0      1.000      0.607      0.172      0.012      0.259      0.815       2.28 0.02237195       2.28       0.00       0.00 1.00000000
#  1669 "Tapirus_terrestr" "Myrmecophaga_tri"  12   8   6      0.125      0.605      0.185      0.418      0.333      1.000      -2.60 0.00920218      -2.60      -2.60      -1.71 0.08786850
#  1672 "Tapirus_terrestr" "Mazama_americana"  12   8   7      0.052      0.601      0.174      0.374      0.333      1.000      -3.16 0.00152361      -3.16      -3.16      -2.44 0.01454847
#  1676 "Tapirus_terrestr" "Dasyprocta_azara"  12   6   4      0.222      0.662      0.202     -0.048      0.375      1.000      -2.18 0.02925491       0.00       0.00       0.00 1.00000000
#  1683 "Tapirus_terrestr" "Priodontes_maxim"  12   4   3      0.188      0.697      0.225     -0.037      0.417      1.000      -2.27 0.02313113       0.00       0.00       0.00 1.00000000
#  1686 "Tapirus_terrestr" "Tayassu_pecari"    12   4   4      0.000      0.656      0.252     -0.220      0.188      1.000      -2.61 0.00899881       0.00       0.00      -1.72 0.08592658
#  1771 "Leopardus_wiedii" "Panthera_onca"     11  11   7      0.132      0.565      0.158     -0.003      0.298      0.826      -2.74 0.00596559       0.00       0.00      -1.90 0.05696339
#  1773 "Leopardus_wiedii" "Puma_yagouaround"  11  10   6      0.182      0.591      0.174      0.168      0.382      0.818      -2.35 0.01853681       0.00       0.00       0.00 1.00000000
#  1774 "Leopardus_wiedii" "Lynx_rufus"        11  10   0      1.000      0.603      0.170     -0.088      0.382      0.818       2.34 0.01891887       2.34       0.00       0.00 1.00000000
#  1775 "Leopardus_wiedii" "Mazama_gouazoubi"  11  10   5      0.273      0.595      0.158      0.336      0.382      0.818      -2.03 0.04158157       0.00       0.00       0.00 1.00000000
#  1882 "Panthera_onca"    "Puma_yagouaround"  11  10   5      0.273      0.611      0.177     -0.016      0.382      0.818      -1.91 0.05584091       0.00       0.00       0.00 1.00000000
#  1887 "Panthera_onca"    "Urocyon_cinereoa"  11   9   5      0.242      0.614      0.173     -0.187      0.354      0.808      -2.15 0.03105658       0.00       0.00       0.00 1.00000000
#  1889 "Panthera_onca"    "Nasua_narica"      11   8   5      0.205      0.624      0.190      0.015      0.318      1.000      -2.20 0.02721262       0.00       0.00       0.00 1.00000000
#  1891 "Panthera_onca"    "Mazama_americana"  11   8   4      0.318      0.639      0.174      0.268      0.455      1.000      -1.84 0.06514758       0.00       0.00       0.00 1.00000000
#  1902 "Panthera_onca"    "Priodontes_maxim"  11   4   3      0.182      0.680      0.236     -0.077      0.409      1.000      -2.10 0.03500140       0.00       0.00       0.00 1.00000000
#  1909 "Panthera_onca"    "Conepatus_leucon"  11   3   3      0.000      0.709      0.278     -0.371      0.273      1.000      -2.55 0.01053530       0.00       0.00       0.00 1.00000000
#  1915 "Panthera_onca"    "Mephitis_macrour"  11   3   3      0.000      0.692      0.262     -0.235      0.273      1.000      -2.64 0.00820106       0.00       0.00      -1.76 0.07830915
#  1920 "Panthera_onca"    "Atelocynus_micro"  11   2   2      0.000      0.735      0.297     -0.453      0.455      1.000      -2.48 0.01291919       0.00       0.00       0.00 1.00000000
#  1921 "Panthera_onca"    "Bassariscus_astu"  11   2   2      0.000      0.764      0.302     -0.767      0.455      1.000      -2.53 0.01126081       0.00       0.00       0.00 1.00000000
#  1924 "Panthera_onca"    "Sciurus_aureogas"  11   2   2      0.000      0.732      0.312     -0.597      0.455      1.000      -2.35 0.01858050       0.00       0.00       0.00 1.00000000
#  1927 "Panthera_onca"    "Spilogale_putori"  11   2   2      0.000      0.753      0.303     -0.679      0.455      1.000      -2.48 0.01281351       0.00       0.00       0.00 1.00000000
#  1935 "Panthera_onca"    "Dasypus_kappleri"  11   2   2      0.000      0.759      0.310     -0.809      0.455      1.000      -2.45 0.01410443       0.00       0.00       0.00 1.00000000
#  1991 "Didelphis_virgin" "Lynx_rufus"        10  10   6      0.160      0.612      0.178     -0.033      0.360      1.000      -2.54 0.01100117       0.00       0.00       0.00 1.00000000
#  1994 "Didelphis_virgin" "Sylvilagus_flori"  10   9   8      0.022      0.616      0.180     -0.067      0.333      0.800      -3.31 0.00090796      -3.31      -3.31      -2.62 0.00866978
#  1995 "Didelphis_virgin" "Urocyon_cinereoa"  10   9   8      0.022      0.639      0.183      0.231      0.333      1.000      -3.38 0.00070107      -3.38      -3.38      -2.70 0.00669428
#  2009 "Didelphis_virgin" "Sciurus_caroline"  10   5   5      0.000      0.662      0.245     -0.059      0.280      1.000      -2.70 0.00675863       0.00       0.00      -1.85 0.06453586
#  2011 "Didelphis_virgin" "Tamias_striatus"   10   4   3      0.175      0.706      0.235     -0.263      0.400      1.000      -2.26 0.02369362       0.00       0.00       0.00 1.00000000
#  2017 "Didelphis_virgin" "Conepatus_leucon"  10   3   3      0.000      0.778      0.245     -0.665      0.267      1.000      -3.17 0.00146264       0.00       0.00      -2.45 0.01396624
#  2023 "Didelphis_virgin" "Mephitis_macrour"  10   3   3      0.000      0.730      0.265     -0.447      0.267      1.000      -2.75 0.00580513       0.00       0.00      -1.91 0.05543125
#  2032 "Didelphis_virgin" "Sciurus_aureogas"  10   2   2      0.000      0.779      0.301     -0.894      0.450      1.000      -2.58 0.00957328       0.00       0.00      -1.69 0.09141199
#  2035 "Didelphis_virgin" "Spilogale_putori"  10   2   2      0.000      0.735      0.313     -0.625      0.450      1.000      -2.35 0.01854914       0.00       0.00       0.00 1.00000000
#  2108 "Puma_yagouaround" "Dasyprocta_punct"  10   7   4      0.257      0.693      0.189      0.047      0.400      1.000      -2.30 0.02100521       0.00       0.00       0.00 1.00000000
#  2141 "Puma_yagouaround" "Sciurus_granaten"  10   2   2      0.000      0.779      0.308     -0.980      0.450      1.000      -2.53 0.01129717       0.00       0.00       0.00 1.00000000
#  2143 "Puma_yagouaround" "Cebus_nigritus"    10   2   2      0.000      0.774      0.309     -0.933      0.450      1.000      -2.50 0.01214528       0.00       0.00       0.00 1.00000000
#  2205 "Lynx_rufus"       "Mazama_gouazoubi"  10  10   0      1.000      0.629      0.164      0.090      0.360      0.810       2.26 0.02379900       0.00       0.00       0.00 1.00000000
#  2208 "Lynx_rufus"       "Urocyon_cinereoa"  10   9   5      0.222      0.628      0.177      0.463      0.333      1.000      -2.30 0.02132577       0.00       0.00       0.00 1.00000000
#  2219 "Lynx_rufus"       "Mephitis_mephiti"  10   5   5      0.000      0.724      0.211     -0.250      0.480      1.000      -3.43 0.00058061       0.00       0.00      -2.77 0.00554404
#  2222 "Lynx_rufus"       "Sciurus_caroline"  10   5   4      0.120      0.694      0.230     -0.096      0.280      1.000      -2.49 0.01239204      -2.49      -2.49       0.00 1.00000000
#  2228 "Lynx_rufus"       "Ursus_americanus"  10   4   4      0.000      0.714      0.244     -0.361      0.400      1.000      -2.92 0.00340426       0.00       0.00      -2.13 0.03250612
#  2234 "Lynx_rufus"       "Odocoileus_hemio"  10   3   3      0.000      0.704      0.271     -0.319      0.267      1.000      -2.60 0.00920093       0.00       0.00      -1.71 0.08785655
#  2238 "Lynx_rufus"       "Vulpes_vulpes"     10   3   3      0.000      0.728      0.251     -0.358      0.267      1.000      -2.90 0.00357234       0.00       0.00      -2.12 0.03411110
#  2257 "Lynx_rufus"       "Taxidea_taxus"     10   2   2      0.000      0.752      0.312     -0.752      0.450      1.000      -2.41 0.01572651       0.00       0.00       0.00 1.00000000
#  2322 "Mazama_gouazoubi" "Sus_scrofa"        10   5   4      0.120      0.702      0.232     -0.254      0.280      1.000      -2.51 0.01201785      -2.51      -2.51       0.00 1.00000000
#  2323 "Mazama_gouazoubi" "Euphractus_sexci"  10   5   4      0.120      0.720      0.207     -0.099      0.480      1.000      -2.90 0.00357574      -2.90      -2.90      -2.11 0.03414354
#  2325 "Mazama_gouazoubi" "Conepatus_chinga"  10   5   4      0.120      0.706      0.209     -0.273      0.280      1.000      -2.80 0.00492626      -2.80      -2.80      -1.98 0.04703922
#  2332 "Mazama_gouazoubi" "Lepus_europaeus"   10   4   4      0.000      0.707      0.223     -0.206      0.400      1.000      -3.17 0.00148892       0.00       0.00      -2.45 0.01421723
#  2337 "Mazama_gouazoubi" "Leopardus_geoffr"  10   3   3      0.000      0.789      0.265     -0.879      0.267      1.000      -2.97 0.00284863       0.00       0.00      -2.20 0.02720055
#  2338 "Mazama_gouazoubi" "Pseudalopex_gymn"  10   3   3      0.000      0.763      0.251     -0.483      0.267      1.000      -3.04 0.00231022       0.00       0.00      -2.28 0.02205947
#  2418 "Tamandua_tetrada" "Myrmecophaga_tri"   9   8   4      0.278      0.643      0.166     -0.036      0.417      1.000      -2.20 0.02774310       0.00       0.00       0.00 1.00000000
#  2422 "Tamandua_tetrada" "Hydrochoerus_hyd"   9   8   6      0.083      0.662      0.193     -0.138      0.278      1.000      -2.99 0.00266767      -2.99      -2.99      -2.23 0.02547263
#  2425 "Tamandua_tetrada" "Dasyprocta_azara"   9   6   4      0.185      0.701      0.229     -0.130      0.333      1.000      -2.25 0.02390063       0.00       0.00       0.00 1.00000000
#  2465 "Tamandua_tetrada" "Dasypus_kappleri"   9   2   2      0.000      0.786      0.286     -0.762      0.444      1.000      -2.74 0.00594991       0.00       0.00      -1.90 0.05681370
#  2520 "Sylvilagus_flori" "Urocyon_cinereoa"   9   9   7      0.049      0.668      0.188      0.005      0.309      1.000      -3.29 0.00096685      -3.29      -3.29      -2.60 0.00923209
#  2522 "Sylvilagus_flori" "Nasua_narica"       9   8   4      0.278      0.687      0.197     -0.176      0.417      1.000      -2.07 0.03771365       0.00       0.00       0.00 1.00000000
#  2534 "Sylvilagus_flori" "Sciurus_caroline"   9   5   4      0.111      0.728      0.208     -0.269      0.467      1.000      -2.97 0.00286686      -2.97      -2.97      -2.20 0.02737471
#  2536 "Sylvilagus_flori" "Tamias_striatus"    9   4   3      0.167      0.687      0.256     -0.134      0.389      1.000      -2.03 0.04168200       0.00       0.00       0.00 1.00000000
#  2542 "Sylvilagus_flori" "Conepatus_leucon"   9   3   3      0.000      0.779      0.257     -0.646      0.259      1.000      -3.04 0.00232303       0.00       0.00      -2.28 0.02218184
#  2548 "Sylvilagus_flori" "Mephitis_macrour"   9   3   3      0.000      0.742      0.270     -0.614      0.259      1.000      -2.75 0.00574893       0.00       0.00      -1.92 0.05489455
#  2557 "Sylvilagus_flori" "Sciurus_aureogas"   9   2   2      0.000      0.788      0.301     -0.978      0.444      1.000      -2.62 0.00869954       0.00       0.00      -1.73 0.08306891
#  2560 "Sylvilagus_flori" "Spilogale_putori"   9   2   2      0.000      0.777      0.303     -0.880      0.444      1.000      -2.56 0.01024121       0.00       0.00      -1.65 0.09778982
#  2624 "Urocyon_cinereoa" "Nasua_narica"       9   8   5      0.167      0.674      0.191     -0.121      0.278      1.000      -2.65 0.00781095       0.00       0.00      -1.78 0.07458410
#  2636 "Urocyon_cinereoa" "Sciurus_caroline"   9   5   4      0.111      0.719      0.217     -0.172      0.467      1.000      -2.80 0.00500196      -2.80      -2.80      -1.98 0.04776203
#  2644 "Urocyon_cinereoa" "Conepatus_leucon"   9   3   3      0.000      0.774      0.246     -0.511      0.259      1.000      -3.14 0.00163347       0.00       0.00      -2.41 0.01559740
#  2650 "Urocyon_cinereoa" "Mephitis_macrour"   9   3   3      0.000      0.812      0.231     -0.709      0.593      1.000      -3.51 0.00042999       0.00       0.00      -2.86 0.00410581
#  2656 "Urocyon_cinereoa" "Bassariscus_astu"   9   2   2      0.000      0.836      0.271     -1.250      0.444      1.000      -3.09 0.00194603       0.00       0.00      -2.35 0.01858200
#  2659 "Urocyon_cinereoa" "Sciurus_aureogas"   9   2   2      0.000      0.774      0.289     -0.668      0.444      1.000      -2.68 0.00713646       0.00       0.00      -1.82 0.06814366
#  2662 "Urocyon_cinereoa" "Spilogale_putori"   9   2   2      0.000      0.766      0.305     -0.787      0.444      1.000      -2.51 0.01187611       0.00       0.00       0.00 1.00000000
#  2727 "Myrmecophaga_tri" "Mazama_americana"   8   8   5      0.141      0.699      0.196     -0.451      0.391      1.000      -2.85 0.00429696      -2.85      -2.85      -2.04 0.04103019
#  2738 "Myrmecophaga_tri" "Priodontes_maxim"   8   4   3      0.156      0.768      0.222     -0.397      0.375      1.000      -2.75 0.00581121      -2.75       0.00      -1.91 0.05548931
#  2741 "Myrmecophaga_tri" "Tayassu_pecari"     8   4   3      0.156      0.746      0.255     -0.635      0.375      1.000      -2.32 0.02031630      -2.32       0.00       0.00 1.00000000
#  2756 "Myrmecophaga_tri" "Atelocynus_micro"   8   2   2      0.000      0.818      0.287     -1.182      0.438      1.000      -2.85 0.00424224       0.00       0.00      -2.05 0.04050772
#  2765 "Myrmecophaga_tri" "Myoprocta_acouch"   8   2   2      0.000      0.776      0.283     -0.573      0.438      1.000      -2.74 0.00596976       0.00       0.00      -1.90 0.05700323
#  2771 "Myrmecophaga_tri" "Dasypus_kappleri"   8   2   2      0.000      0.848      0.250     -1.068      0.438      1.000      -3.40 0.00065440       0.00       0.00      -2.73 0.00624864
#  2845 "Nasua_narica"     "Conepatus_leucon"   8   3   3      0.000      0.780      0.241     -0.483      0.250      1.000      -3.23 0.00118554       0.00       0.00      -2.53 0.01132028
#  2846 "Nasua_narica"     "Tamandua_mexican"   8   3   3      0.000      0.743      0.262     -0.392      0.250      1.000      -2.84 0.00443006       0.00       0.00      -2.03 0.04230109
#  2851 "Nasua_narica"     "Mephitis_macrour"   8   3   3      0.000      0.791      0.257     -0.735      0.250      1.000      -3.08 0.00199676       0.00       0.00      -2.34 0.01906634
#  2855 "Nasua_narica"     "Conepatus_semist"   8   2   2      0.000      0.725      0.318     -0.550      0.438      1.000      -2.28 0.02221262       0.00       0.00       0.00 1.00000000
#  2857 "Nasua_narica"     "Bassariscus_astu"   8   2   2      0.000      0.767      0.300     -0.721      0.438      1.000      -2.56 0.01025534       0.00       0.00      -1.65 0.09792471
#  2858 "Nasua_narica"     "Mazama_temama"      8   2   2      0.000      0.797      0.301     -1.063      0.438      1.000      -2.65 0.00790310       0.00       0.00      -1.78 0.07546400
#  2860 "Nasua_narica"     "Sciurus_aureogas"   8   2   2      0.000      0.811      0.282     -1.005      0.438      1.000      -2.88 0.00385535       0.00       0.00      -2.08 0.03681340
#  2863 "Nasua_narica"     "Spilogale_putori"   8   2   2      0.000      0.838      0.263     -1.143      0.438      1.000      -3.19 0.00139248       0.00       0.00      -2.47 0.01329635
#  2870 "Nasua_narica"     "Tapirus_bairdii"    8   2   2      0.000      0.839      0.271     -1.300      0.438      1.000      -3.10 0.00186759       0.00       0.00      -2.36 0.01783300
#  2926 "Didelphis_marsup" "Mazama_americana"   8   8   4      0.250      0.672      0.197     -0.107      0.391      1.000      -2.14 0.03188092       0.00       0.00       0.00 1.00000000
#  2928 "Didelphis_marsup" "Dasyprocta_punct"   8   7   5      0.107      0.690      0.207     -0.209      0.357      1.000      -2.82 0.00467026      -2.82      -2.82      -2.01 0.04459474
#  2945 "Didelphis_marsup" "Tamandua_mexican"   8   3   2      0.250      0.811      0.225     -0.557      0.583      1.000      -2.49 0.01238543       0.00       0.00       0.00 1.00000000
#  2964 "Didelphis_marsup" "Myoprocta_acouch"   8   2   2      0.000      0.796      0.294     -0.964      0.438      1.000      -2.71 0.00661278       0.00       0.00      -1.86 0.06314316
#  2970 "Didelphis_marsup" "Dasypus_kappleri"   8   2   2      0.000      0.790      0.295     -0.913      0.438      1.000      -2.68 0.00728595       0.00       0.00      -1.81 0.06957108
#  3038 "Mazama_americana" "Tayassu_pecari"     8   4   4      0.000      0.774      0.235     -0.652      0.375      1.000      -3.30 0.00093597       0.00       0.00      -2.61 0.00893728
#  3062 "Mazama_americana" "Myoprocta_acouch"   8   2   2      0.000      0.818      0.287     -1.182      0.438      1.000      -2.85 0.00424224       0.00       0.00      -2.05 0.04050772
#  3068 "Mazama_americana" "Dasypus_kappleri"   8   2   2      0.000      0.764      0.314     -0.853      0.438      1.000      -2.43 0.01483577       0.00       0.00       0.00 1.00000000
#  3125 "Hydrochoerus_hyd" "Dasyprocta_azara"   8   6   3      0.312      0.714      0.200     -0.082      0.500      1.000      -2.01 0.04409891       0.00       0.00       0.00 1.00000000
#  3130 "Hydrochoerus_hyd" "Didelphis_albive"   8   5   4      0.100      0.727      0.230     -0.251      0.450      1.000      -2.72 0.00636882      -2.72      -2.72      -1.87 0.06081365
#  3141 "Hydrochoerus_hyd" "Leopardus_geoffr"   8   3   2      0.250      0.793      0.243     -0.733      0.583      1.000      -2.23 0.02529466       0.00       0.00       0.00 1.00000000
#  3167 "Hydrochoerus_hyd" "Chrysocyon_brach"   8   2   2      0.000      0.812      0.289     -1.125      0.438      1.000      -2.81 0.00478429       0.00       0.00      -2.00 0.04568351
#  3234 "Dasyprocta_punct" "Bos_taurus"         7   3   2      0.238      0.802      0.236     -0.594      0.571      1.000      -2.39 0.01665324       0.00       0.00       0.00 1.00000000
#  3245 "Dasyprocta_punct" "Conepatus_semist"   7   2   2      0.000      0.859      0.255     -1.394      0.429      1.000      -3.37 0.00073367       0.00       0.00      -2.69 0.00700560
#  3252 "Dasyprocta_punct" "Sciurus_granaten"   7   2   2      0.000      0.854      0.266     -1.488      0.429      1.000      -3.22 0.00125557       0.00       0.00      -2.51 0.01198903
#  3260 "Dasyprocta_punct" "Tapirus_bairdii"    7   2   2      0.000      0.794      0.304     -1.042      0.429      1.000      -2.61 0.00878388       0.00       0.00      -1.73 0.08387425
#  3337 "Didelphis_aurita" "Dasyprocta_lepor"   7   3   2      0.238      0.820      0.234     -0.770      0.571      1.000      -2.48 0.01289040       0.00       0.00       0.00 1.00000000
#  3339 "Didelphis_aurita" "Callithrix_kuhli"   7   2   2      0.000      0.747      0.306     -0.568      0.429      1.000      -2.44 0.01426911       0.00       0.00       0.00 1.00000000
#  3351 "Didelphis_aurita" "Cebus_xanthoster"   7   2   2      0.000      0.807      0.278     -0.854      0.429      1.000      -2.90 0.00358939       0.00       0.00      -2.11 0.03427388
#  3354 "Didelphis_aurita" "Leontopithecus_c"   7   2   2      0.000      0.804      0.294     -1.051      0.429      1.000      -2.74 0.00606489       0.00       0.00      -1.89 0.05791158
#  3361 "Didelphis_aurita" "Potos_flavus"       7   2   2      0.000      0.773      0.316     -0.925      0.429      1.000      -2.45 0.01411331       0.00       0.00       0.00 1.00000000
#  3443 "Dasyprocta_azara" "Cebus_nigritus"     6   2   2      0.000      0.836      0.285     -1.386      0.417      1.000      -2.93 0.00327867       0.00       0.00      -2.15 0.03130693
#  3505 "Sus_scrofa"       "Euphractus_sexci"   5   5   3      0.160      0.805      0.213     -0.560      0.360      1.000      -3.03 0.00233436      -3.03      -3.03      -2.28 0.02228997
#  3507 "Sus_scrofa"       "Conepatus_chinga"   5   5   3      0.160      0.839      0.221     -1.016      0.360      1.000      -3.08 0.00201178      -3.08      -3.08      -2.34 0.01920976
#  3519 "Sus_scrofa"       "Leopardus_geoffr"   5   3   2      0.200      0.839      0.250     -1.154      0.533      1.000      -2.55 0.01048750       0.00       0.00       0.00 1.00000000
#  3520 "Sus_scrofa"       "Pseudalopex_gymn"   5   3   3      0.000      0.835      0.235     -0.866      0.533      1.000      -3.55 0.00036174       0.00       0.00      -2.92 0.00345414
#  3599 "Euphractus_sexci" "Conepatus_chinga"   5   5   3      0.160      0.827      0.220     -0.795      0.360      1.000      -3.03 0.00236458      -3.03      -3.03      -2.28 0.02257853
#  3600 "Euphractus_sexci" "Didelphis_albive"   5   5   3      0.160      0.746      0.232     -0.196      0.360      1.000      -2.53 0.01132876      -2.53       0.00       0.00 1.00000000
#  3606 "Euphractus_sexci" "Lepus_europaeus"    5   4   2      0.300      0.848      0.215     -0.940      0.600      1.000      -2.55 0.01049864       0.00       0.00       0.00 1.00000000
#  3608 "Euphractus_sexci" "Bos_taurus"         5   3   2      0.200      0.867      0.223     -1.263      0.533      1.000      -3.00 0.00265867       0.00       0.00      -2.23 0.02538669
#  3611 "Euphractus_sexci" "Leopardus_geoffr"   5   3   3      0.000      0.844      0.232     -0.971      0.533      1.000      -3.64 0.00026065       0.00       0.00      -3.01 0.00248887
#  3612 "Euphractus_sexci" "Pseudalopex_gymn"   5   3   2      0.200      0.845      0.237     -1.083      0.533      1.000      -2.72 0.00636101       0.00       0.00      -1.87 0.06073909
#  3698 "Mephitis_mephiti" "Ursus_americanus"   5   4   3      0.100      0.837      0.236     -1.113      0.300      1.000      -3.12 0.00173467      -3.12      -3.12      -2.39 0.01656381
#  3704 "Mephitis_mephiti" "Odocoileus_hemio"   5   3   2      0.200      0.821      0.238     -0.718      0.533      1.000      -2.60 0.00906032       0.00       0.00      -1.71 0.08651394
#  3708 "Mephitis_mephiti" "Vulpes_vulpes"      5   3   2      0.200      0.802      0.242     -0.535      0.533      1.000      -2.49 0.01261479       0.00       0.00       0.00 1.00000000
#  3781 "Conepatus_chinga" "Didelphis_albive"   5   5   3      0.160      0.800      0.227     -0.579      0.360      1.000      -2.81 0.00476092      -2.81      -2.81      -2.00 0.04546041
#  3787 "Conepatus_chinga" "Lepus_europaeus"    5   4   3      0.100      0.816      0.238     -0.803      0.300      1.000      -3.01 0.00252151      -3.01      -3.01      -2.25 0.02407709
#  3792 "Conepatus_chinga" "Leopardus_geoffr"   5   3   3      0.000      0.850      0.236     -1.139      0.533      1.000      -3.61 0.00029379       0.00       0.00      -2.98 0.00280531
#  3793 "Conepatus_chinga" "Pseudalopex_gymn"   5   3   3      0.000      0.823      0.249     -0.915      0.533      1.000      -3.31 0.00089812       0.00       0.00      -2.62 0.00857587
#  3876 "Didelphis_albive" "Lepus_europaeus"    5   4   2      0.300      0.829      0.223     -0.786      0.600      1.000      -2.37 0.01735038       0.00       0.00       0.00 1.00000000
#  3881 "Didelphis_albive" "Leopardus_geoffr"   5   3   3      0.000      0.884      0.227     -1.714      0.533      1.000      -3.90 0.00009054       0.00       0.00      -3.32 0.00086453
#  3882 "Didelphis_albive" "Pseudalopex_gymn"   5   3   2      0.200      0.838      0.228     -0.792      0.533      1.000      -2.80 0.00502408       0.00       0.00      -1.97 0.04797318
#  3961 "Sciurus_caroline" "Tamias_striatus"    5   4   3      0.100      0.829      0.241     -0.985      0.300      1.000      -3.03 0.00240338      -3.03      -3.03      -2.27 0.02294904
#  4050 "Priodontes_maxim" "Tayassu_pecari"     4   4   2      0.250      0.856      0.227     -1.180      0.562      1.000      -2.67 0.00744587       0.00       0.00      -1.80 0.07109809
#  4059 "Priodontes_maxim" "Dasyprocta_fulig"   4   3   2      0.167      0.858      0.237     -1.237      0.500      1.000      -2.91 0.00346017      -2.91      -2.91      -2.13 0.03303997
#  4065 "Priodontes_maxim" "Atelocynus_micro"   4   2   2      0.000      0.892      0.251     -2.117      0.375      1.000      -3.55 0.00036448       0.00       0.00      -2.91 0.00348032
#  4110 "Priodontes_maxim" "Sciurus_spadiceu"   4   1   1      0.000      0.960      0.196     -4.839      1.000      1.000      -4.90 0.00000089      -4.90      -4.90      -4.44 0.00000854
#  4138 "Tamias_striatus"  "Ursus_americanus"   4   4   2      0.250      0.827      0.224     -0.671      0.562      1.000      -2.57 0.00990570       0.00       0.00      -1.67 0.09458611
#  4224 "Felis_catus"      "Bos_taurus"         4   3   2      0.167      0.860      0.224     -1.010      0.500      1.000      -3.09 0.00194490      -3.09      -3.09      -2.35 0.01857118
#  4234 "Felis_catus"      "Callithrix_kuhli"   4   2   2      0.000      0.884      0.251     -1.830      0.375      1.000      -3.52 0.00040573       0.00       0.00      -2.88 0.00387417
#  4246 "Felis_catus"      "Cebus_xanthoster"   4   2   2      0.000      0.865      0.264     -1.565      0.375      1.000      -3.27 0.00102735       0.00       0.00      -2.58 0.00980977
#  4249 "Felis_catus"      "Leontopithecus_c"   4   2   2      0.000      0.887      0.240     -1.717      0.375      1.000      -3.70 0.00020802       0.00       0.00      -3.08 0.00198631
#  4256 "Felis_catus"      "Potos_flavus"       4   2   2      0.000      0.909      0.229     -2.284      0.375      1.000      -3.97 0.00006855      -3.97       0.00      -3.40 0.00065452
#  4284 "Felis_catus"      "Sphiggurus_insid"   4   1   1      0.000      0.950      0.218     -4.256      1.000      1.000      -4.36 0.00001228      -4.36      -4.36      -3.84 0.00011724
#  4394 "Lepus_europaeus"  "Leopardus_geoffr"   4   3   2      0.167      0.825      0.255     -0.945      0.500      1.000      -2.58 0.00974298      -2.58      -2.58      -1.68 0.09303235
#  4395 "Lepus_europaeus"  "Pseudalopex_gymn"   4   3   2      0.167      0.867      0.227     -1.229      0.500      1.000      -3.08 0.00200355      -3.08      -3.08      -2.34 0.01913122
#  4478 "Ursus_americanus" "Odocoileus_hemio"   4   3   2      0.167      0.855      0.245     -1.289      0.500      1.000      -2.81 0.00475758      -2.81      -2.81      -2.00 0.04542854
#  4523 "Ursus_americanus" "Sciurus_aberti"     4   1   1      0.000      0.990      0.099    -10.152      1.000      1.000      -9.95 0.00000000      -9.95      -9.95      -9.95 0.00000000
#  4594 "Bos_taurus"       "Equus_africanus"    3   1   1      0.000      0.950      0.218     -4.256      1.000      1.000      -4.36 0.00001228      -4.36      -4.36      -3.84 0.00011724
#  4614 "Bos_taurus"       "Sphiggurus_insid"   3   1   1      0.000      0.950      0.218     -4.256      1.000      1.000      -4.36 0.00001228      -4.36      -4.36      -3.84 0.00011724
#  4641 "Conepatus_leucon" "Mephitis_macrour"   3   3   3      0.000      0.861      0.241     -1.190      0.444      1.000      -3.58 0.00032800       0.00       0.00      -2.95 0.00313200
#  4650 "Conepatus_leucon" "Sciurus_aureogas"   3   2   2      0.000      0.900      0.238     -2.021      0.333      1.000      -3.78 0.00014830      -3.78       0.00      -3.18 0.00141603
#  4685 "Conepatus_leucon" "Dasyprocta_mexic"   3   1   1      0.000      0.980      0.140     -7.068      1.000      1.000      -7.00 0.00000000      -7.00      -7.00      -7.00 0.00000000
#  4688 "Conepatus_leucon" "Sciurus_colliaei"   3   1   1      0.000      0.950      0.218     -4.256      1.000      1.000      -4.36 0.00001228      -4.36      -4.36      -3.84 0.00011724
#  4755 "Tamandua_mexican" "Proechimys_semis"   3   1   1      0.000      0.970      0.171     -5.680      1.000      1.000      -5.69 0.00000000      -5.69      -5.69      -5.69 0.00000000
#  4795 "Leopardus_geoffr" "Pseudalopex_gymn"   3   3   2      0.111      0.906      0.209     -1.811      0.444      1.000      -3.81 0.00013340      -3.81      -3.81      -3.21 0.00127375
#  4836 "Leopardus_geoffr" "Lycalopex_gymnoc"   3   1   1      0.000      0.960      0.196     -4.839      1.000      1.000      -4.90 0.00000089      -4.90      -4.90      -4.44 0.00000854
#  4911 "Pseudalopex_gymn" "Lontra_longicaud"   3   1   1      0.000      0.960      0.196     -4.839      1.000      1.000      -4.90 0.00000089      -4.90      -4.90      -4.44 0.00000854
#  4953 "Odocoileus_hemio" "Vulpes_vulpes"      3   3   2      0.111      0.891      0.227     -1.736      0.444      1.000      -3.43 0.00056958      -3.43      -3.43      -2.77 0.00543874
#  4994 "Odocoileus_hemio" "Sciurus_aberti"     3   1   1      0.000      0.960      0.196     -4.839      1.000      1.000      -4.90 0.00000089      -4.90      -4.90      -4.44 0.00000854
#  5054 "Dasyprocta_fulig" "Ateles_belzebuth"   3   1   1      0.000      0.950      0.218     -4.256      1.000      1.000      -4.36 0.00001228      -4.36      -4.36      -3.84 0.00011724
#  5092 "Dasyprocta_fulig" "Myoprocta_partti"   3   1   1      0.000      0.950      0.218     -4.256      1.000      1.000      -4.36 0.00001228      -4.36      -4.36      -3.84 0.00011724
#  5109 "Mephitis_macrour" "Sciurus_aureogas"   3   2   2      0.000      0.927      0.209     -2.569      0.333      1.000      -4.44 0.00000834      -4.44       0.00      -3.93 0.00007968
#  5147 "Mephitis_macrour" "Sciurus_colliaei"   3   1   1      0.000      0.960      0.196     -4.839      1.000      1.000      -4.90 0.00000089      -4.90      -4.90      -4.44 0.00000854
#  5158 "Mephitis_macrour" "Sylvilagus_cunic"   3   1   1      0.000      0.970      0.171     -5.680      1.000      1.000      -5.69 0.00000000      -5.69      -5.69      -5.69 0.00000000
#  5181 "Dasyprocta_lepor" "Sciurus_aestuans"   3   2   2      0.000      0.900      0.238     -2.021      0.333      1.000      -3.78 0.00014830      -3.78       0.00      -3.18 0.00141603
#  5224 "Dasyprocta_lepor" "Speothos_venatic"   3   1   1      0.000      0.960      0.196     -4.839      1.000      1.000      -4.90 0.00000089      -4.90      -4.90      -4.44 0.00000854
#  5305 "Vulpes_vulpes"    "Sylvilagus_nutta"   3   1   1      0.000      0.950      0.218     -4.256      1.000      1.000      -4.36 0.00001228      -4.36      -4.36      -3.84 0.00011724
#  5331 "Callithrix_kuhli" "Cebus_xanthoster"   2   2   2      0.000      0.908      0.252     -2.461      0.250      1.000      -3.61 0.00029564      -3.61       0.00      -2.98 0.00282296
#  5334 "Callithrix_kuhli" "Leontopithecus_c"   2   2   2      0.000      0.940      0.203     -3.191      0.250      1.000      -4.62 0.00000364      -4.62      -4.62      -4.13 0.00003472
#  5341 "Callithrix_kuhli" "Potos_flavus"       2   2   2      0.000      0.902      0.252     -2.268      0.250      1.000      -3.58 0.00032985      -3.58       0.00      -2.94 0.00314965
#  5369 "Callithrix_kuhli" "Sphiggurus_insid"   2   1   1      0.000      0.960      0.196     -4.839      1.000      1.000      -4.90 0.00000089      -4.90      -4.90      -4.44 0.00000854
#  5405 "Conepatus_semist" "Tapirus_bairdii"    2   2   2      0.000      0.955      0.178     -3.819      0.250      1.000      -5.36 0.00000012      -5.36      -5.36      -4.85 0.00000114
#  5447 "Conepatus_semist" "Galictis_vittata"   2   1   1      0.000      0.970      0.171     -5.680      1.000      1.000      -5.69 0.00000000      -5.69      -5.69      -5.69 0.00000000
#  5475 "Atelocynus_micro" "Dasypus_kappleri"   2   2   1      0.250      0.962      0.163     -4.256      1.000      1.000      -4.36 0.00001228       0.00       0.00      -3.84 0.00011724
#  5496 "Atelocynus_micro" "Saimiri_bolivien"   2   1   1      0.000      0.960      0.196     -4.839      1.000      1.000      -4.90 0.00000089      -4.90      -4.90      -4.44 0.00000854
#  5522 "Atelocynus_micro" "Myoprocta_pratti"   2   1   1      0.000      0.970      0.171     -5.680      1.000      1.000      -5.69 0.00000000      -5.69      -5.69      -5.69 0.00000000
#  5535 "Bassariscus_astu" "Spilogale_putori"   2   2   2      0.000      0.955      0.178     -3.819      0.250      1.000      -5.36 0.00000012      -5.36      -5.36      -4.85 0.00000114
#  5554 "Bassariscus_astu" "Lepus_alleni"       2   1   1      0.000      0.980      0.140     -7.068      1.000      1.000      -7.00 0.00000000      -7.00      -7.00      -7.00 0.00000000
#  5569 "Bassariscus_astu" "Conepatus_mesole"   2   1   1      0.000      0.960      0.196     -4.839      1.000      1.000      -4.90 0.00000089      -4.90      -4.90      -4.44 0.00000854
#  5575 "Bassariscus_astu" "Spermophilus_var"   2   1   1      0.000      0.960      0.196     -4.839      1.000      1.000      -4.90 0.00000089      -4.90      -4.90      -4.44 0.00000854
#  5670 "Sciurus_aestuans" "Myoprocta_acouch"   2   2   1      0.250      0.962      0.163     -4.256      1.000      1.000      -4.36 0.00001228       0.00       0.00      -3.84 0.00011724
#  5710 "Sciurus_aestuans" "Mazama_nemorivag"   2   1   1      0.000      0.960      0.196     -4.839      1.000      1.000      -4.90 0.00000089      -4.90      -4.90      -4.44 0.00000854
#  5776 "Sciurus_aureogas" "Spilogale_pygmae"   2   1   1      0.000      0.970      0.171     -5.680      1.000      1.000      -5.69 0.00000000      -5.69      -5.69      -5.69 0.00000000
#  5779 "Sciurus_aureogas" "Sylvilagus_cunic"   2   1   1      0.000      0.960      0.196     -4.839      1.000      1.000      -4.90 0.00000089      -4.90      -4.90      -4.44 0.00000854
#  5818 "Equus_ferus"      "Equus_africanus"    2   1   1      0.000      0.960      0.196     -4.839      1.000      1.000      -4.90 0.00000089      -4.90      -4.90      -4.44 0.00000854
#  5828 "Equus_ferus"      "Sciurus_aberti"     2   1   1      0.000      0.960      0.196     -4.839      1.000      1.000      -4.90 0.00000089      -4.90      -4.90      -4.44 0.00000854
#  5845 "Equus_ferus"      "Sylvilagus_nutta"   2   1   1      0.000      0.960      0.196     -4.839      1.000      1.000      -4.90 0.00000089      -4.90      -4.90      -4.44 0.00000854
#  5849 "Equus_ferus"      "Cervus_canadensi"   2   1   1      0.000      0.970      0.171     -5.680      1.000      1.000      -5.69 0.00000000      -5.69      -5.69      -5.69 0.00000000
#  5883 "Sciurus_granaten" "Proechimys_semis"   2   1   1      0.000      0.960      0.196     -4.839      1.000      1.000      -4.90 0.00000089      -4.90      -4.90      -4.44 0.00000854
#  5956 "Spilogale_putori" "Conepatus_mesole"   2   1   1      0.000      0.950      0.218     -4.256      1.000      1.000      -4.36 0.00001228      -4.36      -4.36      -3.84 0.00011724
#  5962 "Spilogale_putori" "Spermophilus_var"   2   1   1      0.000      0.950      0.218     -4.256      1.000      1.000      -4.36 0.00001228      -4.36      -4.36      -3.84 0.00011724
#  6051 "Myoprocta_acouch" "Dasypus_kappleri"   2   2   2      0.000      0.902      0.252     -2.268      0.250      1.000      -3.58 0.00032985      -3.58       0.00      -2.94 0.00314965
#  6081 "Myoprocta_acouch" "Sciurus_spadiceu"   2   1   1      0.000      0.960      0.196     -4.839      1.000      1.000      -4.90 0.00000089      -4.90      -4.90      -4.44 0.00000854
#  6082 "Myoprocta_acouch" "Speothos_venatic"   2   1   1      0.000      0.950      0.218     -4.256      1.000      1.000      -4.36 0.00001228      -4.36      -4.36      -3.84 0.00011724
#  6085 "Myoprocta_acouch" "Mazama_nemorivag"   2   1   1      0.000      0.990      0.099    -10.152      1.000      1.000      -9.95 0.00000000      -9.95      -9.95      -9.95 0.00000000
#  6108 "Cebus_xanthoster" "Leontopithecus_c"   2   2   2      0.000      0.877      0.282     -1.949      0.250      1.000      -3.11 0.00177765       0.00       0.00      -2.38 0.01697416
#  6115 "Cebus_xanthoster" "Potos_flavus"       2   2   2      0.000      0.895      0.260     -2.139      0.250      1.000      -3.44 0.00055826      -3.44       0.00      -2.78 0.00533061
#  6143 "Cebus_xanthoster" "Sphiggurus_insid"   2   1   1      0.000      0.970      0.171     -5.680      1.000      1.000      -5.69 0.00000000      -5.69      -5.69      -5.69 0.00000000
#  6158 "Cebus_xanthoster" "Chaetomys_subspi"   2   1   1      0.000      0.950      0.218     -4.256      1.000      1.000      -4.36 0.00001228      -4.36      -4.36      -3.84 0.00011724
#  6204 "Homo_sapiens"     "Mazama_rufina"      2   1   1      0.000      0.950      0.218     -4.256      1.000      1.000      -4.36 0.00001228      -4.36      -4.36      -3.84 0.00011724
#  6220 "Homo_sapiens"     "Nasuella_olivace"   2   1   1      0.000      0.960      0.196     -4.839      1.000      1.000      -4.90 0.00000089      -4.90      -4.90      -4.44 0.00000854
#  6248 "Alces_alces"      "Sciurus_aberti"     2   1   1      0.000      0.950      0.218     -4.256      1.000      1.000      -4.36 0.00001228      -4.36      -4.36      -3.84 0.00011724
#  6265 "Alces_alces"      "Sylvilagus_nutta"   2   1   1      0.000      0.950      0.218     -4.256      1.000      1.000      -4.36 0.00001228      -4.36      -4.36      -3.84 0.00011724
#  6278 "Alces_alces"      "Ursus_arctos"       2   1   1      0.000      0.950      0.218     -4.256      1.000      1.000      -4.36 0.00001228      -4.36      -4.36      -3.84 0.00011724
#  6286 "Leontopithecus_c" "Potos_flavus"       2   2   2      0.000      0.955      0.178     -3.819      0.250      1.000      -5.36 0.00000012      -5.36      -5.36      -4.85 0.00000114
#  6314 "Leontopithecus_c" "Sphiggurus_insid"   2   1   1      0.000      0.980      0.140     -7.068      1.000      1.000      -7.00 0.00000000      -7.00      -7.00      -7.00 0.00000000
#  6329 "Leontopithecus_c" "Chaetomys_subspi"   2   1   1      0.000      0.990      0.099    -10.152      1.000      1.000      -9.95 0.00000000      -9.95      -9.95      -9.95 0.00000000
#  6346 "Tapirus_bairdii"  "Philander_opossu"   2   1   1      0.000      0.980      0.140     -7.068      1.000      1.000      -7.00 0.00000000      -7.00      -7.00      -7.00 0.00000000
#  6377 "Tapirus_bairdii"  "Galictis_vittata"   2   1   1      0.000      0.970      0.171     -5.680      1.000      1.000      -5.69 0.00000000      -5.69      -5.69      -5.69 0.00000000
#  6411 "Dasypus_kappleri" "Saimiri_bolivien"   2   1   1      0.000      0.970      0.171     -5.680      1.000      1.000      -5.69 0.00000000      -5.69      -5.69      -5.69 0.00000000
#  6420 "Dasypus_kappleri" "Sciurus_spadiceu"   2   1   1      0.000      0.960      0.196     -4.839      1.000      1.000      -4.90 0.00000089      -4.90      -4.90      -4.44 0.00000854
#  6421 "Dasypus_kappleri" "Speothos_venatic"   2   1   1      0.000      0.960      0.196     -4.839      1.000      1.000      -4.90 0.00000089      -4.90      -4.90      -4.44 0.00000854
#  6424 "Dasypus_kappleri" "Mazama_nemorivag"   2   1   1      0.000      0.980      0.140     -7.068      1.000      1.000      -7.00 0.00000000      -7.00      -7.00      -7.00 0.00000000
#  6455 "Taxidea_taxus"    "Lepus_americanus"   2   1   1      0.000      0.980      0.140     -7.068      1.000      1.000      -7.00 0.00000000      -7.00      -7.00      -7.00 0.00000000
#  6468 "Taxidea_taxus"    "Erethizon_dorsat"   2   1   1      0.000      0.950      0.218     -4.256      1.000      1.000      -4.36 0.00001228      -4.36      -4.36      -3.84 0.00011724
#  6469 "Taxidea_taxus"    "Conepatus_mesole"   2   1   1      0.000      0.970      0.171     -5.680      1.000      1.000      -5.69 0.00000000      -5.69      -5.69      -5.69 0.00000000
#  6475 "Taxidea_taxus"    "Spermophilus_var"   2   1   1      0.000      0.980      0.140     -7.068      1.000      1.000      -7.00 0.00000000      -7.00      -7.00      -7.00 0.00000000
#  6563 "Tremarctos_ornat" "Lycalopex_culpae"   2   1   1      0.000      1.000      0.000      0.000      1.000      1.000      -1.00 0.31722987      -1.00      -1.00       0.00 1.00000000
#  6582 "Tremarctos_ornat" "Mazama_rufina"      2   1   1      0.000      0.980      0.140     -7.068      1.000      1.000      -7.00 0.00000000      -7.00      -7.00      -7.00 0.00000000
#  6589 "Tremarctos_ornat" "Mustela_frenata"    2   1   1      0.000      0.970      0.171     -5.680      1.000      1.000      -5.69 0.00000000      -5.69      -5.69      -5.69 0.00000000
#  6591 "Tremarctos_ornat" "Tapirus_pinchaqu"   2   1   1      0.000      0.950      0.218     -4.256      1.000      1.000      -4.36 0.00001228      -4.36      -4.36      -3.84 0.00011724
#  6596 "Tremarctos_ornat" "Cuniculus_taczan"   2   1   1      0.000      0.960      0.196     -4.839      1.000      1.000      -4.90 0.00000089      -4.90      -4.90      -4.44 0.00000854
#  6598 "Tremarctos_ornat" "Nasuella_olivace"   2   1   1      0.000      0.960      0.196     -4.839      1.000      1.000      -4.90 0.00000089      -4.90      -4.90      -4.44 0.00000854
#  6624 "Leopardus_tigrin" "Mazama_nana"        2   1   1      0.000      0.950      0.218     -4.256      1.000      1.000      -4.36 0.00001228      -4.36      -4.36      -3.84 0.00011724
#  6678 "Potos_flavus"     "Sphiggurus_insid"   2   1   1      0.000      0.980      0.140     -7.068      1.000      1.000      -7.00 0.00000000      -7.00      -7.00      -7.00 0.00000000
#  6715 "Cabassous_tatoua" "Sapajus_nigritus"   2   1   1      0.000      0.950      0.218     -4.256      1.000      1.000      -4.36 0.00001228      -4.36      -4.36      -3.84 0.00011724
#  6815 "Ateles_belzebuth" "Sciurus_ignivent"   1   1   1      0.000      0.970      0.171     -5.680      1.000      1.000      -5.69 0.00000000      -5.69      -5.69      -5.69 0.00000000
#  6832 "Ateles_belzebuth" "Myoprocta_partti"   1   1   1      0.000      0.950      0.218     -4.256      1.000      1.000      -4.36 0.00001228      -4.36      -4.36      -3.84 0.00011724
#  6845 "Castor_canadensi" "Lontra_canadensi"   1   1   1      0.000      0.970      0.171     -5.680      1.000      1.000      -5.69 0.00000000      -5.69      -5.69      -5.69 0.00000000
#  6916 "Philander_opossu" "Galictis_vittata"   1   1   1      0.000      0.970      0.171     -5.680      1.000      1.000      -5.69 0.00000000      -5.69      -5.69      -5.69 0.00000000
#  6944 "Lepus_alleni"     "Conepatus_mesole"   1   1   1      0.000      0.980      0.140     -7.068      1.000      1.000      -7.00 0.00000000      -7.00      -7.00      -7.00 0.00000000
#  6950 "Lepus_alleni"     "Spermophilus_var"   1   1   1      0.000      0.990      0.099    -10.152      1.000      1.000      -9.95 0.00000000      -9.95      -9.95      -9.95 0.00000000
#  6985 "Lepus_americanus" "Erethizon_dorsat"   1   1   1      0.000      0.960      0.196     -4.839      1.000      1.000      -4.90 0.00000089      -4.90      -4.90      -4.44 0.00000854
#  7002 "Lepus_americanus" "Mustela_erminea"    1   1   1      0.000      0.960      0.196     -4.839      1.000      1.000      -4.90 0.00000089      -4.90      -4.90      -4.44 0.00000854
#  7038 "Equus_africanus"  "Euryoryzomys_leg"   1   1   1      0.000      0.990      0.099    -10.152      1.000      1.000      -9.95 0.00000000      -9.95      -9.95      -9.95 0.00000000
#  7198 "Lycalopex_culpae" "Mustela_frenata"    1   1   1      0.000      0.990      0.099    -10.152      1.000      1.000      -9.95 0.00000000      -9.95      -9.95      -9.95 0.00000000
#  7205 "Lycalopex_culpae" "Cuniculus_taczan"   1   1   1      0.000      0.960      0.196     -4.839      1.000      1.000      -4.90 0.00000089      -4.90      -4.90      -4.44 0.00000854
#  7242 "Lycalopex_gymnoc" "Leopardus_coloco"   1   1   1      0.000      0.970      0.171     -5.680      1.000      1.000      -5.69 0.00000000      -5.69      -5.69      -5.69 0.00000000
#  7279 "Rangifer_tarandu" "Ursus_arctos"       1   1   1      0.000      0.990      0.099    -10.152      1.000      1.000      -9.95 0.00000000      -9.95      -9.95      -9.95 0.00000000
#  7323 "Saimiri_bolivien" "Sciurus_spadiceu"   1   1   1      0.000      0.960      0.196     -4.839      1.000      1.000      -4.90 0.00000089      -4.90      -4.90      -4.44 0.00000854
#  7396 "Sciurus_aberti"   "Sylvilagus_nutta"   1   1   1      0.000      0.960      0.196     -4.839      1.000      1.000      -4.90 0.00000089      -4.90      -4.90      -4.44 0.00000854
#  7400 "Sciurus_aberti"   "Cervus_canadensi"   1   1   1      0.000      0.990      0.099    -10.152      1.000      1.000      -9.95 0.00000000      -9.95      -9.95      -9.95 0.00000000
#  7421 "Dasyprocta_mexic" "Spilogale_pygmae"   1   1   1      0.000      0.990      0.099    -10.152      1.000      1.000      -9.95 0.00000000      -9.95      -9.95      -9.95 0.00000000
#  7457 "Erethizon_dorsat" "Mustela_erminea"    1   1   1      0.000      0.950      0.218     -4.256      1.000      1.000      -4.36 0.00001228      -4.36      -4.36      -3.84 0.00011724
#  7475 "Conepatus_mesole" "Spermophilus_var"   1   1   1      0.000      0.980      0.140     -7.068      1.000      1.000      -7.00 0.00000000      -7.00      -7.00      -7.00 0.00000000
#  7567 "Sciurus_ignivent" "Myoprocta_partti"   1   1   1      0.000      0.960      0.196     -4.839      1.000      1.000      -4.90 0.00000089      -4.90      -4.90      -4.44 0.00000854
#  7602 "Speothos_venatic" "Mazama_nemorivag"   1   1   1      0.000      0.980      0.140     -7.068      1.000      1.000      -7.00 0.00000000      -7.00      -7.00      -7.00 0.00000000
#  7659 "Sphiggurus_insid" "Chaetomys_subspi"   1   1   1      0.000      0.960      0.196     -4.839      1.000      1.000      -4.90 0.00000089      -4.90      -4.90      -4.44 0.00000854
#  7713 "Mazama_rufina"    "Tapirus_pinchaqu"   1   1   1      0.000      0.980      0.140     -7.068      1.000      1.000      -7.00 0.00000000      -7.00      -7.00      -7.00 0.00000000
#  7720 "Mazama_rufina"    "Nasuella_olivace"   1   1   1      0.000      0.990      0.099    -10.152      1.000      1.000      -9.95 0.00000000      -9.95      -9.95      -9.95 0.00000000
#  7767 "Dasypus_hybridus" "Leopardus_coloco"   1   1   1      0.000      0.960      0.196     -4.839      1.000      1.000      -4.90 0.00000089      -4.90      -4.90      -4.44 0.00000854
#  7774 "Sylvilagus_nutta" "Cervus_canadensi"   1   1   1      0.000      0.990      0.099    -10.152      1.000      1.000      -9.95 0.00000000      -9.95      -9.95      -9.95 0.00000000
#  7816 "Mustela_frenata"  "Cuniculus_taczan"   1   1   1      0.000      0.980      0.140     -7.068      1.000      1.000      -7.00 0.00000000      -7.00      -7.00      -7.00 0.00000000
#  7837 "Tapirus_pinchaqu" "Nasuella_olivace"   1   1   1      0.000      0.970      0.171     -5.680      1.000      1.000      -5.69 0.00000000      -5.69      -5.69      -5.69 0.00000000
 
> Name               SP   CL+   CL-   BM+   BM-   BC+   BC-   BY+   BY-       NR   CL+   CL+
> NWLgMamm.txt     7875    89   362    71   158    65   142    61   232   787500 39375 47250
 
& File           Speci   Individ     BRInd       BRZ Cscoreind   CscoreZ Soeren.In  Soeren.Z    AbsInd      AbsZ CheckerIn  CheckerZ   CombInd     CombZ   CorrInd     CorrZ    SchInd      SchZ
& NWLgMamm.txt     126  30026.00    0.5645   -2.2057    0.0303    6.2298    0.0001    0.0034   -0.0001   -0.0990    0.0733   13.8823    0.4130    1.9026    0.0273    1.1085   -0.0062   -4.8128
 
%          Observed numbers                                          Expected numbers
% Class    Pairs   CL+   CL-   BM+   BM-   BC+   BC-   BY+   BY-       NR   CL+   CL-
% 0.000      892     0   226     0   105     0    97     0   178    72171  3653  4396
% 0.025       14     0    14     0    13     0    12     0     9       11     0     0
% 0.075       22     0    16     0     8     0     7     0     7      322    18    25
% 0.125       43     0    37     0    20     0    17     0    18      855    45    43
% 0.175       52     0    36     0    12     0     9     0    12     2495   122   148
% 0.225       38     0    17     0     0     0     0     0     4     3816   183   238
% 0.275       56     0    12     0     0     0     0     0     4     9515   493   557
% 0.325       71     0     4     0     0     0     0     0     0    10459   524   614
% 0.375       42     0     0     0     0     0     0     0     0     7896   416   461
% 0.425       94     0     0     0     0     0     0     0     0    19359   984  1215
% 0.475      148     1     0     0     0     0     0     0     0    29772  1459  1757
% 0.525       31     1     0     0     0     0     0     1     0    10189   492   599
% 0.575       30     0     0     0     0     0     0     0     0     8729   422   509
% 0.625       73     1     0     0     0     0     0     1     0    15810   773   973
% 0.675       34     0     0     0     0     0     0     0     0     8512   440   470
% 0.725       34     1     0     0     0     0     0     1     0     7896   419   464
% 0.775       33     5     0     0     0     0     0     2     0     4824   226   268
% 0.825       17     1     0     0     0     0     0     1     0     2534   136   147
% 0.875        7     7     0     0     0     0     0     6     0      112     5     7
% 0.925        0     0     0     0     0     0     0     0     0        0     0     0
% 0.975        0     0     0     0     0     0     0     0     0        0     0     0
% 1.000     6144    72     0    71     0    65     0    49     0   572223 28565 34359
