<  File:  SBRod.txt      Species:   76 Sites:   27 MatFill: 0.09 Occ:    179 5.000% Confidence limit  Index: c Model: fixed - fixed                      
 
#    No             Sp1                Sp2     S1  S2 Com  Obs.Score  Exp.Score  Exp.StDev   Skewness    LowerCL    UpperCL SigZ-Score      Alpha >MeanScore   >CLScore   >BJScore      Alpha
#     2 "Oligoryzomys_nigr "Akodon_montensis"  16   9   9      0.000      0.276      0.115      0.624      0.056      0.542      -2.40 0.01625639       0.00       0.00       0.00 1.00000000
#     5 "Oligoryzomys_nigr "Juliomys_pictipes  16   6   6      0.000      0.301      0.154      0.570      0.115      0.583      -1.95 0.05087727       0.00       0.00       0.00 1.00000000
#    13 "Oligoryzomys_nigr "Calomys_laucha"    16   3   0      1.000      0.310      0.242      0.461      0.000      0.625       2.85 0.00421160       2.85       2.85       2.09 0.03593461
#    77 "Necromys_lasiurus "Calomys_tener"     12   9   8      0.037      0.359      0.139      0.520      0.093      0.648      -2.32 0.01986742      -2.32      -2.32       0.00 1.00000000
#    83 "Necromys_lasiurus "Cavia_aperea"      12   4   4      0.000      0.481      0.234      0.550      0.188      1.000      -2.06 0.03950286       0.00       0.00       0.00 1.00000000
#   370 "Juliomys_pictipes "Euryoryzomys_russ   6   4   4      0.000      0.658      0.246      0.126      0.333      1.000      -2.68 0.00724381       0.00       0.00       0.00 1.00000000
#   375 "Juliomys_pictipes "Thaptomys_nigrita   6   3   3      0.000      0.650      0.292     -0.074      0.222      1.000      -2.23 0.02573258       0.00       0.00       0.00 1.00000000
#   580 "Akodon_azarae"    "Holochilus_chacar   5   2   2      0.000      0.768      0.299     -0.587      0.400      1.000      -2.57 0.01000613       0.00       0.00       0.00 1.00000000
#   600 "Akodon_azarae"    "Holochilus_brasil   5   2   2      0.000      0.786      0.294     -0.730      0.400      1.000      -2.67 0.00740004       0.00       0.00       0.00 1.00000000
#   710 "Euryoryzomys_russ "Thaptomys_nigrita   4   3   3      0.000      0.773      0.275     -0.590      0.167      1.000      -2.81 0.00485653       0.00       0.00      -2.04 0.04143727
#   712 "Euryoryzomys_russ "Akodon_serrensis"   4   2   2      0.000      0.774      0.313     -0.765      0.375      1.000      -2.48 0.01309168       0.00       0.00       0.00 1.00000000
#   723 "Euryoryzomys_russ "Oxymycterus_dasyt   4   2   2      0.000      0.786      0.309     -0.865      0.375      1.000      -2.55 0.01070935       0.00       0.00       0.00 1.00000000
#   732 "Euryoryzomys_russ "Trinomys_iheringi   4   2   2      0.000      0.774      0.313     -0.765      0.375      1.000      -2.48 0.01309168       0.00       0.00       0.00 1.00000000
#   917 "Calomys_laucha"   "Calomys_musculinu   3   2   2      0.000      0.833      0.300     -1.357      0.333      1.000      -2.78 0.00533754       0.00       0.00      -2.00 0.04554138
#  1023 "Thaptomys_nigrita "Blarinomys_brevic   3   2   2      0.000      0.780      0.324     -0.879      0.333      1.000      -2.41 0.01580131       0.00       0.00       0.00 1.00000000
#  1024 "Thaptomys_nigrita "Brucepattersonius   3   2   2      0.000      0.837      0.292     -1.313      0.333      1.000      -2.86 0.00411373       0.00       0.00      -2.10 0.03509955
#  1034 "Thaptomys_nigrita "Phyllomys_nigrisp   3   2   2      0.000      0.797      0.312     -0.948      0.333      1.000      -2.55 0.01054704       0.00       0.00       0.00 1.00000000
#  1198 "Blarinomys_brevic "Brucepattersonius   2   2   2      0.000      0.900      0.260     -2.314      0.250      1.000      -3.46 0.00050855       0.00       0.00      -2.84 0.00433907
#  1374 "Oecomys_bicolor"  "Proechimys_longic   2   2   2      0.000      0.817      0.326     -1.279      0.250      1.000      -2.51 0.01185620       0.00       0.00       0.00 1.00000000
#  1476 "Oecomys_trinitati "Oryzomys_nigripes   2   2   2      0.000      0.858      0.294     -1.629      0.250      1.000      -2.91 0.00346124       0.00       0.00      -2.17 0.02953230
#  1480 "Oecomys_trinitati "Proechimys_setosu   2   2   2      0.000      0.850      0.300     -1.546      0.250      1.000      -2.83 0.00448513       0.00       0.00      -2.07 0.03826841
#  1678 "Oryzomys_nigripes "Proechimys_setosu   2   2   2      0.000      0.835      0.311     -1.393      0.250      1.000      -2.69 0.00703603       0.00       0.00       0.00 1.00000000
#  1723 "Oxymycterus_dasyt "Phyllomys_nigrisp   2   2   2      0.000      0.902      0.252     -2.268      0.250      1.000      -3.58 0.00032985       0.00       0.00      -2.98 0.00281439
#  2188 "Kunsia_tomentosus "Nectomys_rattus"    1   1   1      0.000      0.980      0.140     -7.068      1.000      1.000      -7.00 0.00000000      -7.00       0.00      -7.00 0.00000000
#  2200 "Kunsia_tomentosus "Oxymycterus_delat   1   1   1      0.000      0.980      0.140     -7.068      1.000      1.000      -7.00 0.00000000      -7.00       0.00      -7.00 0.00000000
#  2322 "Cerradomys_scotti "Hylaeamys_megacep   1   1   1      0.000      0.980      0.140     -7.068      1.000      1.000      -7.00 0.00000000      -7.00       0.00      -7.00 0.00000000
#  2334 "Nectomys_rattus"  "Oxymycterus_delat   1   1   1      0.000      0.990      0.099    -10.152      1.000      1.000      -9.95 0.00000000      -9.95       0.00      -9.95 0.00000000
#  2395 "Calomys_expulsus" "Oxymycterus_delat   1   1   1      0.000      0.990      0.099    -10.152      1.000      1.000      -9.95 0.00000000      -9.95       0.00      -9.95 0.00000000
#  2415 "Calomys_expulsus" "Hylaeamys_megacep   1   1   1      0.000      0.980      0.140     -7.068      1.000      1.000      -7.00 0.00000000      -7.00       0.00      -7.00 0.00000000
#  2510 "Oligoryzomys_chac "Euryoryzomys_niti   1   1   1      0.000      0.980      0.140     -7.068      1.000      1.000      -7.00 0.00000000      -7.00       0.00      -7.00 0.00000000
#  2613 "Didelphis_aurita" "Caluromys_philand   1   1   1      0.000      0.980      0.140     -7.068      1.000      1.000      -7.00 0.00000000      -7.00       0.00      -7.00 0.00000000
#  2724 "Philander_frenatu "Caluromys_philand   1   1   1      0.000      0.990      0.099    -10.152      1.000      1.000      -9.95 0.00000000      -9.95       0.00      -9.95 0.00000000
 
> Name               SP   CL+   CL-   BM+   BM-   BC+   BC-   BY+   BY-       NR   CL+   CL+
> SBRod.txt        2850     1    31     1    10     1     1     1    16   285000  8550  8550
 
& File           Speci   Individ     BRInd       BRZ Cscoreind   CscoreZ Soeren.In  Soeren.Z    AbsInd      AbsZ CheckerIn  CheckerZ   CombInd     CombZ   CorrInd     CorrZ    SchInd      SchZ
& SBRod.txt         76   8000.00    0.6201   -0.1453    0.0227    2.1765    0.0528    1.7888    0.0000    0.0436    0.0289    7.2254    0.6101    2.9676   -0.2472   -2.8116   -0.0023   -0.5939
 
%          Observed numbers                                          Expected numbers
% Class    Pairs   CL+   CL-   BM+   BM-   BC+   BC-   BY+   BY-       NR   CL+   CL-
% 0.000      313     0    30     0     9     0     0     0    16    29923   908   849
% 0.025        1     0     1     0     1     0     1     0     0        1     0     0
% 0.075        3     0     0     0     0     0     0     0     0       47     0     3
% 0.125        1     0     0     0     0     0     0     0     0      192     2     4
% 0.175        3     0     0     0     0     0     0     0     0      420    15    14
% 0.225        6     0     0     0     0     0     0     0     0      518    16    17
% 0.275       39     0     0     0     0     0     0     0     0     4802   155   155
% 0.325       21     0     0     0     0     0     0     0     0     2850    82    87
% 0.375       23     0     0     0     0     0     0     0     0     2400    78    79
% 0.425       37     0     0     0     0     0     0     0     0     7023   212   227
% 0.475       13     0     0     0     0     0     0     0     0     2465    60    74
% 0.525        9     0     0     0     0     0     0     0     0     1343    34    40
% 0.575        2     0     0     0     0     0     0     0     0      914    27    21
% 0.625        8     0     0     0     0     0     0     0     0     1142    32    40
% 0.675        2     0     0     0     0     0     0     0     0      616    16    20
% 0.725        3     0     0     0     0     0     0     0     0      384    14     9
% 0.775        0     0     0     0     0     0     0     0     0       37     2     1
% 0.825        0     0     0     0     0     0     0     0     0        0     0     0
% 0.875        0     0     0     0     0     0     0     0     0        0     0     0
% 0.925        0     0     0     0     0     0     0     0     0        0     0     0
% 0.975        0     0     0     0     0     0     0     0     0        0     0     0
% 1.000     2366     1     0     1     0     1     0     1     0   229923  6897  6910
