Packed matrix: ENAmTrees.txt                                     
 
                                 "X205 "X103 "X203 "X100 "X209 "X205 "X249 "X153 "X171 "X104 "X108 "X109 "X206 "X229 "X200 "X200 "X101 "X205 "X177 "X133 "X205 "X156 "X110 "X165 "X274 "X155 "X100 "X208 "X154 "X202 "X125 "X214       "X112 "X107 "X157 "X179
 
"Acer_rubrum"                       18    81     0    73    67     8     2    24     4   116    79     3    13     0    19    24    18     0    35     0     0     0     0     0     0     1    61    22     0     5     8    20     0     0     0     0     0      22
"Acer_saccharum"                   120    83   129     0   138     6     1   949     0     8     4     0     0     0     0     0   175     0     7     0     0   158     4   260    20   217     0     0   196    15     0     0     0  1470     0     0     0      19
"Nyssa_sylvatica"                   65    16    29    20    17    27     3     0     8     0     0     0     1     1     2     4     0     0     0     0     0     0     0     0     0     0     0     8     0     0     1   203     0     0     0     0    23      16
"Prunus_serotina"                    4     1     0    10     1     2     1     4     1    19     9     0     0     0     4     0     0     3     0     0     0     0     0     0     0     0   410     0     7     0     0     0     0     0     0     0     0      14
"Ostrya_virginiana"                560     1     3     0     4     0     1     7     0     0     0     0     0     0     0     0    54     0     8     0     0     0     1   136   114     0     0     0     1     0     0     0     0    39     0     0     0      13
"Fagus_grandifolia"                105     0    38     0    30     8     1    23     0    43     5     0     7     0     0     0     0     0     7     0     0   203     0     0     0   232     0     0   109     0     0     0     0     0     0     0     0      13
"Cornus_florida"                    65    21    22    48    19    18     3     1     6     0     0     0     4     0     4    43     0     0     0     0     0     0     0     0     0     0     0     0     0     0     0     0     0     0     0     0     0      12
"Quercus_alba"                     231    52    10    40     1    24    53     0    10     0     0     0     0     0     4     5     0     4     0    37     0     0     0     0     0     0     0     0     0     0     0     0     0     0     0     0     0      12
"Carya_ovata"                       15    12     6     0    25    24     7     3     0     0     0     0     0     0     0     0     0    93     1    22    11     0     0     0     0     0     0     0     0     0     0     0     0     0     0     0     0      11
"Fraxinus_americana"                19    28     8     2    12     4     0     0     1     0     0     0     0     0     0     0     0     0     1     0     0     0     0     0     8    16     0     0     0     2     0     0     0     0     0     0     0      11
"Quercus_rubra"                      3     0     9    92     4     0     0   132     0     0     0     4     0     0     0     2     0     0    21     0     6     0     6     0     0     0     0     0     0     6     0     0     0     0     0     0     0      11
"Quercus_velutina"                   0    12    10     5     0     8    11     2     5     0     0     0     0     0     0     8     0     6     0   162     0     0     0     0     0     0     0     6     0     0     0     0     0     0     0     0     0      11
"Liriodendron_tulip"                 6    37     2    13    43     9    28     0     0     0     0     0     0     0     2    10     0     0     0     0     0     0     0     0     0     0     0     0     0     0     8     0     0     0     0     0     0      10
"Tilia_americana"                    9     0     3     0     0     0     0   114     0     0     0     0     0     0     0     0    68     0     0     0     3     0     0    67    92     0     0     3     0     1     0     0     0    50     0     0     0      10
"Tsuga_canadensis"                   0     0     0    17     0     0     0     0     0    26   170     1     0     0     0     0     0     0     0     0     0    25     3     0     0     0     0     5     2     0    46     0     0   150     0     0     0      10
"Carya_tomentosa"                   17     7     0     0    14     8    21     0     0     0     0     0     0     0    18     5     0    17     0     9     0     0     0     0     0     0     0     0     0     0     0     0     0     0     0     0     0       9
"Carya_glabra"                      30    45    13     0    11     5     2     0     0     0     0     0     2     0     0     0     0    17     2     0     0     0     0     0     0     0     0     0     0     0     0     0     0     0     0     0     0       9
"Fraxinus_pennsylva"                 6     0     0     0     0     1     0     3     0     0     0     0     0     1     0     0     2     0     0     0     3     0     0     2     0     0    21     0     0     0     0    12     0     0     0     0     0       9
"Betula_lenta"                       0     0     0    27     1     0     0     9     0    26     0    39     0     0     0     0     0     0     0     0     0     0    25     0     0     0     0     8     0     0    55     0     0     0     0     0     0       8
"Sassafras_albidum"                  0   130    67    15     2    15     0     0     0     0     0     0     3     0     0     2     0     0     0     3     0     0     0     0     0     0     0     0     0     0     0     0     0     0     0     0     0       8
"Oxydendrum_arboreu"                 4    64     3    18     0     1     0     0     0     0     0     0    12     0     0    18     0     0     0     0     0     0     0     0     0     0     0     0     0     0     0     0     0     0     0     0     0       7
"Acer_pensylvanicum"                 0     0     0     8     0     0     0     0     0    12     0    10     0     0     0     0     0     0     4     0     0    28    14     0     0    14     0     0     0     0     0     0     0     0     0     0     0       7
"Ulmus_americana"                    0     3     0     0     1     0     0     0     0     0     0     0     0     0     0     0     0     2     0     0     9     0     0    26    56     0     6     0     0     0     0     0     0     0     0     0     0       7
"Ulmus_rubra"                       16     6    15     0     7     1     1     0     0     0     0     0     0     0     0     0     0     0     0     0     8     0     0     0     0     0     0     0     0     0     0     0     0     0     0     0     0       7
"Amelanchier_arbore"                 0     1     0     0     0     1     0     0     0     0    42    17     0     0     0     0     0     0     0     0     0     0     4     0     0     0     0     3     0     0     0     0     0     0     0     0     0       6
"Carya_cordiformis"                  0     1     1     0     3     0     2     3     0     0     0     0     0     0     0     0     0     0     0     0     1     0     0     0     0     0     0     0     0     0     0     0     0     0     0     0     0       6
"Betula_alleghanien"                 0     0     0     0     0     0     0     0     0     0     0     0     0     0     0     0     0     0    29     0     0    17     0     0     0    19     0     0    61    13     0     0     0    34     0     0     0       6
"Quercus_stellata"                   1     0     0     0     0     0    13     0    78     0     0     0     0     0     1     0     0    60     0   473     0     0     0     0     0     0     0     0     0     0     0     0     0     0     0     0     0       6
"Liquidambar_styrac"                 0     0     0     0     0    18     0     0    13     0     0     0     3     3     0     0     0     0     0     0     0     0     0     0     0     0     0     0     0     0     0    19     0     0     0     2     0       6
"Magnolia_acuminata"                20     0     0     2     9     0     0    28     0     4     0     0     0     0     0     0     0     0     0     0     0     0     0     0     0     0     0     0     0     0     0     0     0     0     0     0     0       5
"Robinia_pseudoacac"                 0     2     1    20     0     0     0     9     0     0     0     0     0     0     0     6     0     0     0     0     0     0     0     0     0     0     0     0     0     0     0     0     0     0     0     0     0       5
"Diospyros_virginia"                 0     1    18     0     2     0     7     0     0     0     0     0     0     4     0     0     0     0     0     0     0     0     0     0     0     0     0     0     0     0     0     0     0     0     0     0     0       5
"Quercus_coccinea"                   0    19     1    16     0     2    11     0     0     0     0     0     0     0     0     0     0     0     0     0     0     0     0     0     0     0     0     0     0     0     0     0     0     0     0     0     0       5
"Quercus_prinus"                     7   194    33    87     0     0     0    10     0     0     0     0     0     0     0     0     0     0     0     0     0     0     0     0     0     0     0     0     0     0     0     0     0     0     0     0     0       5
"Picea_rubens"                       0     0     0     0     0     0     0     0     0   164   245     0     0     0     0     0     0     0     0     0     0    17     0     0     0     4     0     0     0     0     0     0     0     0   286     0     0       5
"Pinus_taeda"                        4     0     0     0     0     0     0     0    52     0     0     0     6     0     2     0     0     0     0     0     0     0     0     0     0     0     0     0     0     0     0     1     0     0     0     0     0       5
"Juglans_nigra"                      0     3     5     0     0     0     0     0     0     0     0     0     0     0     0     0     0     0     0     1     8     0     0     0     0     0     0     0     0     0     0     0     0     0     0     0     0       4
"Pinus_strobus"                      0     0     0    18     0     0     0     0     0     2     0    11     0     0     0     0     4     0     0     0     0     0     0     0     0     0     0     0     0     0     0     0     0     0     0     0     0       4
"Betula_lutea"                       0     0     0     3     0     0     0     0     0   179   169     0     0     0     0     0     0     0     0     0     0     0     0     0     0     0     0     0     0     0     0     0     0     0    32     0     0       4
"Betula_nigra"                       0     0     0     0     0     0     1     0     0     0     0     0     0     1     0     1     0     0     0     0     0     0     0     0     0     0     0     0     0    13     0     0     0     0     0     0     0       4
"Acer_spicatum"                      0     0     0     0     0     0     0    33     0     2     0     0     0     0     0     0     0     0     1     0     0     0     0     0     0     0     0     0     0     0     0     0     0     0     2     0     0       4
"Celtis_occidentali"                 0     2     6     0     0     0     0     0     0     0     0     0     0     0     0     0     0     3     0     0     3     0     0     0     0     0     0     0     0     0     0     0     0     0     0     0     0       4
"Ulmus_alata"                       30     0     0     0     1     6     0     0     0     0     0     0     0     0     0     0     0     3     0     0     0     0     0     0     0     0     0     0     0     0     0     0     0     0     0     0     0       4
"Cercis_canadensis"                 15     0     2     0     6     0     0     0     0     0     0     0     0     0     1     0     0     0     0     0     0     0     0     0     0     0     0     0     0     0     0     0     0     0     0     0     0       4
"Hamamelis_virginia"                 0     0     0     0     0     0     0   187     0     0     2     4     0     0     0     0     0     0     0     0     0     0     2     0     0     0     0     0     0     0     0     0     0     0     0     0     0       4
"Quercus_marilandic"                 0     0     0     0     0     0     0     0    50     0     0     0     0     0     0     0     0     0     0    64     0     0     0     0     0     0     0     0     0     0     0     0     0     0     0    33     0       3
"Quercus_montana"                    0     0     0     0     7     0     0     0     0     0     0     0     0     0    25     0     0     0     0     0     0     0     0     0     0     0     0    18     0     0     0     0     0     0     0     0     0       3
"Carpinus_carolinia"                14     3     0     0     0    13     0     0     0     0     0     0     0     0     0     0     0     0     0     0     0     0     0     0     0     0     0     0     0     0     0     0     0     0     0     0     0       3
"Celtis_laevigata"                   1     0     1     0     0     0     0     0     0     0     0     0     0    38     0     0     0     0     0     0     0     0     0     0     0     0     0     0     0     0     0     0     0     0     0     0     0       3
"Pinus_echinata"                     0     0     0     0     0     0     0     0    13     0     0     0     0     0    24     0     0     0     0     0     0     0     0     0     0     0     0     0     0     0     0     0     0     0     0     7     0       3
"Acer_negundo"                       0     0     0     0     0     0     0     0     0     0     0     0     0     7     0     0     0     0     0     0     2     0     0     0     0     0     4     0     0     0     0     0     0     0     0     0     0       3
"Fraxinus_nigra"                     0     0     0     0     0     4     0     0     0     0     4     0     0     0     0     0     4     0     0     0     0     0     0     0     0     0     0     0     0     0     0     0     0     0     0     0     0       3
"Magnolia_fraseri"                   0     0     0     0     0     0     0     0     0     4     0     0     0     0     0     1     0     0     0     0     0     0     0     0     0     0     0     0     0     0    44     0     0     0     0     0     0       3
"Sorbus_americana"                   0     0     0     0     0     0     0     0     0     0     2    24     0     0     0     0     0     0     0     0     0     0     0     0     0     0     0     0     0     0     0     0     0     0    98     0     0       3
"Abies_balsamea"                     0     0     0     0     0     0     0     0     0     0   535     0     0     0     0     0    54     0     0     0     0     1     0     0     0     0     0     0     0     0     0     0     0     0     0     0     0       3
"Quercus_borealis"                   0    32     0     0     0     0     0     0     0     0     0     0     0     0     0     0     9     0     0     0     0     0     0     0    12     0     0     0     0     0     0     0     0     0     0     0     0       3
"Betula_papyrifera"                  0     0     0     0     0     0     0     0     0     0     0     0     0     0     0     0    28     0     0     0     0     0     0    29     0     0    11     0     0     0     0     0     0     0     0     0     0       3
"Quercus_falcata"                    6     0     0     0     0     0     9     0    40     0     0     0     0     0     0     0     0     0     0     0     0     0     0     0     0     0     0     0     0     0     0     0     0     0     0     0     0       3
"Quercus_macrocarpa"                 0     0     0     0     0     0     0     0     0     0     0     0     0     0     0     0     6     0     0     0     0     0     0    10     0     0  5674     0     0     0     0     0     0     0     0     0     0       3
"Morus_rubra"                        0     0     0     0     0     0     0     0     0     0     0     0     0     1     0     0     0     5     0     0     0     0     0     0     0     0     0     0     0     0     0     0     0     0     0     0     0       2
"Fraxius_americana"                  0     0     0     0     0     0     0     0     0     0     0     0     0     0     0     0     0     0     0     0     0     5     0     0     0     0     0     0     6     0     0     0     0     0     0     0     0       2
"Quercus_imbricaria"                 0     0     0     0     0     0     0     0     0     0     0     0     0     0     0     0     0     7     0    22     0     0     0     0     0     0     0     0     0     0     0     0     0     0     0     0     0       2
"Ostrya_viginiana"                   0     0     0     0     0     0     0     0     0     0     0     0     0     0     0     0     0     0     0     0     0    13     0     0     0     2     0     0     0     0     0     0     0     0     0     0     0       2
"Halesia_carolina"                   0     0     0    25     0     0     0     0     0     0     0     0     0     0     0     0     0     0     0     0     0     0     0     0     0     0     0     0     0     0     6     0     0     0     0     0     0       2
"Carya_texana"                       0     0     0     0     0     0     0     0    10     0     0     0     0     0     0     0     0     0     0    45     0     0     0     0     0     0     0     0     0     0     0     0     0     0     0     0     0       2
"Quercus_nigra"                      0     0     0     0     0     0     0     0     0     0     0     0    16     2     0     0     0     0     0     0     0     0     0     0     0     0     0     0     0     0     0     0     0     0     0     0     0       2
"Ilex_opaca"                         3     0     0     0     0     0     0     0     0     0     0     0    11     0     0     0     0     0     0     0     0     0     0     0     0     0     0     0     0     0     0     0     0     0     0     0     0       2
"Carya_alba"                         0     0    11     0     0     0     0     0     2     0     0     0     0     0     0     0     0     0     0     0     0     0     0     0     0     0     0     0     0     0     0     0     0     0     0     0     0       2
"Pinus_palustris"                    0     0     0     0     0     0     0     0    77     0     0     0     0     0     0     0     0     0     0     0     0     0     0     0     0     0     0     0     0     0     0     0     0     0     0   389     0       2
"Pinus_resinosa"                     0     0     0     0     0     0     0     0     0     0     0   106     0     0     0     0     0     0     0     0     0     0   218     0     0     0     0     0     0     0     0     0     0     0     0     0     0       2
"Pinus_rigida"                       0     0     0     0     0     0     0     0     0     0     0     6     0     0     0     0     0     0     0     0     0     0     2     0     0     0     0     0     0     0     0     0     0     0     0     0     0       2
"Juniperus_virginia"                 9     0     0     0     0     0     0     0     0     0     0     0     0     3     0     0     0     0     0     0     0     0     0     0     0     0     0     0     0     0     0     0     0     0     0     0     0       2
"Castanea_dentata"                   0     0     0    83     0     0     0     0     0     0     0     0     0     0     0     0     0     0     1     0     0     0     0     0     0     0     0     0     0     0     0     0     0     0     0     0     0       2
"Taxodium_distichum"                 0     0     0     0     0     0     0     0     0     0     0     0     0     0     0     0     0     0     0     0     0     0     0     0     0     0     0     0     0     0     0    14     0     0     0     0     6       2
"Tila_americana"                     0     0     0     0     0     0     0     0     0     0     0     0     0     0     0     0     0     0     0     0     0     4     0     0     0     1     0     0     0     0     0     0     0     0     0     0     0       2
"Populus_tremuloide"                 0     0     0     0     0     0     0     0     0     0     0     0     0     0     0     0    22     0     0     0     0     0     0     0     0     0   671     0     0     0     0     0     0     0     0     0     0       2
"Prunus_pensylvanic"                 0     0     0     0     0     0     0     0     0     0    47     1     0     0     0     0     0     0     0     0     0     0     0     0     0     0     0     0     0     0     0     0     0     0     0     0     0       2
"Aesculus_flava"                     0     0     0     0     1     0     0     0     0     0     0     0     0     0     0     0     0     0     0     0     0     0     0     0     0     0     0     0     0     4     0     0     0     0     0     0     0       2
"Acer_rubum"                         0     0     0     0     0     0     0     0     0     0     0     0     0     0     0     0     0     0     0     0     0     0     0     0     0     0     0     0    23     0     0     0     0     8     0     0     0       2
"Ulmus_fulva"                        0     0     0     0     0     0     0     0     0     0     0     0     0     0     0     0     0     0     0     0     0     0     0     4    96     0     0     0     0     0     0     0     0     0     0     0     0       2
"Asimina_triloba"                    2     0     4     0     0     0     0     0     0     0     0     0     0     0     0     0     0     0     0     0     0     0     0     0     0     0     0     0     0     0     0     0     0     0     0     0     0       2
"Oxydendron_arboreu"                 0     0     0     0     0     0     0     0     0     0     0     0     0     0     7     0     0     0     0     0     0     0     0     0     0     0     0     0     0     0     0     0     0     0     0     0     0       1
"Oxydendrum_aboreum"                 0     0     0     0    25     0     0     0     0     0     0     0     0     0     0     0     0     0     0     0     0     0     0     0     0     0     0     0     0     0     0     0     0     0     0     0     0       1
"Acer_pennsylvanica"                 0     0     0     0     0     0     0    24     0     0     0     0     0     0     0     0     0     0     0     0     0     0     0     0     0     0     0     0     0     0     0     0     0     0     0     0     0       1
"Persea_borbonia"                    0     0     0     0     0     0     0     0     0     0     0     0     8     0     0     0     0     0     0     0     0     0     0     0     0     0     0     0     0     0     0     0     0     0     0     0     0       1
"Picea_glauca"                       0     0     0     0     0     0     0     0     0     0     0     0     0     0     0     0     3     0     0     0     0     0     0     0     0     0     0     0     0     0     0     0     0     0     0     0     0       1
"Fraxinus_lanceolat"                 0     0     0     0     0     0     0     0     0     0     0     0     0     0     0     0     0     1     0     0     0     0     0     0     0     0     0     0     0     0     0     0     0     0     0     0     0       1
"Pinus_clausa"                       0     0     0     0     0     0     0     0     0     0     0     0     0     0     0     0     0     0     0     0     0     0     0     0     0     0     0     0     0     0     0     0    18     0     0     0     0       1
"Carya_pallida"                      0     0    11     0     0     0     0     0     0     0     0     0     0     0     0     0     0     0     0     0     0     0     0     0     0     0     0     0     0     0     0     0     0     0     0     0     0       1
"Pinus_elliottii"                    0     0     0     0     0     0     0     0    16     0     0     0     0     0     0     0     0     0     0     0     0     0     0     0     0     0     0     0     0     0     0     0     0     0     0     0     0       1
"Amelanchier_laevis"                 0     0     0     0     0     0     0     0     0    13     0     0     0     0     0     0     0     0     0     0     0     0     0     0     0     0     0     0     0     0     0     0     0     0     0     0     0       1
"Pinus_pungens"                      0     0     0     0     0     0     0     0     0     0     0     5     0     0     0     0     0     0     0     0     0     0     0     0     0     0     0     0     0     0     0     0     0     0     0     0     0       1
"Abies_fraseri"                      0     0     0     0     0     0     0     0     0     0     0     0     0     0     0     0     0     0     0     0     0     0     0     0     0     0     0     0     0     0     0     0     0     0  1113     0     0       1
"Fraxonum_americana"                 0     0     0     0     0     0     0     0     0     0     1     0     0     0     0     0     0     0     0     0     0     0     0     0     0     0     0     0     0     0     0     0     0     0     0     0     0       1
"Gleditsia_triacant"                 0     0     0     0     0     0     0     0     0     0     0     0     0     2     0     0     0     0     0     0     0     0     0     0     0     0     0     0     0     0     0     0     0     0     0     0     0       1
"Acer_saccharinum"                   0     0     0     0     0     0     0     0     0     0     0     0     0    21     0     0     0     0     0     0     0     0     0     0     0     0     0     0     0     0     0     0     0     0     0     0     0       1
"Pinus_virginiana"                   0     0     0     0     0     0     0     0     0     0     0    10     0     0     0     0     0     0     0     0     0     0     0     0     0     0     0     0     0     0     0     0     0     0     0     0     0       1
"Platanus_occidenta"                 0     1     0     0     0     0     0     0     0     0     0     0     0     0     0     0     0     0     0     0     0     0     0     0     0     0     0     0     0     0     0     0     0     0     0     0     0       1
"Populus_balsamifer"                 0     0     0     0     0     0     0     0     0     0     0     0     0     0     0     0     0     0     0     0     0     0     0    19     0     0     0     0     0     0     0     0     0     0     0     0     0       1
"Populus_deltoides"                  0     0     0     0     0     0     0     0     0     0     0     0     0    43     0     0     0     0     0     0     0     0     0     0     0     0     0     0     0     0     0     0     0     0     0     0     0       1
"Populus_grandident"                 0     0     0     0     0     0     0     0     0     0     0     0     0     0     0     0     0     0     0     0     0     0     0     0     0     0     0     0     1     0     0     0     0     0     0     0     0       1
"Castanea_pumila"                    0     0     0     3     0     0     0     0     0     0     0     0     0     0     0     0     0     0     0     0     0     0     0     0     0     0     0     0     0     0     0     0     0     0     0     0     0       1
"Hammamelis_virgini"                 0     0     0    17     0     0     0     0     0     0     0     0     0     0     0     0     0     0     0     0     0     0     0     0     0     0     0     0     0     0     0     0     0     0     0     0     0       1
"Ilex_ambigua"                       0     0     0     0     0     0     0     0     0     0     1     0     0     0     0     0     0     0     0     0     0     0     0     0     0     0     0     0     0     0     0     0     0     0     0     0     0       1
"Pyrus_americana"                    0     0     0     0     0     0     0     0     0    19     0     0     0     0     0     0     0     0     0     0     0     0     0     0     0     0     0     0     0     0     0     0     0     0     0     0     0       1
"Ilex_decidua"                       0     0     0     0     0     0     0     0     0     0     0     0     0     2     0     0     0     0     0     0     0     0     0     0     0     0     0     0     0     0     0     0     0     0     0     0     0       1
"Ilex_montana"                       0     0     0     0     0     0     0     0     0     2     0     0     0     0     0     0     0     0     0     0     0     0     0     0     0     0     0     0     0     0     0     0     0     0     0     0     0       1
"Quercus_chapmanii"                  0     0     0     0     0     0     0     0     0     0     0     0     0     0     0     0     0     0     0     0     0     0     0     0     0     0     0     0     0     0     0     0    31     0     0     0     0       1
"Ilex_monticola"                     0     0     0     5     0     0     0     0     0     0     0     0     0     0     0     0     0     0     0     0     0     0     0     0     0     0     0     0     0     0     0     0     0     0     0     0     0       1
"Quercus_ellipsoida"                 0     0     0     0     0     0     0     0     0     0     0     0     0     0     0     0     0     0     0     0     0     0     0     0     0     0  4189     0     0     0     0     0     0     0     0     0     0       1
"Aesculus_octandra"                  0     2     0     0     0     0     0     0     0     0     0     0     0     0     0     0     0     0     0     0     0     0     0     0     0     0     0     0     0     0     0     0     0     0     0     0     0       1
"Quercus_geminata"                   0     0     0     0     0     0     0     0     0     0     0     0     0     0     0     0     0     0     0     0     0     0     0     0     0     0     0     0     0     0     0     0   132     0     0     0     0       1
"Quercus_ilicifolia"                 0     0     0     0     0     0     0     0     0     0     0     2     0     0     0     0     0     0     0     0     0     0     0     0     0     0     0     0     0     0     0     0     0     0     0     0     0       1
"Illex_opaca"                        0     0     0     0     0     0     0     0     1     0     0     0     0     0     0     0     0     0     0     0     0     0     0     0     0     0     0     0     0     0     0     0     0     0     0     0     0       1
"Quercus_incana"                     0     0     0     0     0     0     0     0     1     0     0     0     0     0     0     0     0     0     0     0     0     0     0     0     0     0     0     0     0     0     0     0     0     0     0     0     0       1
"Quercus_laevis"                     0     0     0     0     0     0     0     0     0     0     0     0     0     0     0     0     0     0     0     0     0     0     0     0     0     0     0     0     0     0     0     0   227     0     0     0     0       1
"Carya_cordijormis"                  0     0     0     0     0     0     0     0     0     0     0     0     0     0     0     0     0     0     0     0     0     0     0     0    26     0     0     0     0     0     0     0     0     0     0     0     0       1
"Carya_floridana"                    0     0     0     0     0     0     0     0     0     0     0     0     0     0     0     0     0     0     0     0     0     0     0     0     0     0     0     0     0     0     0     0   233     0     0     0     0       1
"Kalmia_latifolia"                   0     0     0     8     0     0     0     0     0     0     0     0     0     0     0     0     0     0     0     0     0     0     0     0     0     0     0     0     0     0     0     0     0     0     0     0     0       1
"Quercus_muehlenber"                 7     0     0     0     0     0     0     0     0     0     0     0     0     0     0     0     0     0     0     0     0     0     0     0     0     0     0     0     0     0     0     0     0     0     0     0     0       1
"Quercus_muehlenbur"                 0    19     0     0     0     0     0     0     0     0     0     0     0     0     0     0     0     0     0     0     0     0     0     0     0     0     0     0     0     0     0     0     0     0     0     0     0       1
"Quercus_myrtifolia"                 0     0     0     0     0     0     0     0     0     0     0     0     0     0     0     0     0     0     0     0     0     0     0     0     0     0     0     0     0     0     0     0    24     0     0     0     0       1
"Ligustrum_sinense"                  1     0     0     0     0     0     0     0     0     0     0     0     0     0     0     0     0     0     0     0     0     0     0     0     0     0     0     0     0     0     0     0     0     0     0     0     0       1
"Quercus_palustris"                  0     0     0     0     0     0     0     0     0     0     0     0     0     0     0     0     0     0     0     3     0     0     0     0     0     0     0     0     0     0     0     0     0     0     0     0     0       1
"Ceris_canadensis"                   0    24     0     0     0     0     0     0     0     0     0     0     0     0     0     0     0     0     0     0     0     0     0     0     0     0     0     0     0     0     0     0     0     0     0     0     0       1
"Clethra_acuminata"                  0     0     0     7     0     0     0     0     0     0     0     0     0     0     0     0     0     0     0     0     0     0     0     0     0     0     0     0     0     0     0     0     0     0     0     0     0       1
"Lyonia_ferruginea"                  0     0     0     0     0     0     0     0     0     0     0     0     0     0     0     0     0     0     0     0     0     0     0     0     0     0     0     0     0     0     0     0    15     0     0     0     0       1
"Cornus_alternifoli"                 0     3     0     0     0     0     0     0     0     0     0     0     0     0     0     0     0     0     0     0     0     0     0     0     0     0     0     0     0     0     0     0     0     0     0     0     0       1
"Rhododendron_calen"                 0     0     0    23     0     0     0     0     0     0     0     0     0     0     0     0     0     0     0     0     0     0     0     0     0     0     0     0     0     0     0     0     0     0     0     0     0       1
"Rhododendron_maxim"                 0     0     0    23     0     0     0     0     0     0     0     0     0     0     0     0     0     0     0     0     0     0     0     0     0     0     0     0     0     0     0     0     0     0     0     0     0       1
"Alnus_rugosa"                       0     0     0     0     0     0     0     0     0     0    84     0     0     0     0     0     0     0     0     0     0     0     0     0     0     0     0     0     0     0     0     0     0     0     0     0     0       1
"Salix_nigra"                        0     0     0     0     0     0     0     0     0     0     0     0     0    42     0     0     0     0     0     0     0     0     0     0     0     0     0     0     0     0     0     0     0     0     0     0     0       1
"Magnolia_macrophyl"                10     0     0     0     0     0     0     0     0     0     0     0     0     0     0     0     0     0     0     0     0     0     0     0     0     0     0     0     0     0     0     0     0     0     0     0     0       1
"Magnolia_tripetala"                 0     0     0     0     1     0     0     0     0     0     0     0     0     0     0     0     0     0     0     0     0     0     0     0     0     0     0     0     0     0     0     0     0     0     0     0     0       1
"Symplocos_tinctori"                 0     0     0     0     0     0     0     0     0     0     0     0     1     0     0     0     0     0     0     0     0     0     0     0     0     0     0     0     0     0     0     0     0     0     0     0     0       1
"Magnolia_virginian"                 0     0     0     0     0     0     0     0     0     0     0     0     3     0     0     0     0     0     0     0     0     0     0     0     0     0     0     0     0     0     0     0     0     0     0     0     0       1
"Carya_ovala"                        0     0     0     0     0     0     0     0     0     0     0     0     0     0     0     0     0     0     0     0     0     0     0     0    26     0     0     0     0     0     0     0     0     0     0     0     0       1
"Myrica_cerifera"                    0     0     0     0     0     0     0     0     0     0     0     0     0     0     0     0     0     0     0     0     0     0     0     0     0     0     0     0     0     0     0     1     0     0     0     0     0       1
"Tilia_heterophylla"                 0     0     0     0    21     0     0     0     0     0     0     0     0     0     0     0     0     0     0     0     0     0     0     0     0     0     0     0     0     0     0     0     0     0     0     0     0       1
"Tilia_noglecta"                     0     2     0     0     0     0     0     0     0     0     0     0     0     0     0     0     0     0     0     0     0     0     0     0     0     0     0     0     0     0     0     0     0     0     0     0     0       1
"Nyssa_aquatica"                     0     0     0     0     0     0     0     0     0     0     0     0     0     0     0     0     0     0     0     0     0     0     0     0     0     0     0     0     0     0     0     0     0     0     0     0   145       1
"Tsuga_caroliniana"                  0     0     0     0     0     0     0     0     0     0     0     0     0     0     0     0     0     0     0     0     0     0     0     0     0     0     0   101     0     0     0     0     0     0     0     0     0       1
"Carya_ovalis"                       0     0     0     0     0     0     0     2     0     0     0     0     0     0     0     0     0     0     0     0     0     0     0     0     0     0     0     0     0     0     0     0     0     0     0     0     0       1
"Osmanthus_american"                 0     0     0     0     0     0     0     0     0     0     0     0     4     0     0     0     0     0     0     0     0     0     0     0     0     0     0     0     0     0     0     0     0     0     0     0     0       1
"Fargus_grandifolia"                 0    12     0     0     0     0     0     0     0     0     0     0     0     0     0     0     0     0     0     0     0     0     0     0     0     0     0     0     0     0     0     0     0     0     0     0     0       1
"Frangula_carolinia"                 2     0     0     0     0     0     0     0     0     0     0     0     0     0     0     0     0     0     0     0     0     0     0     0     0     0     0     0     0     0     0     0     0     0     0     0     0       1
"Ulmus_serotina"                     0     0     2     0     0     0     0     0     0     0     0     0     0     0     0     0     0     0     0     0     0     0     0     0     0     0     0     0     0     0     0     0     0     0     0     0     0       1
"Viburnum_rufidulum"                17     0     0     0     0     0     0     0     0     0     0     0     0     0     0     0     0     0     0     0     0     0     0     0     0     0     0     0     0     0     0     0     0     0     0     0     0       1
 
                                    35    34    29    29    28    23    20    20    19    16    16    15    15    15    13    13    13    13    12    11    10    10    10     9     9     9     9     9     9     8     7     7     7     6     5     4     3
 
Last packed randomized matrix: ENAmTrees.txt  No. of Swaps:    54760
 
                                 "X205 "X103 "X203 "X100 "X209 "X205 "X249 "X153 "X171 "X104 "X108 "X109 "X206 "X229 "X200 "X200 "X101 "X205 "X177 "X133 "X205 "X156 "X110 "X165 "X274 "X155 "X100 "X208 "X154 "X202 "X125 "X214       "X112 "X107 "X157 "X179
 
"Acer_rubrum"                       13     1     0     2     0    73    79     0     0    67    24     0     5     0    19     8    22     0     0    24     0    18   116     0    35     0     0    61     8     0    20     0     3    18     0     4    81      22
"Acer_saccharum"                   129    83     0     0   138     0     1  1470     8    20     4   120     0   196   158    15   217   949     4     0   175     0     0   260     0     6     0     0     0     7     0     0     0     0     0     0     0      19
"Nyssa_sylvatica"                   23     4    29     0     0   203     0    16     8    20    27     0     0     0     0     0     0     0     0    17     0     1     0     1     0     0     0     2    65     3     0     1     0     8     0     0     0      16
"Prunus_serotina"                    4     4    10     3     1     7     4   410    19     0     0     0     0     1     0     9     0     0     0     1     0     0     0     0     1     0     2     0     0     0     0     0     0     0     0     0     0      14
"Ostrya_virginiana"                560     1     0     8     0     1     0     3     0     1     0     0     0     0     0     0    54   114     0     4     0     0    39     0     0     0     0     0     0   136     0     1     7     0     0     0     0      13
"Fagus_grandifolia"                  0     8     7     0    43     0   109     0     0    23     0     5     0     0    30     7     0     0     0   232     0     0     0     1   203   105     0     0     0     0     0     0     0    38     0     0     0      13
"Cornus_florida"                    22     0    65     0    43     0     4     0    18     0     1     0    48     0     3    19     6     0     0    21     0     0     0     4     0     0     0     0     0     0     0     0     0     0     0     0     0      12
"Quercus_alba"                       4    52    10    24     0     0     0     0     0     0    10     0    37     0     0     4     0    53   231     0     0     0     0     0     1    40     5     0     0     0     0     0     0     0     0     0     0      12
"Carya_ovata"                       93     0     7     0    12    24     0     0     6     0     1     3     0     0     0     0     0    22    15     0     0     0     0     0     0     0     0    11     0     0     0     0     0    25     0     0     0      11
"Fraxinus_americana"                19     2     0     4     0     0    16     0     0     0     8     0     0     0     0     0     1     0     0     0     0     0     0     0     0     0     8    12     0     0     2    28     0     1     0     0     0      11
"Quercus_rubra"                      2    21     6     9     0     0     0     6     0     0     0   132     0     0     0     6     0    92     0     0     4     0     4     0     0     0     0     0     0     0     0     0     3     0     0     0     0      11
"Quercus_velutina"                   0     2   162     8     0     8     6     0     0     0     5    11     0     0    10     0     0     0    12     0     0     6     0     5     0     0     0     0     0     0     0     0     0     0     0     0     0      11
"Liriodendron_tulip"                 0    37     0    10     2    13     0     0     2     0     0     0    28     0     0     8     6    43     0     0     0     0     0     0     0     0     0     9     0     0     0     0     0     0     0     0     0      10
"Tilia_americana"                    3     0     0     9     0     1     0     0     0     0     0     0     3     0   114    92    68     3     0     0    67     0     0     0     0     0     0     0     0    50     0     0     0     0     0     0     0      10
"Tsuga_canadensis"                   0    17     0     0     0     5    26     0    25   150     0   170     0     0     0     3    46     0     0     0     0     0     0     0     0     0     0     0     2     0     0     0     1     0     0     0     0      10
"Carya_tomentosa"                    0     0     0     5    18    14     0    17     7    21     0     0     0     0     0     0     0     0     0     9     8     0     0     0     0     0     0     0     0     0    17     0     0     0     0     0     0       9
"Carya_glabra"                       2     2     0     0     5     0    45     0     0    30    17     0     0     0     2    11     0     0     0     0     0     0     0     0     0     0     0     0     0     0     0     0     0     0    13     0     0       9
"Fraxinus_pennsylva"                 0     1     1    21     3     0     6     2     0     0     0     3    12     2     0     0     0     0     0     0     0     0     0     0     0     0     0     0     0     0     0     0     0     0     0     0     0       9
"Betula_lenta"                       0    26    25     1     0     0     8     0     0     0    27     0    39     0     0     0     0     0     9    55     0     0     0     0     0     0     0     0     0     0     0     0     0     0     0     0     0       8
"Sassafras_albidum"                130     0     2     3     0     0     2     0     0     0     0     0     0    15     0     0    67     0     0     0     0     0     0     0     0     0     0    15     0     0     0     0     0     0     0     0     3       8
"Oxydendrum_arboreu"                 0     0     0     0    64     0     0     0     0     3    12     0     0    18     0     0     0     1     0     0     0     0    18     0     0     0     4     0     0     0     0     0     0     0     0     0     0       7
"Acer_pensylvanicum"                28     0     8     0     0     0     0     0     0     0     0     0     4     0    12     0     0     0     0     0     0     0    14     0     0     0     0    14     0     0     0     0    10     0     0     0     0       7
"Ulmus_americana"                    0     0     0     0     6     3     0     0     0     0     0     2     0    26     0     0     0     1     0     0     9    56     0     0     0     0     0     0     0     0     0     0     0     0     0     0     0       7
"Ulmus_rubra"                       15     0     0     0     0     0     1     0     0     1     0     7     6     0     8     0     0     0     0     0    16     0     0     0     0     0     0     0     0     0     0     0     0     0     0     0     0       7
"Amelanchier_arbore"                 0     1     0     0     4    17    42     1     0     0     0     0     0     0     0     0     0     0     0     0     0     0     0     0     0     0     0     0     0     0     0     3     0     0     0     0     0       6
"Carya_cordiformis"                  0     3     0     0     0     0     0     0     0     0     0     1     0     0     3     0     0     0     0     0     2     0     0     0     0     0     0     0     1     0     0     0     0     1     0     0     0       6
"Betula_alleghanien"                 0    13     0     0    34    61     0     0    29     0     0     0     0     0     0     0    17     0     0     0     0     0     0     0     0    19     0     0     0     0     0     0     0     0     0     0     0       6
"Quercus_stellata"                   0     0    13    60     0     1     0     0     0   473     0     0     0     0     0     0     0     0    78     0     0     0     0     0     1     0     0     0     0     0     0     0     0     0     0     0     0       6
"Liquidambar_styrac"                18     2     0    19     0     3     0     3     0     0     0     0     0     0     0     0     0     0    13     0     0     0     0     0     0     0     0     0     0     0     0     0     0     0     0     0     0       6
"Magnolia_acuminata"                20     0     0    28     4     0     0     0     0     0     0     0     0     0     0     9     0     0     0     0     0     0     0     0     0     0     0     0     0     2     0     0     0     0     0     0     0       5
"Robinia_pseudoacac"                 9     2     0    20     0     0     0     0     0     0     0     0     0     0     0     0     0     0     0     0     0     1     0     0     0     0     0     0     0     0     6     0     0     0     0     0     0       5
"Diospyros_virginia"                18     0     2     0     0     0     0     0     0     0     0     0     0     0     0     0     0     0     0     1     0     0     0     0     0     0     7     0     0     0     0     0     0     0     0     4     0       5
"Quercus_coccinea"                   0     2     0    11     0     0     0    16     0     0     0     0     0     0     0     0     0     0     0     0     0     1     0     0     0     0     0     0     0    19     0     0     0     0     0     0     0       5
"Quercus_prinus"                     0     0     0    10    33     0     0     0     0     0     0   194     0     7     0     0     0     0     0     0     0     0    87     0     0     0     0     0     0     0     0     0     0     0     0     0     0       5
"Picea_rubens"                       0     0   286     0     0     0    17     0     0     0     0     0     0     0     0     0     0     0   245     0     0     0     4     0     0   164     0     0     0     0     0     0     0     0     0     0     0       5
"Pinus_taeda"                        6     4     0     2     0    52     0     0     0     0     0     0     0     0     0     0     0     0     0     0     0     0     0     0     1     0     0     0     0     0     0     0     0     0     0     0     0       5
"Juglans_nigra"                      1     0     0     0     5     0     0     0     0     0     0     0     3     0     0     0     0     0     8     0     0     0     0     0     0     0     0     0     0     0     0     0     0     0     0     0     0       4
"Pinus_strobus"                      0     0     4     0     0     0     0     2    11     0     0     0     0     0     0     0     0     0     0     0     0     0     0     0     0     0     0     0     0     0     0    18     0     0     0     0     0       4
"Betula_lutea"                       0     0     0     0     0     0   169     0     0    32     0     0   179     0     0     0     0     3     0     0     0     0     0     0     0     0     0     0     0     0     0     0     0     0     0     0     0       4
"Betula_nigra"                       0     0     0     0     0     0     0    13     0     0     0     0     0     1     0     0     0     0     0     0     1     0     0     0     0     0     0     0     0     0     0     0     0     0     1     0     0       4
"Acer_spicatum"                      0     2     0     0    33     0     2     0     0     0     1     0     0     0     0     0     0     0     0     0     0     0     0     0     0     0     0     0     0     0     0     0     0     0     0     0     0       4
"Celtis_occidentali"                 0     3     0     3     6     0     0     0     0     2     0     0     0     0     0     0     0     0     0     0     0     0     0     0     0     0     0     0     0     0     0     0     0     0     0     0     0       4
"Ulmus_alata"                        0     0     0     0     1     0     0     0     0     0     0     0    30     0     0     0     0     0     0     0     0     0     0     0     0     0     0     6     3     0     0     0     0     0     0     0     0       4
"Cercis_canadensis"                  0     0     2     0     1     0     0     0     0     0     6     0     0     0     0     0    15     0     0     0     0     0     0     0     0     0     0     0     0     0     0     0     0     0     0     0     0       4
"Hamamelis_virginia"                 0     0     0   187     0     0     0     0     0     0     0     4     0     0     0     0     0     2     2     0     0     0     0     0     0     0     0     0     0     0     0     0     0     0     0     0     0       4
"Quercus_marilandic"                 0     0     0     0     0     0     0     0    33     0    50    64     0     0     0     0     0     0     0     0     0     0     0     0     0     0     0     0     0     0     0     0     0     0     0     0     0       3
"Quercus_montana"                    0     7     0     0     0     0     0     0     0     0     0     0     0    25     0     0     0     0     0     0     0     0     0     0     0     0     0     0     0     0     0     0    18     0     0     0     0       3
"Carpinus_carolinia"                 0     0     0    13     0     0     0     0     0     0    14     0     0     0     0     0     0     0     0     0     0     0     0     0     3     0     0     0     0     0     0     0     0     0     0     0     0       3
"Celtis_laevigata"                   1     0     0     1     0     0     0     0     0     0     0     0     0     0     0     0     0     0    38     0     0     0     0     0     0     0     0     0     0     0     0     0     0     0     0     0     0       3
"Pinus_echinata"                     7     0     0     0     0    24     0     0     0     0     0     0     0     0     0     0     0    13     0     0     0     0     0     0     0     0     0     0     0     0     0     0     0     0     0     0     0       3
"Acer_negundo"                       0     0     0     0     0     0     0     0     0     0     0     0     0     0     0     0     0     0     0     0     0     2     0     0     7     0     0     0     0     4     0     0     0     0     0     0     0       3
"Fraxinus_nigra"                     4     0     4     0     0     0     0     0     0     0     0     0     0     0     0     0     0     0     0     0     0     0     0     0     0     0     0     0     4     0     0     0     0     0     0     0     0       3
"Magnolia_fraseri"                   0     0     4     0     0     0     0     0     0     0     0     0     0     0     0     0     0     0     0     0     0     1     0     0     0     0     0    44     0     0     0     0     0     0     0     0     0       3
"Sorbus_americana"                   0     0     0     0     0     0     0    24     0     0     0     0     0     2     0     0     0     0     0     0     0     0     0     0     0    98     0     0     0     0     0     0     0     0     0     0     0       3
"Abies_balsamea"                    54     0     0     0     0     0     0     1     0     0     0     0     0     0     0     0     0     0     0   535     0     0     0     0     0     0     0     0     0     0     0     0     0     0     0     0     0       3
"Quercus_borealis"                   0    32    12     0     0     0     0     9     0     0     0     0     0     0     0     0     0     0     0     0     0     0     0     0     0     0     0     0     0     0     0     0     0     0     0     0     0       3
"Betula_papyrifera"                  0    11     0     0     0     0     0     0     0     0     0     0     0     0     0     0     0     0     0     0     0     0     0     0     0     0     0     0     0     0    28     0     0     0    29     0     0       3
"Quercus_falcata"                    0     6     9     0     0     0     0    40     0     0     0     0     0     0     0     0     0     0     0     0     0     0     0     0     0     0     0     0     0     0     0     0     0     0     0     0     0       3
"Quercus_macrocarpa"                 6     0    10     0     0  5674     0     0     0     0     0     0     0     0     0     0     0     0     0     0     0     0     0     0     0     0     0     0     0     0     0     0     0     0     0     0     0       3
"Morus_rubra"                        0     0     0     0     0     0     0     0     0     0     5     0     0     0     0     0     0     0     0     1     0     0     0     0     0     0     0     0     0     0     0     0     0     0     0     0     0       2
"Fraxius_americana"                  0     0     0     0     0     0     0     0     0     0     0     0     6     0     0     0     0     0     0     0     0     0     0     0     0     0     0     0     0     0     5     0     0     0     0     0     0       2
"Quercus_imbricaria"                 7     0     0     0     0     0     0     0     0     0     0     0     0     0     0     0     0     0     0     0     0    22     0     0     0     0     0     0     0     0     0     0     0     0     0     0     0       2
"Ostrya_viginiana"                   0     0     0     0     0     0     0     0    13     0     0     0     0     0     0     0     0     0     0     0     0     0     0     0     0     0     0     0     2     0     0     0     0     0     0     0     0       2
"Halesia_carolina"                   0     0     0     0     0     0     0     0     6     0     0     0     0    25     0     0     0     0     0     0     0     0     0     0     0     0     0     0     0     0     0     0     0     0     0     0     0       2
"Carya_texana"                      10     0    45     0     0     0     0     0     0     0     0     0     0     0     0     0     0     0     0     0     0     0     0     0     0     0     0     0     0     0     0     0     0     0     0     0     0       2
"Quercus_nigra"                      0     0     0     0     0     0    16     0     0     0     0     0     0     0     0     0     0     0     0     0     0     0     0     0     0     0     0     0     0     0     0     0     0     0     0     2     0       2
"Ilex_opaca"                         0     0     0     0     0     0     0     0     0     0     0     0     0     0     0     0     0     0     0     0     0     0     0     0     0     0     0     0     0     0    11     0     3     0     0     0     0       2
"Carya_alba"                         0     0     0     0     2     0     0     0     0     0     0     0     0     0     0     0     0     0     0     0     0     0     0     0     0    11     0     0     0     0     0     0     0     0     0     0     0       2
"Pinus_palustris"                    0     0     0     0   389     0     0     0     0     0     0     0     0     0     0     0     0     0     0     0     0     0     0     0     0     0    77     0     0     0     0     0     0     0     0     0     0       2
"Pinus_resinosa"                     0     0   106     0     0     0     0     0     0     0     0     0     0     0     0     0     0     0     0     0     0     0   218     0     0     0     0     0     0     0     0     0     0     0     0     0     0       2
"Pinus_rigida"                       0     0     6     0     0     0     0     0     0     0     0     0     0     0     0     0     0     0     0     0     0     2     0     0     0     0     0     0     0     0     0     0     0     0     0     0     0       2
"Juniperus_virginia"                 0     0     0     0     0     0     9     0     0     0     0     0     0     0     3     0     0     0     0     0     0     0     0     0     0     0     0     0     0     0     0     0     0     0     0     0     0       2
"Castanea_dentata"                   0     1    83     0     0     0     0     0     0     0     0     0     0     0     0     0     0     0     0     0     0     0     0     0     0     0     0     0     0     0     0     0     0     0     0     0     0       2
"Taxodium_distichum"                 0     0     0     0     0     0     0     0     0     0     0     0     0     0     0     0     0    14     0     0     6     0     0     0     0     0     0     0     0     0     0     0     0     0     0     0     0       2
"Tila_americana"                     0     0     0     0     0     0     0     0     0     0     0     1     0     0     0     0     0     0     0     0     0     0     0     0     4     0     0     0     0     0     0     0     0     0     0     0     0       2
"Populus_tremuloide"                 0     0    22     0     0     0     0     0     0     0     0     0     0     0     0     0   671     0     0     0     0     0     0     0     0     0     0     0     0     0     0     0     0     0     0     0     0       2
"Prunus_pensylvanic"                 0     0     1     0     0     0     0     0     0     0     0     0     0     0     0     0     0     0     0     0     0     0     0     0     0     0     0     0    47     0     0     0     0     0     0     0     0       2
"Aesculus_flava"                     0     0     0     0     1     0     0     0     0     0     0     0     0     0     0     0     4     0     0     0     0     0     0     0     0     0     0     0     0     0     0     0     0     0     0     0     0       2
"Acer_rubum"                         0     0     0     0    23     8     0     0     0     0     0     0     0     0     0     0     0     0     0     0     0     0     0     0     0     0     0     0     0     0     0     0     0     0     0     0     0       2
"Ulmus_fulva"                        0     0     0     0     0    96     0     0     0     0     0     4     0     0     0     0     0     0     0     0     0     0     0     0     0     0     0     0     0     0     0     0     0     0     0     0     0       2
"Asimina_triloba"                    0     2     0     0     0     0     0     0     0     0     0     0     4     0     0     0     0     0     0     0     0     0     0     0     0     0     0     0     0     0     0     0     0     0     0     0     0       2
"Oxydendron_arboreu"                 7     0     0     0     0     0     0     0     0     0     0     0     0     0     0     0     0     0     0     0     0     0     0     0     0     0     0     0     0     0     0     0     0     0     0     0     0       1
"Oxydendrum_aboreum"                 0     0     0     0     0     0     0     0     0    25     0     0     0     0     0     0     0     0     0     0     0     0     0     0     0     0     0     0     0     0     0     0     0     0     0     0     0       1
"Acer_pennsylvanica"                 0     0     0     0     0     0     0     0     0     0     0     0     0     0     0     0     0     0     0     0     0     0    24     0     0     0     0     0     0     0     0     0     0     0     0     0     0       1
"Persea_borbonia"                    0     0     0     0     8     0     0     0     0     0     0     0     0     0     0     0     0     0     0     0     0     0     0     0     0     0     0     0     0     0     0     0     0     0     0     0     0       1
"Picea_glauca"                       0     0     0     0     0     0     0     0     0     0     0     0     0     0     0     0     0     0     0     0     0     0     0     0     0     0     0     0     3     0     0     0     0     0     0     0     0       1
"Fraxinus_lanceolat"                 0     0     0     0     0     0     0     0     1     0     0     0     0     0     0     0     0     0     0     0     0     0     0     0     0     0     0     0     0     0     0     0     0     0     0     0     0       1
"Pinus_clausa"                       0     0     0     0     0     0     0     0     0     0     0     0     0     0     0     0     0     0     0     0     0     0     0     0     0     0     0     0     0     0     0     0     0     0    18     0     0       1
"Carya_pallida"                      0     0     0     0     0     0     0     0    11     0     0     0     0     0     0     0     0     0     0     0     0     0     0     0     0     0     0     0     0     0     0     0     0     0     0     0     0       1
"Pinus_elliottii"                    0     0     0     0     0     0     0    16     0     0     0     0     0     0     0     0     0     0     0     0     0     0     0     0     0     0     0     0     0     0     0     0     0     0     0     0     0       1
"Amelanchier_laevis"                 0     0     0     0     0     0     0     0     0     0     0     0     0     0     0     0     0     0     0     0     0     0     0     0     0     0     0     0     0     0     0     0     0     0     0    13     0       1
"Pinus_pungens"                      0     0     0     0     0     0     0     0     0     0     0     0     0     0     5     0     0     0     0     0     0     0     0     0     0     0     0     0     0     0     0     0     0     0     0     0     0       1
"Abies_fraseri"                      0     0     0     0     0     0     0     0     0     0     0     0     0     0     0     0     0     0     0     0     0     0     0     0     0     0     0     0     0     0     0  1113     0     0     0     0     0       1
"Fraxonum_americana"                 1     0     0     0     0     0     0     0     0     0     0     0     0     0     0     0     0     0     0     0     0     0     0     0     0     0     0     0     0     0     0     0     0     0     0     0     0       1
"Gleditsia_triacant"                 0     0     0     0     0     0     0     0     0     0     0     0     0     0     0     0     0     0     0     0     0     0     0     0     0     0     0     0     0     2     0     0     0     0     0     0     0       1
"Acer_saccharinum"                   0     0     0     0     0     0    21     0     0     0     0     0     0     0     0     0     0     0     0     0     0     0     0     0     0     0     0     0     0     0     0     0     0     0     0     0     0       1
"Pinus_virginiana"                   0     0     0    10     0     0     0     0     0     0     0     0     0     0     0     0     0     0     0     0     0     0     0     0     0     0     0     0     0     0     0     0     0     0     0     0     0       1
"Platanus_occidenta"                 0     0     0     0     0     0     0     0     0     0     0     0     0     1     0     0     0     0     0     0     0     0     0     0     0     0     0     0     0     0     0     0     0     0     0     0     0       1
"Populus_balsamifer"                 0     0     0     0     0     0     0     0     0     0     0     0     0     0    19     0     0     0     0     0     0     0     0     0     0     0     0     0     0     0     0     0     0     0     0     0     0       1
"Populus_deltoides"                  0    43     0     0     0     0     0     0     0     0     0     0     0     0     0     0     0     0     0     0     0     0     0     0     0     0     0     0     0     0     0     0     0     0     0     0     0       1
"Populus_grandident"                 0     0     1     0     0     0     0     0     0     0     0     0     0     0     0     0     0     0     0     0     0     0     0     0     0     0     0     0     0     0     0     0     0     0     0     0     0       1
"Castanea_pumila"                    0     0     0     0     0     0     0     0     0     0     0     0     0     0     0     0     0     0     0     0     0     0     0     3     0     0     0     0     0     0     0     0     0     0     0     0     0       1
"Hammamelis_virgini"                 0    17     0     0     0     0     0     0     0     0     0     0     0     0     0     0     0     0     0     0     0     0     0     0     0     0     0     0     0     0     0     0     0     0     0     0     0       1
"Ilex_ambigua"                       0     0     0     1     0     0     0     0     0     0     0     0     0     0     0     0     0     0     0     0     0     0     0     0     0     0     0     0     0     0     0     0     0     0     0     0     0       1
"Pyrus_americana"                    0     0     0     0     0     0     0     0     0     0     0     0     0     0     0     0     0     0     0     0     0     0     0    19     0     0     0     0     0     0     0     0     0     0     0     0     0       1
"Ilex_decidua"                       2     0     0     0     0     0     0     0     0     0     0     0     0     0     0     0     0     0     0     0     0     0     0     0     0     0     0     0     0     0     0     0     0     0     0     0     0       1
"Ilex_montana"                       0     2     0     0     0     0     0     0     0     0     0     0     0     0     0     0     0     0     0     0     0     0     0     0     0     0     0     0     0     0     0     0     0     0     0     0     0       1
"Quercus_chapmanii"                  0     0     0     0     0     0     0    31     0     0     0     0     0     0     0     0     0     0     0     0     0     0     0     0     0     0     0     0     0     0     0     0     0     0     0     0     0       1
"Ilex_monticola"                     0     0     0     0     0     0     0     0     0     0     0     0     0     0     0     0     0     0     0     0     0     0     0     0     0     0     5     0     0     0     0     0     0     0     0     0     0       1
"Quercus_ellipsoida"                 0     0     0     0     0     0     0     0     0     0     0     0     0  4189     0     0     0     0     0     0     0     0     0     0     0     0     0     0     0     0     0     0     0     0     0     0     0       1
"Aesculus_octandra"                  0     0     0     0     0     0     0     0     0     0     0     0     2     0     0     0     0     0     0     0     0     0     0     0     0     0     0     0     0     0     0     0     0     0     0     0     0       1
"Quercus_geminata"                   0     0     0     0     0   132     0     0     0     0     0     0     0     0     0     0     0     0     0     0     0     0     0     0     0     0     0     0     0     0     0     0     0     0     0     0     0       1
"Quercus_ilicifolia"                 0     0     0     0     0     0     0     0     0     0     0     0     0     0     0     0     0     0     0     0     0     0     0     2     0     0     0     0     0     0     0     0     0     0     0     0     0       1
"Illex_opaca"                        0     0     0     1     0     0     0     0     0     0     0     0     0     0     0     0     0     0     0     0     0     0     0     0     0     0     0     0     0     0     0     0     0     0     0     0     0       1
"Quercus_incana"                     0     0     0     0     0     0     0     0     0     0     0     0     0     0     0     0     0     0     0     0     0     0     0     0     0     0     0     0     0     0     0     0     0     0     0     0     1       1
"Quercus_laevis"                     0     0     0     0     0     0     0     0     0     0     0     0     0     0     0     0     0     0   227     0     0     0     0     0     0     0     0     0     0     0     0     0     0     0     0     0     0       1
"Carya_cordijormis"                  0     0     0    26     0     0     0     0     0     0     0     0     0     0     0     0     0     0     0     0     0     0     0     0     0     0     0     0     0     0     0     0     0     0     0     0     0       1
"Carya_floridana"                    0     0     0     0     0     0     0     0     0     0     0     0     0     0     0     0     0     0     0     0     0     0     0     0     0   233     0     0     0     0     0     0     0     0     0     0     0       1
"Kalmia_latifolia"                   0     0     0     0     0     0     0     0     0     0     0     0     0     0     0     0     0     0     0     0     0     0     0     8     0     0     0     0     0     0     0     0     0     0     0     0     0       1
"Quercus_muehlenber"                 0     0     0     0     7     0     0     0     0     0     0     0     0     0     0     0     0     0     0     0     0     0     0     0     0     0     0     0     0     0     0     0     0     0     0     0     0       1
"Quercus_muehlenbur"                 0     0     0     0     0     0     0     0     0     0     0     0     0     0     0     0     0     0     0     0     0     0     0     0     0    19     0     0     0     0     0     0     0     0     0     0     0       1
"Quercus_myrtifolia"                 0     0     0     0     0     0     0     0     0     0     0     0     0     0     0     0     0     0     0     0     0     0     0     0     0     0    24     0     0     0     0     0     0     0     0     0     0       1
"Ligustrum_sinense"                  0     0     0     0     0     0     0     0     0     0     0     0     0     0     0     0     0     0     0     0     1     0     0     0     0     0     0     0     0     0     0     0     0     0     0     0     0       1
"Quercus_palustris"                  0     0     0     0     0     0     0     0     0     3     0     0     0     0     0     0     0     0     0     0     0     0     0     0     0     0     0     0     0     0     0     0     0     0     0     0     0       1
"Ceris_canadensis"                  24     0     0     0     0     0     0     0     0     0     0     0     0     0     0     0     0     0     0     0     0     0     0     0     0     0     0     0     0     0     0     0     0     0     0     0     0       1
"Clethra_acuminata"                  0     0     0     0     0     0     0     0     7     0     0     0     0     0     0     0     0     0     0     0     0     0     0     0     0     0     0     0     0     0     0     0     0     0     0     0     0       1
"Lyonia_ferruginea"                  0     0     0     0     0     0     0     0     0     0     0     0     0     0     0    15     0     0     0     0     0     0     0     0     0     0     0     0     0     0     0     0     0     0     0     0     0       1
"Cornus_alternifoli"                 0     0     0     0     3     0     0     0     0     0     0     0     0     0     0     0     0     0     0     0     0     0     0     0     0     0     0     0     0     0     0     0     0     0     0     0     0       1
"Rhododendron_calen"                 0     0     0     0     0     0     0     0     0     0     0     0     0     0     0     0     0     0     0     0     0     0    23     0     0     0     0     0     0     0     0     0     0     0     0     0     0       1
"Rhododendron_maxim"                 0     0     0     0     0     0     0    23     0     0     0     0     0     0     0     0     0     0     0     0     0     0     0     0     0     0     0     0     0     0     0     0     0     0     0     0     0       1
"Alnus_rugosa"                      84     0     0     0     0     0     0     0     0     0     0     0     0     0     0     0     0     0     0     0     0     0     0     0     0     0     0     0     0     0     0     0     0     0     0     0     0       1
"Salix_nigra"                        0     0     0     0     0     0     0     0     0     0     0     0     0    42     0     0     0     0     0     0     0     0     0     0     0     0     0     0     0     0     0     0     0     0     0     0     0       1
"Magnolia_macrophyl"                 0    10     0     0     0     0     0     0     0     0     0     0     0     0     0     0     0     0     0     0     0     0     0     0     0     0     0     0     0     0     0     0     0     0     0     0     0       1
"Magnolia_tripetala"                 0     0     0     0     0     0     0     0     0     0     0     0     0     1     0     0     0     0     0     0     0     0     0     0     0     0     0     0     0     0     0     0     0     0     0     0     0       1
"Symplocos_tinctori"                 1     0     0     0     0     0     0     0     0     0     0     0     0     0     0     0     0     0     0     0     0     0     0     0     0     0     0     0     0     0     0     0     0     0     0     0     0       1
"Magnolia_virginian"                 0     0     0     0     0     0     0     0     3     0     0     0     0     0     0     0     0     0     0     0     0     0     0     0     0     0     0     0     0     0     0     0     0     0     0     0     0       1
"Carya_ovala"                        0     0     0     0     0     0     0     0    26     0     0     0     0     0     0     0     0     0     0     0     0     0     0     0     0     0     0     0     0     0     0     0     0     0     0     0     0       1
"Myrica_cerifera"                    0     0     0     0     0     0     0     0     1     0     0     0     0     0     0     0     0     0     0     0     0     0     0     0     0     0     0     0     0     0     0     0     0     0     0     0     0       1
"Tilia_heterophylla"                 0     0     0     0     0     0     0    21     0     0     0     0     0     0     0     0     0     0     0     0     0     0     0     0     0     0     0     0     0     0     0     0     0     0     0     0     0       1
"Tilia_noglecta"                     0     0     0     0     0     0     0     0     0     2     0     0     0     0     0     0     0     0     0     0     0     0     0     0     0     0     0     0     0     0     0     0     0     0     0     0     0       1
"Nyssa_aquatica"                     0     0     0     0     0   145     0     0     0     0     0     0     0     0     0     0     0     0     0     0     0     0     0     0     0     0     0     0     0     0     0     0     0     0     0     0     0       1
"Tsuga_caroliniana"                  0     0     0     0     0     0     0     0     0     0     0     0     0     0     0     0     0     0     0     0     0     0     0     0     0     0     0     0     0     0     0     0     0     0   101     0     0       1
"Carya_ovalis"                       0     0     0     0     0     0     0     0     0     0     0     0     0     0     0     0     0     0     0     0     0     0     0     0     0     0     2     0     0     0     0     0     0     0     0     0     0       1
"Osmanthus_american"                 0     0     0     4     0     0     0     0     0     0     0     0     0     0     0     0     0     0     0     0     0     0     0     0     0     0     0     0     0     0     0     0     0     0     0     0     0       1
"Fargus_grandifolia"                 0     0     0     0     0    12     0     0     0     0     0     0     0     0     0     0     0     0     0     0     0     0     0     0     0     0     0     0     0     0     0     0     0     0     0     0     0       1
"Frangula_carolinia"                 0     0     0     0     2     0     0     0     0     0     0     0     0     0     0     0     0     0     0     0     0     0     0     0     0     0     0     0     0     0     0     0     0     0     0     0     0       1
"Ulmus_serotina"                     2     0     0     0     0     0     0     0     0     0     0     0     0     0     0     0     0     0     0     0     0     0     0     0     0     0     0     0     0     0     0     0     0     0     0     0     0       1
"Viburnum_rufidulum"                 0     0     0     0     0     0     0     0     0     0     0     0     0     0     0     0     0     0     0     0     0     0     0     0     0     0     0     0     0     0     0    17     0     0     0     0     0       1
 
                                    35    34    29    29    28    23    20    20    19    16    16    15    15    15    13    13    13    13    12    11    10    10    10     9     9     9     9     9     9     8     7     7     7     6     5     4     3
