<  File:  ENAmTrees.txt  Species:  148 Sites:   37 MatFill: 0.09 Occ:    520 *****% Confidence limit  Index: c Model: fixed - fixed                      
 
#    No             Sp1                Sp2     S1  S2 Com  Obs.Score  Exp.Score  Exp.StDev   Skewness    LowerCL    UpperCL SigZ-Score      Alpha >MeanScore   >CLScore   >BJScore      Alpha
#    12 "Acer_rubrum"      "Liriodendron_tuli  22  10   9      0.059      0.248      0.112      0.525      0.127      0.491      -1.69 0.09155363       0.00       0.00       0.00 1.00000000
#   150 "Acer_saccharum"   "Ostrya_virginiana  19  13  13      0.000      0.256      0.094      0.447      0.109      0.453      -2.71 0.00664961       0.00       0.00      -1.84 0.06564303
#   151 "Acer_saccharum"   "Fagus_grandifolia  19  13  12      0.028      0.257      0.104      0.722      0.109      0.453      -2.20 0.02770162      -2.20       0.00       0.00 1.00000000
#   155 "Acer_saccharum"   "Fraxinus_american  19  11   9      0.096      0.294      0.116      0.629      0.158      0.502      -1.72 0.08520716       0.00       0.00       0.00 1.00000000
#   172 "Acer_saccharum"   "Betula_alleghanie  19   6   6      0.000      0.324      0.159      0.697      0.123      0.596      -2.04 0.04146278       0.00       0.00       0.00 1.00000000
#   174 "Acer_saccharum"   "Liquidambar_styra  19   6   1      0.789      0.337      0.180      0.351      0.123      0.596       2.51 0.01184386       0.00       0.00       0.00 1.00000000
#   191 "Acer_saccharum"   "Quercus_marilandi  19   3   0      1.000      0.357      0.261      0.376      0.000      0.632       2.46 0.01349437       2.46       2.46       0.00 1.00000000
#   195 "Acer_saccharum"   "Pinus_echinata"    19   3   0      1.000      0.359      0.245      0.337      0.000      0.632       2.61 0.00881970       2.61       2.61       1.71 0.08706549
#   297 "Nyssa_sylvatica"  "Cornus_florida"    16  12  11      0.026      0.314      0.114      0.325      0.167      0.500      -2.53 0.01121074      -2.53       0.00       0.00 1.00000000
#   298 "Nyssa_sylvatica"  "Quercus_alba"      16  12  10      0.062      0.320      0.120      0.409      0.167      0.500      -2.15 0.03104746       0.00       0.00       0.00 1.00000000
#   302 "Nyssa_sylvatica"  "Quercus_velutina"  16  11   8      0.136      0.359      0.129      0.672      0.205      0.591      -1.72 0.08471817       0.00       0.00       0.00 1.00000000
#   303 "Nyssa_sylvatica"  "Liriodendron_tuli  16  10  10      0.000      0.359      0.135      0.324      0.169      0.569      -2.65 0.00784475       0.00       0.00      -1.76 0.07744104
#   306 "Nyssa_sylvatica"  "Carya_tomentosa"   16   9   7      0.125      0.365      0.144      0.591      0.208      0.681      -1.67 0.09491569       0.00       0.00       0.00 1.00000000
#   307 "Nyssa_sylvatica"  "Carya_glabra"      16   9   7      0.125      0.347      0.122      0.422      0.208      0.542      -1.83 0.06713152       0.00       0.00       0.00 1.00000000
#   310 "Nyssa_sylvatica"  "Sassafras_albidum  16   8   7      0.070      0.353      0.150      0.178      0.156      0.656      -1.88 0.05958217       0.00       0.00       0.00 1.00000000
#   311 "Nyssa_sylvatica"  "Oxydendrum_arbore  16   7   7      0.000      0.393      0.168      0.343      0.196      0.625      -2.34 0.01876843       0.00       0.00       0.00 1.00000000
#   312 "Nyssa_sylvatica"  "Acer_pensylvanicu  16   7   1      0.804      0.393      0.164      0.025      0.089      0.625       2.50 0.01213318       0.00       0.00       0.00 1.00000000
#   314 "Nyssa_sylvatica"  "Ulmus_rubra"       16   7   6      0.089      0.382      0.182      0.970      0.196      0.804      -1.61 0.10803789       0.00       0.00       0.00 1.00000000
#   317 "Nyssa_sylvatica"  "Betula_alleghanie  16   6   0      1.000      0.390      0.184      0.206      0.115      0.781       3.32 0.00086808       3.32       3.32       2.62 0.00856945
#   322 "Nyssa_sylvatica"  "Diospyros_virgini  16   5   5      0.000      0.413      0.200      0.349      0.150      0.750      -2.06 0.03885758       0.00       0.00       0.00 1.00000000
#   323 "Nyssa_sylvatica"  "Quercus_coccinea"  16   5   5      0.000      0.407      0.182      0.439      0.150      0.750      -2.24 0.02491289       0.00       0.00       0.00 1.00000000
#   325 "Nyssa_sylvatica"  "Picea_rubens"      16   5   0      1.000      0.404      0.210      0.485      0.150      0.750       2.84 0.00444639       2.84       2.84       2.01 0.04389343
#   326 "Nyssa_sylvatica"  "Pinus_taeda"       16   5   5      0.000      0.380      0.217      0.479      0.150      0.750      -1.76 0.07880926       0.00       0.00       0.00 1.00000000
#   334 "Nyssa_sylvatica"  "Cercis_canadensis  16   4   4      0.000      0.434      0.234      0.504      0.203      1.000      -1.85 0.06356281       0.00       0.00       0.00 1.00000000
#   335 "Nyssa_sylvatica"  "Hamamelis_virgini  16   4   0      1.000      0.434      0.236      0.286      0.000      0.703       2.39 0.01645875       2.39       2.39       0.00 1.00000000
#   441 "Prunus_serotina"  "Cornus_florida"    14  12   9      0.089      0.353      0.129      0.532      0.143      0.589      -2.04 0.04106528       0.00       0.00       0.00 1.00000000
#   442 "Prunus_serotina"  "Quercus_alba"      14  12   9      0.089      0.340      0.120      1.324      0.208      0.589      -2.09 0.03654915       0.00       0.00       0.00 1.00000000
#   443 "Prunus_serotina"  "Carya_ovata"       14  11   7      0.182      0.399      0.132      0.730      0.260      0.701      -1.64 0.10026407       0.00       0.00       0.00 1.00000000
#   450 "Prunus_serotina"  "Carya_tomentosa"   14   9   7      0.111      0.410      0.152      0.285      0.190      0.667      -1.96 0.04925585       0.00       0.00       0.00 1.00000000
#   464 "Prunus_serotina"  "Magnolia_acuminat  14   5   5      0.000      0.462      0.205      0.043      0.143      0.743      -2.26 0.02370971       0.00       0.00       0.00 1.00000000
#   477 "Prunus_serotina"  "Ulmus_alata"       14   4   4      0.000      0.460      0.223      0.448      0.196      1.000      -2.06 0.03921419       0.00       0.00       0.00 1.00000000
#   586 "Ostrya_virginiana "Carya_ovata"       13  11   7      0.168      0.393      0.126      0.434      0.245      0.692      -1.78 0.07458699       0.00       0.00       0.00 1.00000000
#   591 "Ostrya_virginiana "Tilia_americana"   13  10   7      0.138      0.418      0.152      0.634      0.215      0.677      -1.84 0.06580591       0.00       0.00       0.00 1.00000000
#   603 "Ostrya_virginiana "Carya_cordiformis  13   6   5      0.103      0.494      0.205      0.289      0.231      0.769      -1.91 0.05595464       0.00       0.00       0.00 1.00000000
#   606 "Ostrya_virginiana "Liquidambar_styra  13   6   0      1.000      0.491      0.203      0.194      0.231      0.769       2.50 0.01204818       2.50       2.50       0.00 1.00000000
#   633 "Ostrya_virginiana "Quercus_borealis"  13   3   3      0.000      0.575      0.282      0.077      0.282      1.000      -2.04 0.04086483       0.00       0.00       0.00 1.00000000
#   728 "Fagus_grandifolia "Carya_ovata"       13  11   7      0.168      0.388      0.119      0.236      0.245      0.559      -1.86 0.06267291       0.00       0.00       0.00 1.00000000
#   736 "Fagus_grandifolia "Carya_glabra"      13   9   7      0.103      0.437      0.175      0.619      0.179      0.821      -1.92 0.05505461       0.00       0.00       0.00 1.00000000
#   868 "Cornus_florida"   "Quercus_alba"      12  12  10      0.028      0.371      0.132      0.554      0.174      0.562      -2.60 0.00901765      -2.60      -2.60      -1.70 0.08901957
#   870 "Cornus_florida"   "Fraxinus_american  12  11   7      0.152      0.404      0.155      0.579      0.227      0.682      -1.62 0.10389060       0.00       0.00       0.00 1.00000000
#   872 "Cornus_florida"   "Quercus_velutina"  12  11   8      0.091      0.383      0.124      0.293      0.227      0.545      -2.35 0.01860678       0.00       0.00       0.00 1.00000000
#   873 "Cornus_florida"   "Liriodendron_tuli  12  10   9      0.025      0.420      0.156      0.777      0.200      0.667      -2.53 0.01106912      -2.53      -2.53       0.00 1.00000000
#   876 "Cornus_florida"   "Carya_tomentosa"   12   9   7      0.093      0.462      0.178      0.441      0.259      0.815      -2.08 0.03757674      -2.08       0.00       0.00 1.00000000
#   877 "Cornus_florida"   "Carya_glabra"      12   9   7      0.093      0.442      0.166      0.375      0.167      0.815      -2.11 0.03488350      -2.11       0.00       0.00 1.00000000
#   880 "Cornus_florida"   "Sassafras_albidum  12   8   7      0.052      0.475      0.174      0.339      0.219      0.802      -2.44 0.01464844      -2.44      -2.44       0.00 1.00000000
#   881 "Cornus_florida"   "Oxydendrum_arbore  12   7   7      0.000      0.471      0.164      0.097      0.167      0.786      -2.87 0.00400966       0.00       0.00      -2.05 0.03958223
#   884 "Cornus_florida"   "Ulmus_rubra"       12   7   6      0.071      0.467      0.174     -0.005      0.167      0.786      -2.27 0.02268499      -2.27      -2.27       0.00 1.00000000
#   886 "Cornus_florida"   "Carya_cordiformis  12   6   5      0.097      0.509      0.197      0.212      0.222      0.764      -2.09 0.03642535      -2.09      -2.09       0.00 1.00000000
#   887 "Cornus_florida"   "Betula_alleghanie  12   6   0      1.000      0.509      0.205      0.467      0.222      0.764       2.40 0.01637125       2.40       2.40       0.00 1.00000000
#   891 "Cornus_florida"   "Robinia_pseudoaca  12   5   5      0.000      0.487      0.234      0.298      0.133      1.000      -2.08 0.03691787       0.00       0.00       0.00 1.00000000
#   892 "Cornus_florida"   "Diospyros_virgini  12   5   4      0.133      0.556      0.209      0.275      0.300      1.000      -2.02 0.04254985      -2.02       0.00       0.00 1.00000000
#   893 "Cornus_florida"   "Quercus_coccinea"  12   5   5      0.000      0.484      0.217      0.171      0.133      0.733      -2.23 0.02541113       0.00       0.00       0.00 1.00000000
#   894 "Cornus_florida"   "Quercus_prinus"    12   5   5      0.000      0.518      0.223      0.251      0.133      1.000      -2.33 0.01976961       0.00       0.00       0.00 1.00000000
#   904 "Cornus_florida"   "Cercis_canadensis  12   4   4      0.000      0.553      0.219      0.101      0.188      1.000      -2.53 0.01127678       0.00       0.00       0.00 1.00000000
#   908 "Cornus_florida"   "Carpinus_carolini  12   3   3      0.000      0.544      0.255      0.213      0.278      1.000      -2.14 0.03241104       0.00       0.00       0.00 1.00000000
#  1009 "Quercus_alba"     "Carya_ovata"       12  11   8      0.091      0.423      0.141      0.304      0.227      0.682      -2.35 0.01853782       0.00       0.00       0.00 1.00000000
#  1010 "Quercus_alba"     "Fraxinus_american  12  11   7      0.152      0.411      0.143      0.408      0.227      0.682      -1.81 0.06988335       0.00       0.00       0.00 1.00000000
#  1012 "Quercus_alba"     "Quercus_velutina"  12  11   9      0.045      0.398      0.149      0.586      0.227      0.682      -2.36 0.01785862      -2.36      -2.36       0.00 1.00000000
#  1013 "Quercus_alba"     "Liriodendron_tuli  12  10   9      0.025      0.403      0.134      0.629      0.200      0.667      -2.82 0.00470930      -2.82      -2.82      -1.99 0.04648887
#  1015 "Quercus_alba"     "Tsuga_canadensis"  12  10   1      0.825      0.425      0.154      0.631      0.200      0.667       2.60 0.00916034       0.00       0.00       1.69 0.09042820
#  1016 "Quercus_alba"     "Carya_tomentosa"   12   9   9      0.000      0.446      0.173      0.178      0.167      0.815      -2.59 0.00952077       0.00       0.00      -1.67 0.09398625
#  1017 "Quercus_alba"     "Carya_glabra"      12   9   7      0.093      0.428      0.159      0.461      0.167      0.815      -2.11 0.03459048       0.00       0.00       0.00 1.00000000
#  1020 "Quercus_alba"     "Sassafras_albidum  12   8   7      0.052      0.441      0.172      0.558      0.219      0.802      -2.27 0.02312917      -2.27      -2.27       0.00 1.00000000
#  1021 "Quercus_alba"     "Oxydendrum_arbore  12   7   6      0.071      0.504      0.171      0.255      0.286      0.786      -2.52 0.01141667      -2.52      -2.52       0.00 1.00000000
#  1024 "Quercus_alba"     "Ulmus_rubra"       12   7   6      0.071      0.457      0.195      0.440      0.167      0.786      -1.98 0.04754359      -1.98      -1.98       0.00 1.00000000
#  1027 "Quercus_alba"     "Betula_alleghanie  12   6   0      1.000      0.460      0.181      0.444      0.222      0.764       2.98 0.00277644       2.98       2.98       2.20 0.02740824
#  1028 "Quercus_alba"     "Quercus_stellata"  12   6   6      0.000      0.470      0.183     -0.068      0.097      0.764      -2.57 0.00988412       0.00       0.00      -1.66 0.09757313
#  1033 "Quercus_alba"     "Quercus_coccinea"  12   5   5      0.000      0.520      0.214      0.362      0.300      1.000      -2.43 0.01487643       0.00       0.00       0.00 1.00000000
#  1043 "Quercus_alba"     "Ulmus_alata"       12   4   4      0.000      0.530      0.260     -0.001      0.188      1.000      -2.04 0.04118818       0.00       0.00       0.00 1.00000000
#  1044 "Quercus_alba"     "Cercis_canadensis  12   4   4      0.000      0.482      0.249      0.239      0.188      1.000      -1.94 0.05218744       0.00       0.00       0.00 1.00000000
#  1058 "Quercus_alba"     "Quercus_falcata"   12   3   3      0.000      0.544      0.253      0.092      0.278      1.000      -2.15 0.03093553       0.00       0.00       0.00 1.00000000
#  1150 "Carya_ovata"      "Quercus_rubra"     11  11   6      0.207      0.450      0.146      0.929      0.298      0.669      -1.67 0.09401166       0.00       0.00       0.00 1.00000000
#  1151 "Carya_ovata"      "Quercus_velutina"  11  11   7      0.132      0.407      0.156      0.387      0.207      0.669      -1.76 0.07748938       0.00       0.00       0.00 1.00000000
#  1154 "Carya_ovata"      "Tsuga_canadensis"  11  10   0      1.000      0.448      0.147      0.289      0.273      0.655       3.74 0.00017262       3.74       3.74       3.13 0.00170401
#  1155 "Carya_ovata"      "Carya_tomentosa"   11   9   7      0.081      0.480      0.184      0.521      0.242      0.808      -2.17 0.02979010      -2.17      -2.17       0.00 1.00000000
#  1156 "Carya_ovata"      "Carya_glabra"      11   9   8      0.030      0.479      0.148      0.211      0.242      0.808      -3.02 0.00241065      -3.02      -3.02      -2.26 0.02379723
#  1163 "Carya_ovata"      "Ulmus_rubra"       11   7   7      0.000      0.523      0.178      0.323      0.273      0.779      -2.93 0.00325102       0.00       0.00      -2.14 0.03209308
#  1165 "Carya_ovata"      "Carya_cordiformis  11   6   6      0.000      0.508      0.166     -0.002      0.212      0.758      -3.06 0.00213492       0.00       0.00      -2.30 0.02107530
#  1176 "Carya_ovata"      "Juglans_nigra"     11   4   4      0.000      0.565      0.247      0.094      0.182      1.000      -2.29 0.02185333       0.00       0.00       0.00 1.00000000
#  1181 "Carya_ovata"      "Celtis_occidental  11   4   4      0.000      0.500      0.245      0.409      0.182      1.000      -2.04 0.04117143       0.00       0.00       0.00 1.00000000
#  1182 "Carya_ovata"      "Ulmus_alata"       11   4   4      0.000      0.533      0.237      0.239      0.182      1.000      -2.25 0.02389652       0.00       0.00       0.00 1.00000000
#  1187 "Carya_ovata"      "Carpinus_carolini  11   3   3      0.000      0.569      0.289      0.127      0.273      1.000      -1.97 0.04852623       0.00       0.00       0.00 1.00000000
#  1290 "Fraxinus_american "Liriodendron_tuli  11  10   6      0.182      0.451      0.158      0.323      0.273      0.655      -1.70 0.08824670       0.00       0.00       0.00 1.00000000
#  1294 "Fraxinus_american "Carya_glabra"      11   9   6      0.152      0.454      0.148      0.285      0.242      0.636      -2.04 0.04072285       0.00       0.00       0.00 1.00000000
#  1298 "Fraxinus_american "Oxydendrum_arbore  11   7   5      0.156      0.497      0.171      0.373      0.273      0.779      -1.99 0.04598832       0.00       0.00       0.00 1.00000000
#  1310 "Fraxinus_american "Quercus_coccinea"  11   5   4      0.127      0.555      0.249      0.379      0.291      1.000      -1.72 0.08538651      -1.72       0.00       0.00 1.00000000
#  1311 "Fraxinus_american "Quercus_prinus"    11   5   4      0.127      0.545      0.213      0.281      0.291      1.000      -1.96 0.04943717      -1.96       0.00       0.00 1.00000000
#  1444 "Quercus_rubra"    "Magnolia_acuminat  11   5   4      0.127      0.559      0.201      0.147      0.291      1.000      -2.15 0.03121305      -2.15       0.00       0.00 1.00000000
#  1445 "Quercus_rubra"    "Robinia_pseudoaca  11   5   4      0.127      0.540      0.224      0.194      0.291      1.000      -1.84 0.06538069      -1.84       0.00       0.00 1.00000000
#  1448 "Quercus_rubra"    "Quercus_prinus"    11   5   4      0.127      0.527      0.206      0.169      0.291      1.000      -1.94 0.05247718       0.00       0.00       0.00 1.00000000
#  1566 "Quercus_velutina" "Carya_tomentosa"   11   9   6      0.152      0.457      0.160      0.669      0.242      0.808      -1.91 0.05595922       0.00       0.00       0.00 1.00000000
#  1570 "Quercus_velutina" "Sassafras_albidum  11   8   6      0.114      0.478      0.157      0.160      0.205      0.795      -2.32 0.02030724       0.00       0.00       0.00 1.00000000
#  1577 "Quercus_velutina" "Betula_alleghanie  11   6   0      1.000      0.534      0.196      0.151      0.212      0.758       2.38 0.01725847       2.38       2.38       0.00 1.00000000
#  1581 "Quercus_velutina" "Robinia_pseudoaca  11   5   5      0.000      0.528      0.198      0.182      0.291      0.727      -2.67 0.00743115       0.00       0.00      -1.79 0.07335813
#  1583 "Quercus_velutina" "Quercus_coccinea"  11   5   5      0.000      0.538      0.227      0.337      0.291      1.000      -2.37 0.01749963       0.00       0.00       0.00 1.00000000
#  1701 "Liriodendron_tuli "Carya_tomentosa"   10   9   7      0.067      0.487      0.172      0.313      0.222      0.800      -2.45 0.01406872      -2.45      -2.45       0.00 1.00000000
#  1702 "Liriodendron_tuli "Carya_glabra"      10   9   6      0.133      0.441      0.142      0.545      0.222      0.622      -2.16 0.03016937       0.00       0.00       0.00 1.00000000
#  1705 "Liriodendron_tuli "Sassafras_albidum  10   8   6      0.100      0.512      0.178      0.377      0.300      0.788      -2.32 0.02024764       0.00       0.00       0.00 1.00000000
#  1706 "Liriodendron_tuli "Oxydendrum_arbore  10   7   6      0.057      0.514      0.194      0.838      0.257      1.000      -2.36 0.01824915      -2.36      -2.36       0.00 1.00000000
#  1709 "Liriodendron_tuli "Ulmus_rubra"       10   7   6      0.057      0.497      0.221      0.310      0.143      1.000      -1.99 0.04627758      -1.99      -1.99       0.00 1.00000000
#  1717 "Liriodendron_tuli "Diospyros_virgini  10   5   4      0.120      0.586      0.243      0.183      0.280      1.000      -1.91 0.05522078      -1.91      -1.91       0.00 1.00000000
#  1718 "Liriodendron_tuli "Quercus_coccinea"  10   5   5      0.000      0.546      0.230      0.207      0.280      1.000      -2.37 0.01747787       0.00       0.00       0.00 1.00000000
#  1719 "Liriodendron_tuli "Quercus_prinus"    10   5   4      0.120      0.528      0.222      0.599      0.280      1.000      -1.84 0.06545895       0.00       0.00       0.00 1.00000000
#  1729 "Liriodendron_tuli "Cercis_canadensis  10   4   4      0.000      0.574      0.253      0.256      0.175      1.000      -2.26 0.02323210       0.00       0.00       0.00 1.00000000
#  1733 "Liriodendron_tuli "Carpinus_carolini  10   3   3      0.000      0.607      0.286     -0.004      0.267      1.000      -2.12 0.03352404       0.00       0.00       0.00 1.00000000
#  1848 "Tilia_americana"  "Liquidambar_styra  10   6   0      1.000      0.523      0.194      0.475      0.200      0.750       2.46 0.01381755       2.46       2.46       0.00 1.00000000
#  1968 "Tsuga_canadensis" "Carya_tomentosa"   10   9   0      1.000      0.478      0.173      0.560      0.222      0.800       3.02 0.00245959       3.02       3.02       2.25 0.02428031
#  1969 "Tsuga_canadensis" "Carya_glabra"      10   9   0      1.000      0.458      0.176      0.996      0.222      0.800       3.07 0.00206119       3.07       3.07       2.31 0.02034745
#  1970 "Tsuga_canadensis" "Fraxinus_pennsylv  10   9   0      1.000      0.486      0.173      0.570      0.222      0.800       2.97 0.00285703       2.97       2.97       2.19 0.02820376
#  1971 "Tsuga_canadensis" "Betula_lenta"      10   8   6      0.100      0.531      0.207      0.447      0.300      1.000      -2.08 0.03694218      -2.08       0.00       0.00 1.00000000
#  1974 "Tsuga_canadensis" "Acer_pensylvanicu  10   7   5      0.143      0.521      0.192      0.594      0.257      1.000      -1.97 0.04863322       0.00       0.00       0.00 1.00000000
#  1976 "Tsuga_canadensis" "Ulmus_rubra"       10   7   0      1.000      0.531      0.185      0.274      0.257      0.771       2.53 0.01109427       2.53       2.53       0.00 1.00000000
#  1978 "Tsuga_canadensis" "Carya_cordiformis  10   6   0      1.000      0.539      0.195     -0.190      0.200      0.750       2.36 0.01787466       2.36       2.36       0.00 1.00000000
#  1984 "Tsuga_canadensis" "Diospyros_virgini  10   5   0      1.000      0.544      0.181      0.373      0.280      0.720       2.51 0.01176095       2.51       2.51       0.00 1.00000000
#  2101 "Carya_tomentosa"  "Carya_glabra"       9   9   6      0.111      0.500      0.158      0.040      0.309      0.790      -2.46 0.01357031       0.00       0.00       0.00 1.00000000
#  2104 "Carya_tomentosa"  "Sassafras_albidum   9   8   5      0.167      0.514      0.189      0.550      0.278      0.778      -1.84 0.06592095       0.00       0.00       0.00 1.00000000
#  2106 "Carya_tomentosa"  "Acer_pensylvanicu   9   7   0      1.000      0.525      0.191      0.247      0.238      0.762       2.48 0.01289135       2.48       2.48       0.00 1.00000000
#  2108 "Carya_tomentosa"  "Ulmus_rubra"        9   7   5      0.127      0.537      0.198      0.370      0.238      1.000      -2.07 0.03854001       0.00       0.00       0.00 1.00000000
#  2112 "Carya_tomentosa"  "Quercus_stellata"   9   6   5      0.074      0.574      0.229     -0.015      0.185      1.000      -2.19 0.02849650      -2.19      -2.19       0.00 1.00000000
#  2127 "Carya_tomentosa"  "Ulmus_alata"        9   4   4      0.000      0.599      0.255      0.286      0.167      1.000      -2.35 0.01837003       0.00       0.00       0.00 1.00000000
#  2132 "Carya_tomentosa"  "Carpinus_carolini   9   3   3      0.000      0.625      0.273     -0.095      0.259      1.000      -2.29 0.02162701       0.00       0.00       0.00 1.00000000
#  2235 "Carya_glabra"     "Sassafras_albidum   9   8   5      0.167      0.523      0.177      0.561      0.278      0.778      -2.01 0.04396671       0.00       0.00       0.00 1.00000000
#  2236 "Carya_glabra"     "Oxydendrum_arbore   9   7   5      0.127      0.536      0.182      0.250      0.238      0.762      -2.25 0.02416897       0.00       0.00       0.00 1.00000000
#  2239 "Carya_glabra"     "Ulmus_rubra"        9   7   6      0.048      0.563      0.183      0.452      0.381      1.000      -2.81 0.00485414      -2.81      -2.81      -1.98 0.04791868
#  2247 "Carya_glabra"     "Diospyros_virgini   9   5   4      0.111      0.597      0.221      0.307      0.267      1.000      -2.20 0.02743685      -2.20      -2.20       0.00 1.00000000
#  2248 "Carya_glabra"     "Quercus_coccinea"   9   5   4      0.111      0.558      0.230      0.408      0.267      1.000      -1.95 0.05115819      -1.95      -1.95       0.00 1.00000000
#  2258 "Carya_glabra"     "Ulmus_alata"        9   4   4      0.000      0.603      0.258      0.160      0.167      1.000      -2.34 0.01909882       0.00       0.00       0.00 1.00000000
#  2263 "Carya_glabra"     "Carpinus_carolini   9   3   3      0.000      0.645      0.305     -0.187      0.259      1.000      -2.11 0.03427738       0.00       0.00       0.00 1.00000000
#  2396 "Fraxinus_pennsylv "Acer_negundo"       9   3   3      0.000      0.671      0.262     -0.115      0.259      1.000      -2.56 0.01030403       0.00       0.00       0.00 1.00000000
#  2402 "Fraxinus_pennsylv "Betula_papyrifera   9   3   3      0.000      0.612      0.305     -0.073      0.259      1.000      -2.01 0.04438627       0.00       0.00       0.00 1.00000000
#  2404 "Fraxinus_pennsylv "Quercus_macrocarp   9   3   3      0.000      0.664      0.271     -0.033      0.259      1.000      -2.45 0.01401675       0.00       0.00       0.00 1.00000000
#  2417 "Fraxinus_pennsylv "Juniperus_virgini   9   2   2      0.000      0.711      0.315     -0.448      0.444      1.000      -2.26 0.02371794       0.00       0.00       0.00 1.00000000
#  2504 "Betula_lenta"     "Magnolia_acuminat   8   5   4      0.100      0.645      0.230      0.066      0.250      1.000      -2.37 0.01736695      -2.37      -2.37       0.00 1.00000000
#  2512 "Betula_lenta"     "Pinus_strobus"      8   4   3      0.156      0.646      0.251      0.197      0.375      1.000      -1.95 0.05041456       0.00       0.00       0.00 1.00000000
#  2519 "Betula_lenta"     "Hamamelis_virgini   8   4   3      0.156      0.690      0.250     -0.186      0.375      1.000      -2.14 0.03244233      -2.14      -2.14       0.00 1.00000000
#  2545 "Betula_lenta"     "Pinus_rigida"       8   2   2      0.000      0.714      0.318     -0.469      0.438      1.000      -2.25 0.02439088       0.00       0.00       0.00 1.00000000
#  2623 "Sassafras_albidum "Oxydendrum_arbore   8   7   6      0.036      0.562      0.189      0.335      0.214      1.000      -2.78 0.00533301      -2.78      -2.78      -1.94 0.05264588
#  2626 "Sassafras_albidum "Ulmus_rubra"        8   7   4      0.214      0.575      0.192      0.191      0.357      1.000      -1.88 0.05985373       0.00       0.00       0.00 1.00000000
#  2635 "Sassafras_albidum "Quercus_coccinea"   8   5   4      0.100      0.602      0.227      0.268      0.250      1.000      -2.21 0.02662939      -2.21      -2.21       0.00 1.00000000
#  2639 "Sassafras_albidum "Juglans_nigra"      8   4   3      0.156      0.640      0.229      0.129      0.375      1.000      -2.11 0.03453779       0.00       0.00       0.00 1.00000000
#  2753 "Oxydendrum_arbore "Ulmus_rubra"        7   7   4      0.184      0.584      0.221      0.330      0.327      1.000      -1.81 0.06979311       0.00       0.00       0.00 1.00000000
#  2760 "Oxydendrum_arbore "Robinia_pseudoaca   7   5   4      0.086      0.650      0.238      0.034      0.229      1.000      -2.37 0.01760161      -2.37      -2.37       0.00 1.00000000
#  2762 "Oxydendrum_arbore "Quercus_coccinea"   7   5   4      0.086      0.647      0.227      0.280      0.429      1.000      -2.47 0.01341301      -2.47      -2.47       0.00 1.00000000
#  2763 "Oxydendrum_arbore "Quercus_prinus"     7   5   4      0.086      0.618      0.250      0.113      0.229      1.000      -2.13 0.03300673      -2.13      -2.13       0.00 1.00000000
#  2777 "Oxydendrum_arbore "Carpinus_carolini   7   3   3      0.000      0.656      0.280     -0.140      0.238      1.000      -2.34 0.01903552       0.00       0.00       0.00 1.00000000
#  2796 "Oxydendrum_arbore "Ilex_opaca"         7   2   2      0.000      0.737      0.313     -0.573      0.429      1.000      -2.35 0.01842964       0.00       0.00       0.00 1.00000000
#  2810 "Oxydendrum_arbore "Asimina_triloba"    7   2   2      0.000      0.673      0.305     -0.035      0.429      1.000      -2.21 0.02687442       0.00       0.00       0.00 1.00000000
#  2890 "Acer_pensylvanicu "Picea_rubens"       7   5   3      0.229      0.664      0.250      0.205      0.429      1.000      -1.74 0.08160031       0.00       0.00       0.00 1.00000000
#  2918 "Acer_pensylvanicu "Ostrya_viginiana"   7   2   2      0.000      0.714      0.314     -0.407      0.429      1.000      -2.27 0.02276266       0.00       0.00       0.00 1.00000000
#  2926 "Acer_pensylvanicu "Pinus_rigida"       7   2   2      0.000      0.733      0.320     -0.611      0.429      1.000      -2.29 0.02193993       0.00       0.00       0.00 1.00000000
#  3022 "Ulmus_americana"  "Celtis_occidental   7   4   3      0.143      0.641      0.265      0.037      0.357      1.000      -1.88 0.06000173      -1.88      -1.88       0.00 1.00000000
#  3060 "Ulmus_americana"  "Ulmus_fulva"        7   2   2      0.000      0.710      0.321     -0.447      0.429      1.000      -2.21 0.02668524       0.00       0.00       0.00 1.00000000
#  3130 "Ulmus_rubra"      "Carya_cordiformis   7   6   5      0.048      0.640      0.232      0.122      0.286      1.000      -2.56 0.01036012      -2.56      -2.56       0.00 1.00000000
#  3136 "Ulmus_rubra"      "Diospyros_virgini   7   5   4      0.086      0.641      0.237     -0.218      0.229      1.000      -2.35 0.01870686      -2.35      -2.35       0.00 1.00000000
#  3137 "Ulmus_rubra"      "Quercus_coccinea"   7   5   4      0.086      0.635      0.242      0.012      0.229      1.000      -2.27 0.02276725      -2.27      -2.27       0.00 1.00000000
#  3141 "Ulmus_rubra"      "Juglans_nigra"      7   4   3      0.143      0.635      0.246     -0.007      0.357      1.000      -2.00 0.04508144      -2.00      -2.00       0.00 1.00000000
#  3146 "Ulmus_rubra"      "Celtis_occidental   7   4   3      0.143      0.621      0.257      0.141      0.357      1.000      -1.86 0.06313795      -1.86      -1.86       0.00 1.00000000
#  3147 "Ulmus_rubra"      "Ulmus_alata"        7   4   3      0.143      0.676      0.282     -0.179      0.357      1.000      -1.89 0.05849069      -1.89      -1.89       0.00 1.00000000
#  3148 "Ulmus_rubra"      "Cercis_canadensis   7   4   3      0.143      0.708      0.269     -0.267      0.357      1.000      -2.10 0.03524530      -2.10      -2.10       0.00 1.00000000
#  3152 "Ulmus_rubra"      "Carpinus_carolini   7   3   3      0.000      0.718      0.270     -0.418      0.238      1.000      -2.66 0.00774866       0.00       0.00      -1.77 0.07649254
#  3272 "Amelanchier_arbor "Hamamelis_virgini   6   4   3      0.125      0.710      0.226     -0.198      0.333      1.000      -2.58 0.00966024      -2.58      -2.58      -1.67 0.09536310
#  3297 "Amelanchier_arbor "Pinus_resinosa"     6   2   2      0.000      0.817      0.286     -1.082      0.417      1.000      -2.86 0.00415140       0.00       0.00      -2.04 0.04098145
#  3298 "Amelanchier_arbor "Pinus_rigida"       6   2   2      0.000      0.763      0.321     -0.850      0.417      1.000      -2.38 0.01706731       0.00       0.00       0.00 1.00000000
#  3380 "Carya_cordiformis "Robinia_pseudoaca   6   5   3      0.200      0.674      0.221      0.057      0.400      1.000      -2.15 0.03157133       0.00       0.00       0.00 1.00000000
#  3381 "Carya_cordiformis "Diospyros_virgini   6   5   4      0.067      0.605      0.245      0.288      0.200      1.000      -2.20 0.02765107      -2.20      -2.20       0.00 1.00000000
#  3382 "Carya_cordiformis "Quercus_coccinea"   6   5   3      0.200      0.653      0.228      0.061      0.400      1.000      -1.98 0.04723948       0.00       0.00       0.00 1.00000000
#  3383 "Carya_cordiformis "Quercus_prinus"     6   5   3      0.200      0.688      0.231     -0.077      0.400      1.000      -2.11 0.03471112       0.00       0.00       0.00 1.00000000
#  3386 "Carya_cordiformis "Juglans_nigra"      6   4   3      0.125      0.675      0.261     -0.103      0.333      1.000      -2.10 0.03498465      -2.10      -2.10       0.00 1.00000000
#  3391 "Carya_cordiformis "Celtis_occidental   6   4   3      0.125      0.665      0.254     -0.156      0.333      1.000      -2.13 0.03309143      -2.13      -2.13       0.00 1.00000000
#  3531 "Betula_alleghanie "Fraxius_americana   6   2   2      0.000      0.719      0.312     -0.376      0.417      1.000      -2.30 0.02096444       0.00       0.00       0.00 1.00000000
#  3545 "Betula_alleghanie "Tila_americana"     6   2   2      0.000      0.817      0.286     -1.082      0.417      1.000      -2.86 0.00415140       0.00       0.00      -2.04 0.04098145
#  3549 "Betula_alleghanie "Acer_rubum"         6   2   2      0.000      0.754      0.309     -0.635      0.417      1.000      -2.44 0.01441991       0.00       0.00       0.00 1.00000000
#  3648 "Quercus_stellata" "Quercus_falcata"    6   3   3      0.000      0.748      0.283     -0.592      0.222      1.000      -2.64 0.00801092       0.00       0.00      -1.75 0.07908150
#  3652 "Quercus_stellata" "Quercus_imbricari   6   2   2      0.000      0.791      0.308     -1.016      0.417      1.000      -2.57 0.01006985       0.00       0.00      -1.65 0.09940659
#  3655 "Quercus_stellata" "Carya_texana"       6   2   2      0.000      0.725      0.312     -0.418      0.417      1.000      -2.32 0.01984024       0.00       0.00       0.00 1.00000000
#  3745 "Liquidambar_styra "Pinus_taeda"        6   5   3      0.200      0.647      0.232     -0.075      0.400      1.000      -1.93 0.05365872       0.00       0.00       0.00 1.00000000
#  3775 "Liquidambar_styra "Quercus_nigra"      6   2   2      0.000      0.781      0.317     -0.996      0.417      1.000      -2.46 0.01361710       0.00       0.00       0.00 1.00000000
#  3778 "Liquidambar_styra "Pinus_palustris"    6   2   2      0.000      0.705      0.325     -0.418      0.417      1.000      -2.17 0.02996892       0.00       0.00       0.00 1.00000000
#  3861 "Magnolia_acuminat "Quercus_prinus"     5   5   3      0.160      0.687      0.256     -0.199      0.360      1.000      -2.06 0.03891534      -2.06       0.00       0.00 1.00000000
#  3977 "Robinia_pseudoaca "Quercus_coccinea"   5   5   3      0.160      0.687      0.223     -0.082      0.360      1.000      -2.37 0.01771921      -2.37       0.00       0.00 1.00000000
#  3978 "Robinia_pseudoaca "Quercus_prinus"     5   5   4      0.040      0.731      0.239     -0.207      0.360      1.000      -2.89 0.00374818      -2.89      -2.89      -2.08 0.03700092
#  4093 "Diospyros_virgini "Quercus_coccinea"   5   5   3      0.160      0.688      0.223      0.085      0.360      1.000      -2.37 0.01738507      -2.37       0.00       0.00 1.00000000
#  4209 "Quercus_coccinea" "Quercus_prinus"     5   5   3      0.160      0.692      0.248     -0.136      0.360      1.000      -2.14 0.03183210      -2.14       0.00       0.00 1.00000000
#  4370 "Quercus_prinus"   "Asimina_triloba"    5   2   2      0.000      0.794      0.299     -0.895      0.400      1.000      -2.66 0.00766748       0.00       0.00      -1.77 0.07569114
#  4441 "Picea_rubens"     "Betula_lutea"       5   4   3      0.100      0.745      0.246     -0.391      0.300      1.000      -2.62 0.00865126      -2.62      -2.62      -1.72 0.08540267
#  4457 "Picea_rubens"     "Abies_balsamea"     5   3   2      0.200      0.787      0.260     -0.626      0.533      1.000      -2.26 0.02334386       0.00       0.00       0.00 1.00000000
#  4465 "Picea_rubens"     "Ostrya_viginiana"   5   2   2      0.000      0.800      0.297     -0.948      0.400      1.000      -2.70 0.00684297       0.00       0.00      -1.83 0.06755181
#  4477 "Picea_rubens"     "Tila_americana"     5   2   2      0.000      0.818      0.290     -1.116      0.400      1.000      -2.82 0.00466150       0.00       0.00      -1.99 0.04601697
#  4581 "Pinus_taeda"      "Ilex_opaca"         5   2   2      0.000      0.816      0.284     -0.990      0.400      1.000      -2.88 0.00392598       0.00       0.00      -2.06 0.03875612
#  4667 "Juglans_nigra"    "Celtis_occidental   4   4   3      0.062      0.682      0.270     -0.034      0.250      1.000      -2.29 0.02172625      -2.29      -2.29       0.00 1.00000000
#  4898 "Betula_lutea"     "Sorbus_americana"   4   3   2      0.167      0.747      0.271     -0.307      0.500      1.000      -2.14 0.03221464      -2.14      -2.14       0.00 1.00000000
#  5318 "Ulmus_alata"      "Carpinus_carolini   4   3   2      0.167      0.778      0.259     -0.426      0.500      1.000      -2.36 0.01808518      -2.36      -2.36       0.00 1.00000000
#  5421 "Cercis_canadensis "Quercus_montana"    4   3   2      0.167      0.783      0.274     -0.678      0.500      1.000      -2.25 0.02431595      -2.25      -2.25       0.00 1.00000000
#  5455 "Cercis_canadensis "Asimina_triloba"    4   2   2      0.000      0.815      0.292     -1.027      0.375      1.000      -2.79 0.00509107       0.00       0.00      -1.95 0.05025756
#  5531 "Hamamelis_virgini "Sorbus_americana"   4   3   2      0.167      0.772      0.270     -0.515      0.500      1.000      -2.24 0.02499503      -2.24      -2.24       0.00 1.00000000
#  5547 "Hamamelis_virgini "Pinus_resinosa"     4   2   2      0.000      0.859      0.268     -1.486      0.375      1.000      -3.20 0.00133008       0.00       0.00      -2.47 0.01313014
#  5548 "Hamamelis_virgini "Pinus_rigida"       4   2   2      0.000      0.821      0.289     -1.086      0.375      1.000      -2.84 0.00436723       0.00       0.00      -2.02 0.04311204
#  5554 "Hamamelis_virgini "Prunus_pensylvani   4   2   2      0.000      0.837      0.274     -1.128      0.375      1.000      -3.05 0.00217742       0.00       0.00      -2.29 0.02149483
#  5629 "Quercus_marilandi "Pinus_echinata"     3   3   2      0.111      0.816      0.273     -0.918      0.444      1.000      -2.58 0.00960279      -2.58      -2.58      -1.67 0.09479588
#  5644 "Quercus_marilandi "Carya_texana"       3   2   2      0.000      0.870      0.270     -1.702      0.333      1.000      -3.22 0.00124341       0.00       0.00      -2.50 0.01227460
#  5648 "Quercus_marilandi "Pinus_palustris"    3   2   2      0.000      0.843      0.289     -1.383      0.333      1.000      -2.92 0.00336492       0.00       0.00      -2.13 0.03321751
#  5951 "Celtis_laevigata" "Juniperus_virgini   3   2   2      0.000      0.800      0.316     -1.043      0.333      1.000      -2.53 0.01120496       0.00       0.00       0.00 1.00000000
#  5960 "Celtis_laevigata" "Asimina_triloba"    3   2   2      0.000      0.793      0.308     -0.847      0.333      1.000      -2.57 0.00988781       0.00       0.00      -1.66 0.09760961
#  6046 "Pinus_echinata"   "Pinus_palustris"    3   2   2      0.000      0.837      0.292     -1.313      0.333      1.000      -2.86 0.00411373       0.00       0.00      -2.04 0.04060958
#  6225 "Fraxinus_nigra"   "Abies_balsamea"     3   3   2      0.111      0.798      0.289     -0.888      0.444      1.000      -2.38 0.01710373      -2.38      -2.38       0.00 1.00000000
#  6274 "Fraxinus_nigra"   "Ilex_ambigua"       3   1   1      0.000      0.950      0.218     -4.256      1.000      1.000      -4.36 0.00001228       0.00       0.00      -3.83 0.00012121
#  6436 "Sorbus_americana" "Prunus_pensylvani   3   2   2      0.000      0.857      0.280     -1.534      0.333      1.000      -3.06 0.00213629       0.00       0.00      -2.30 0.02108883
#  6452 "Sorbus_americana" "Abies_fraseri"      3   1   1      0.000      0.950      0.218     -4.256      1.000      1.000      -4.36 0.00001228       0.00       0.00      -3.83 0.00012121
#  6694 "Betula_papyrifera "Quercus_macrocarp   3   3   3      0.000      0.784      0.287     -0.709      0.444      1.000      -2.74 0.00606447       0.00       0.00      -1.88 0.05986672
#  6711 "Betula_papyrifera "Populus_tremuloid   3   2   2      0.000      0.833      0.300     -1.357      0.333      1.000      -2.78 0.00533754       0.00       0.00      -1.93 0.05269060
#  6890 "Quercus_macrocarp "Populus_tremuloid   3   2   2      0.000      0.853      0.276     -1.393      0.333      1.000      -3.09 0.00193441       0.00       0.00      -2.34 0.01909592
#  7235 "Ostrya_viginiana" "Tila_americana"     2   2   2      0.000      0.925      0.225     -2.749      0.250      1.000      -4.11 0.00003713       0.00       0.00      -3.55 0.00036657
#  7353 "Halesia_carolina" "Ilex_monticola"     2   1   1      0.000      0.960      0.196     -4.839      1.000      1.000      -4.90 0.00000089       0.00       0.00      -4.43 0.00000883
#  7441 "Carya_texana"     "Illex_opaca"        2   1   1      0.000      0.950      0.218     -4.256      1.000      1.000      -4.36 0.00001228       0.00       0.00      -3.83 0.00012121
#  7442 "Carya_texana"     "Quercus_incana"     2   1   1      0.000      0.950      0.218     -4.256      1.000      1.000      -4.36 0.00001228       0.00       0.00      -3.83 0.00012121
#  7541 "Quercus_nigra"    "Salix_nigra"        2   1   1      0.000      0.960      0.196     -4.839      1.000      1.000      -4.90 0.00000089       0.00       0.00      -4.43 0.00000883
#  7613 "Ilex_opaca"       "Ligustrum_sinense   2   1   1      0.000      0.960      0.196     -4.839      1.000      1.000      -4.90 0.00000089       0.00       0.00      -4.43 0.00000883
#  7634 "Ilex_opaca"       "Osmanthus_america   2   1   1      0.000      0.960      0.196     -4.839      1.000      1.000      -4.90 0.00000089       0.00       0.00      -4.43 0.00000883
#  7638 "Ilex_opaca"       "Viburnum_rufidulu   2   1   1      0.000      0.950      0.218     -4.256      1.000      1.000      -4.36 0.00001228       0.00       0.00      -3.83 0.00012121
#  7739 "Pinus_palustris"  "Pinus_elliottii"    2   1   1      0.000      0.950      0.218     -4.256      1.000      1.000      -4.36 0.00001228       0.00       0.00      -3.83 0.00012121
#  7798 "Pinus_resinosa"   "Pinus_rigida"       2   2   2      0.000      0.915      0.243     -2.625      0.250      1.000      -3.77 0.00015724       0.00       0.00      -3.15 0.00155220
#  7824 "Pinus_resinosa"   "Pinus_virginiana"   2   1   1      0.000      0.960      0.196     -4.839      1.000      1.000      -4.90 0.00000089       0.00       0.00      -4.43 0.00000883
#  7840 "Pinus_resinosa"   "Quercus_ilicifoli   2   1   1      0.000      0.950      0.218     -4.256      1.000      1.000      -4.36 0.00001228       0.00       0.00      -3.83 0.00012121
#  7896 "Pinus_rigida"     "Pinus_pungens"      2   1   1      0.000      0.950      0.218     -4.256      1.000      1.000      -4.36 0.00001228       0.00       0.00      -3.83 0.00012121
#  7976 "Juniperus_virgini "Acer_saccharinum"   2   1   1      0.000      0.950      0.218     -4.256      1.000      1.000      -4.36 0.00001228       0.00       0.00      -3.83 0.00012121
#  8000 "Juniperus_virgini "Quercus_muehlenbe   2   1   1      0.000      0.950      0.218     -4.256      1.000      1.000      -4.36 0.00001228       0.00       0.00      -3.83 0.00012121
#  8012 "Juniperus_virgini "Salix_nigra"        2   1   1      0.000      0.950      0.218     -4.256      1.000      1.000      -4.36 0.00001228       0.00       0.00      -3.83 0.00012121
#  8057 "Castanea_dentata" "Castanea_pumila"    2   1   1      0.000      0.960      0.196     -4.839      1.000      1.000      -4.90 0.00000089       0.00       0.00      -4.43 0.00000883
#  8260 "Populus_tremuloid "Picea_glauca"       2   1   1      0.000      0.970      0.171     -5.680      1.000      1.000      -5.69 0.00000000       0.00       0.00      -5.69 0.00000000
#  8398 "Aesculus_flava"   "Oxydendrum_aboreu   2   1   1      0.000      0.960      0.196     -4.839      1.000      1.000      -4.90 0.00000089       0.00       0.00      -4.43 0.00000883
#  8608 "Asimina_triloba"  "Carya_pallida"      2   1   1      0.000      0.950      0.218     -4.256      1.000      1.000      -4.36 0.00001228       0.00       0.00      -3.83 0.00012121
#  8665 "Asimina_triloba"  "Frangula_carolini   2   1   1      0.000      0.960      0.196     -4.839      1.000      1.000      -4.90 0.00000089       0.00       0.00      -4.43 0.00000883
#  8667 "Asimina_triloba"  "Viburnum_rufidulu   2   1   1      0.000      0.970      0.171     -5.680      1.000      1.000      -5.69 0.00000000       0.00       0.00      -5.69 0.00000000
#  8784 "Oxydendrum_aboreu "Magnolia_tripetal   1   1   1      0.000      0.960      0.196     -4.839      1.000      1.000      -4.90 0.00000089       0.00       0.00      -4.43 0.00000883
#  8857 "Acer_pennsylvanic "Carya_ovalis"       1   1   1      0.000      0.950      0.218     -4.256      1.000      1.000      -4.36 0.00001228       0.00       0.00      -3.83 0.00012121
#  8912 "Persea_borbonia"  "Symplocos_tinctor   1   1   1      0.000      0.960      0.196     -4.839      1.000      1.000      -4.90 0.00000089       0.00       0.00      -4.43 0.00000883
#  8913 "Persea_borbonia"  "Magnolia_virginia   1   1   1      0.000      0.960      0.196     -4.839      1.000      1.000      -4.90 0.00000089       0.00       0.00      -4.43 0.00000883
#  8921 "Persea_borbonia"  "Osmanthus_america   1   1   1      0.000      0.970      0.171     -5.680      1.000      1.000      -5.69 0.00000000       0.00       0.00      -5.69 0.00000000
#  9068 "Pinus_clausa"     "Quercus_chapmanii   1   1   1      0.000      0.950      0.218     -4.256      1.000      1.000      -4.36 0.00001228       0.00       0.00      -3.83 0.00012121
#  9072 "Pinus_clausa"     "Quercus_geminata"   1   1   1      0.000      0.970      0.171     -5.680      1.000      1.000      -5.69 0.00000000       0.00       0.00      -5.69 0.00000000
#  9078 "Pinus_clausa"     "Carya_floridana"    1   1   1      0.000      0.950      0.218     -4.256      1.000      1.000      -4.36 0.00001228       0.00       0.00      -3.83 0.00012121
#  9082 "Pinus_clausa"     "Quercus_myrtifoli   1   1   1      0.000      0.970      0.171     -5.680      1.000      1.000      -5.69 0.00000000       0.00       0.00      -5.69 0.00000000
#  9166 "Carya_pallida"    "Ulmus_serotina"     1   1   1      0.000      0.950      0.218     -4.256      1.000      1.000      -4.36 0.00001228       0.00       0.00      -3.83 0.00012121
#  9241 "Amelanchier_laevi "Ilex_montana"       1   1   1      0.000      0.950      0.218     -4.256      1.000      1.000      -4.36 0.00001228       0.00       0.00      -3.83 0.00012121
#  9287 "Pinus_pungens"    "Pinus_virginiana"   1   1   1      0.000      0.970      0.171     -5.680      1.000      1.000      -5.69 0.00000000       0.00       0.00      -5.69 0.00000000
#  9303 "Pinus_pungens"    "Quercus_ilicifoli   1   1   1      0.000      0.950      0.218     -4.256      1.000      1.000      -4.36 0.00001228       0.00       0.00      -3.83 0.00012121
#  9430 "Fraxonum_american "Alnus_rugosa"       1   1   1      0.000      0.980      0.140     -7.068      1.000      1.000      -7.00 0.00000000       0.00       0.00      -7.00 0.00000000
#  9448 "Gleditsia_triacan "Acer_saccharinum"   1   1   1      0.000      0.960      0.196     -4.839      1.000      1.000      -4.90 0.00000089       0.00       0.00      -4.43 0.00000883
#  9452 "Gleditsia_triacan "Populus_deltoides   1   1   1      0.000      0.970      0.171     -5.680      1.000      1.000      -5.69 0.00000000       0.00       0.00      -5.69 0.00000000
#  9458 "Gleditsia_triacan "Ilex_decidua"       1   1   1      0.000      0.960      0.196     -4.839      1.000      1.000      -4.90 0.00000089       0.00       0.00      -4.43 0.00000883
#  9484 "Gleditsia_triacan "Salix_nigra"        1   1   1      0.000      0.970      0.171     -5.680      1.000      1.000      -5.69 0.00000000       0.00       0.00      -5.69 0.00000000
#  9504 "Acer_saccharinum" "Populus_deltoides   1   1   1      0.000      0.950      0.218     -4.256      1.000      1.000      -4.36 0.00001228       0.00       0.00      -3.83 0.00012121
#  9510 "Acer_saccharinum" "Ilex_decidua"       1   1   1      0.000      0.990      0.099    -10.152      1.000      1.000      -9.95 0.00000000       0.00       0.00      -9.95 0.00000000
#  9536 "Acer_saccharinum" "Salix_nigra"        1   1   1      0.000      0.950      0.218     -4.256      1.000      1.000      -4.36 0.00001228       0.00       0.00      -3.83 0.00012121
#  9568 "Pinus_virginiana" "Quercus_ilicifoli   1   1   1      0.000      0.990      0.099    -10.152      1.000      1.000      -9.95 0.00000000       0.00       0.00      -9.95 0.00000000
#  9626 "Platanus_occident "Quercus_muehlenbu   1   1   1      0.000      0.960      0.196     -4.839      1.000      1.000      -4.90 0.00000089       0.00       0.00      -4.43 0.00000883
#  9630 "Platanus_occident "Ceris_canadensis"   1   1   1      0.000      0.990      0.099    -10.152      1.000      1.000      -9.95 0.00000000       0.00       0.00      -9.95 0.00000000
#  9633 "Platanus_occident "Cornus_alternifol   1   1   1      0.000      0.970      0.171     -5.680      1.000      1.000      -5.69 0.00000000       0.00       0.00      -5.69 0.00000000
#  9645 "Platanus_occident "Tilia_noglecta"     1   1   1      0.000      0.960      0.196     -4.839      1.000      1.000      -4.90 0.00000089       0.00       0.00      -4.43 0.00000883
#  9650 "Platanus_occident "Fargus_grandifoli   1   1   1      0.000      0.950      0.218     -4.256      1.000      1.000      -4.36 0.00001228       0.00       0.00      -3.83 0.00012121
#  9708 "Populus_deltoides "Ilex_decidua"       1   1   1      0.000      0.970      0.171     -5.680      1.000      1.000      -5.69 0.00000000       0.00       0.00      -5.69 0.00000000
#  9734 "Populus_deltoides "Salix_nigra"        1   1   1      0.000      0.950      0.218     -4.256      1.000      1.000      -4.36 0.00001228       0.00       0.00      -3.83 0.00012121
#  9798 "Castanea_pumila"  "Hammamelis_virgin   1   1   1      0.000      0.950      0.218     -4.256      1.000      1.000      -4.36 0.00001228       0.00       0.00      -3.83 0.00012121
#  9804 "Castanea_pumila"  "Ilex_monticola"     1   1   1      0.000      0.990      0.099    -10.152      1.000      1.000      -9.95 0.00000000       0.00       0.00      -9.95 0.00000000
#  9821 "Castanea_pumila"  "Clethra_acuminata   1   1   1      0.000      0.960      0.196     -4.839      1.000      1.000      -4.90 0.00000089       0.00       0.00      -4.43 0.00000883
#  9824 "Castanea_pumila"  "Rhododendron_cale   1   1   1      0.000      0.980      0.140     -7.068      1.000      1.000      -7.00 0.00000000       0.00       0.00      -7.00 0.00000000
#  9825 "Castanea_pumila"  "Rhododendron_maxi   1   1   1      0.000      1.000      0.000      0.000      1.000      1.000      -1.00 0.31722987       0.00       0.00       0.00 1.00000000
#  9849 "Hammamelis_virgin "Ilex_monticola"     1   1   1      0.000      0.970      0.171     -5.680      1.000      1.000      -5.69 0.00000000       0.00       0.00      -5.69 0.00000000
#  9859 "Hammamelis_virgin "Kalmia_latifolia"   1   1   1      0.000      0.950      0.218     -4.256      1.000      1.000      -4.36 0.00001228       0.00       0.00      -3.83 0.00012121
#  9866 "Hammamelis_virgin "Clethra_acuminata   1   1   1      0.000      0.950      0.218     -4.256      1.000      1.000      -4.36 0.00001228       0.00       0.00      -3.83 0.00012121
#  9869 "Hammamelis_virgin "Rhododendron_cale   1   1   1      0.000      0.980      0.140     -7.068      1.000      1.000      -7.00 0.00000000       0.00       0.00      -7.00 0.00000000
#  9915 "Ilex_ambigua"     "Alnus_rugosa"       1   1   1      0.000      0.950      0.218     -4.256      1.000      1.000      -4.36 0.00001228       0.00       0.00      -3.83 0.00012121
# 10001 "Ilex_decidua"     "Salix_nigra"        1   1   1      0.000      0.960      0.196     -4.839      1.000      1.000      -4.90 0.00000089       0.00       0.00      -4.43 0.00000883
# 10062 "Quercus_chapmanii "Quercus_geminata"   1   1   1      0.000      0.960      0.196     -4.839      1.000      1.000      -4.90 0.00000089       0.00       0.00      -4.43 0.00000883
# 10066 "Quercus_chapmanii "Quercus_laevis"     1   1   1      0.000      0.950      0.218     -4.256      1.000      1.000      -4.36 0.00001228       0.00       0.00      -3.83 0.00012121
# 10068 "Quercus_chapmanii "Carya_floridana"    1   1   1      0.000      0.960      0.196     -4.839      1.000      1.000      -4.90 0.00000089       0.00       0.00      -4.43 0.00000883
# 10072 "Quercus_chapmanii "Quercus_myrtifoli   1   1   1      0.000      0.990      0.099    -10.152      1.000      1.000      -9.95 0.00000000       0.00       0.00      -9.95 0.00000000
# 10077 "Quercus_chapmanii "Lyonia_ferruginea   1   1   1      0.000      0.970      0.171     -5.680      1.000      1.000      -5.69 0.00000000       0.00       0.00      -5.69 0.00000000
# 10108 "Ilex_monticola"   "Kalmia_latifolia"   1   1   1      0.000      0.970      0.171     -5.680      1.000      1.000      -5.69 0.00000000       0.00       0.00      -5.69 0.00000000
# 10119 "Ilex_monticola"   "Rhododendron_maxi   1   1   1      0.000      0.960      0.196     -4.839      1.000      1.000      -4.90 0.00000089       0.00       0.00      -4.43 0.00000883
# 10185 "Aesculus_octandra "Quercus_muehlenbu   1   1   1      0.000      0.970      0.171     -5.680      1.000      1.000      -5.69 0.00000000       0.00       0.00      -5.69 0.00000000
# 10189 "Aesculus_octandra "Ceris_canadensis"   1   1   1      0.000      0.990      0.099    -10.152      1.000      1.000      -9.95 0.00000000       0.00       0.00      -9.95 0.00000000
# 10192 "Aesculus_octandra "Cornus_alternifol   1   1   1      0.000      0.960      0.196     -4.839      1.000      1.000      -4.90 0.00000089       0.00       0.00      -4.43 0.00000883
# 10204 "Aesculus_octandra "Tilia_noglecta"     1   1   1      0.000      0.950      0.218     -4.256      1.000      1.000      -4.36 0.00001228       0.00       0.00      -3.83 0.00012121
# 10209 "Aesculus_octandra "Fargus_grandifoli   1   1   1      0.000      0.970      0.171     -5.680      1.000      1.000      -5.69 0.00000000       0.00       0.00      -5.69 0.00000000
# 10216 "Quercus_geminata" "Quercus_laevis"     1   1   1      0.000      0.980      0.140     -7.068      1.000      1.000      -7.00 0.00000000       0.00       0.00      -7.00 0.00000000
# 10222 "Quercus_geminata" "Quercus_myrtifoli   1   1   1      0.000      0.990      0.099    -10.152      1.000      1.000      -9.95 0.00000000       0.00       0.00      -9.95 0.00000000
# 10227 "Quercus_geminata" "Lyonia_ferruginea   1   1   1      0.000      0.970      0.171     -5.680      1.000      1.000      -5.69 0.00000000       0.00       0.00      -5.69 0.00000000
# 10284 "Illex_opaca"      "Quercus_incana"     1   1   1      0.000      0.970      0.171     -5.680      1.000      1.000      -5.69 0.00000000       0.00       0.00      -5.69 0.00000000
# 10352 "Quercus_laevis"   "Carya_floridana"    1   1   1      0.000      0.980      0.140     -7.068      1.000      1.000      -7.00 0.00000000       0.00       0.00      -7.00 0.00000000
# 10356 "Quercus_laevis"   "Quercus_myrtifoli   1   1   1      0.000      0.970      0.171     -5.680      1.000      1.000      -5.69 0.00000000       0.00       0.00      -5.69 0.00000000
# 10402 "Carya_cordijormis "Carya_ovala"        1   1   1      0.000      0.980      0.140     -7.068      1.000      1.000      -7.00 0.00000000       0.00       0.00      -7.00 0.00000000
# 10417 "Carya_floridana"  "Quercus_myrtifoli   1   1   1      0.000      0.970      0.171     -5.680      1.000      1.000      -5.69 0.00000000       0.00       0.00      -5.69 0.00000000
# 10450 "Kalmia_latifolia" "Clethra_acuminata   1   1   1      0.000      0.960      0.196     -4.839      1.000      1.000      -4.90 0.00000089       0.00       0.00      -4.43 0.00000883
# 10453 "Kalmia_latifolia" "Rhododendron_cale   1   1   1      0.000      0.960      0.196     -4.839      1.000      1.000      -4.90 0.00000089       0.00       0.00      -4.43 0.00000883
# 10454 "Kalmia_latifolia" "Rhododendron_maxi   1   1   1      0.000      0.950      0.218     -4.256      1.000      1.000      -4.36 0.00001228       0.00       0.00      -3.83 0.00012121
# 10475 "Quercus_muehlenbe "Ligustrum_sinense   1   1   1      0.000      0.950      0.218     -4.256      1.000      1.000      -4.36 0.00001228       0.00       0.00      -3.83 0.00012121
# 10485 "Quercus_muehlenbe "Magnolia_macrophy   1   1   1      0.000      0.950      0.218     -4.256      1.000      1.000      -4.36 0.00001228       0.00       0.00      -3.83 0.00012121
# 10504 "Quercus_muehlenbu "Ceris_canadensis"   1   1   1      0.000      0.980      0.140     -7.068      1.000      1.000      -7.00 0.00000000       0.00       0.00      -7.00 0.00000000
# 10507 "Quercus_muehlenbu "Cornus_alternifol   1   1   1      0.000      0.960      0.196     -4.839      1.000      1.000      -4.90 0.00000089       0.00       0.00      -4.43 0.00000883
# 10519 "Quercus_muehlenbu "Tilia_noglecta"     1   1   1      0.000      0.970      0.171     -5.680      1.000      1.000      -5.69 0.00000000       0.00       0.00      -5.69 0.00000000
# 10524 "Quercus_muehlenbu "Fargus_grandifoli   1   1   1      0.000      0.950      0.218     -4.256      1.000      1.000      -4.36 0.00001228       0.00       0.00      -3.83 0.00012121
# 10532 "Quercus_myrtifoli "Lyonia_ferruginea   1   1   1      0.000      0.990      0.099    -10.152      1.000      1.000      -9.95 0.00000000       0.00       0.00      -9.95 0.00000000
# 10563 "Ligustrum_sinense "Magnolia_macrophy   1   1   1      0.000      0.990      0.099    -10.152      1.000      1.000      -9.95 0.00000000       0.00       0.00      -9.95 0.00000000
# 10576 "Ligustrum_sinense "Frangula_carolini   1   1   1      0.000      0.960      0.196     -4.839      1.000      1.000      -4.90 0.00000089       0.00       0.00      -4.43 0.00000883
# 10605 "Ceris_canadensis" "Cornus_alternifol   1   1   1      0.000      0.950      0.218     -4.256      1.000      1.000      -4.36 0.00001228       0.00       0.00      -3.83 0.00012121
# 10622 "Ceris_canadensis" "Fargus_grandifoli   1   1   1      0.000      0.990      0.099    -10.152      1.000      1.000      -9.95 0.00000000       0.00       0.00      -9.95 0.00000000
# 10628 "Clethra_acuminata "Rhododendron_cale   1   1   1      0.000      1.000      0.000      0.000      1.000      1.000      -1.00 0.31722987       0.00       0.00       0.00 1.00000000
# 10629 "Clethra_acuminata "Rhododendron_maxi   1   1   1      0.000      0.960      0.196     -4.839      1.000      1.000      -4.90 0.00000089       0.00       0.00      -4.43 0.00000883
# 10680 "Cornus_alternifol "Tilia_noglecta"     1   1   1      0.000      0.980      0.140     -7.068      1.000      1.000      -7.00 0.00000000       0.00       0.00      -7.00 0.00000000
# 10689 "Rhododendron_cale "Rhododendron_maxi   1   1   1      0.000      0.970      0.171     -5.680      1.000      1.000      -5.69 0.00000000       0.00       0.00      -5.69 0.00000000
# 10788 "Symplocos_tinctor "Magnolia_virginia   1   1   1      0.000      0.960      0.196     -4.839      1.000      1.000      -4.90 0.00000089       0.00       0.00      -4.43 0.00000883
# 10796 "Symplocos_tinctor "Osmanthus_america   1   1   1      0.000      0.970      0.171     -5.680      1.000      1.000      -5.69 0.00000000       0.00       0.00      -5.69 0.00000000
# 10847 "Tilia_noglecta"   "Fargus_grandifoli   1   1   1      0.000      0.960      0.196     -4.839      1.000      1.000      -4.90 0.00000089       0.00       0.00      -4.43 0.00000883
# 10877 "Frangula_carolini "Viburnum_rufidulu   1   1   1      0.000      0.970      0.171     -5.680      1.000      1.000      -5.69 0.00000000       0.00       0.00      -5.69 0.00000000
 
> Name               SP   CL+   CL-   BM+   BM-   BC+   BC-   BY+   BY-       NR   CL+   CL+
> ENAmTrees.txt   10878    21   294    18    62    18    48     9   142  1087800 54390 65268
 
& File           Speci   Individ     BRInd       BRZ Cscoreind   CscoreZ Soeren.In  Soeren.Z    AbsInd      AbsZ CheckerIn  CheckerZ   CombInd     CombZ   CorrInd     CorrZ    SchInd      SchZ
& ENAmTrees.txt    148  29790.00    0.5808   -1.1163   -0.0045   -0.6149   -0.0496   -2.1288   -0.0009   -2.7743    0.0544    8.6814    0.2411    1.5151   -0.0144   -0.3683   -0.0065   -4.2650
 
%          Observed numbers                                          Expected numbers
% Class    Pairs   CL+   CL-   BM+   BM-   BC+   BC-   BY+   BY-       NR   CL+   CL-
% 0.000     1296     0   183     0     0     0     0     0   133   133027  6590  7970
% 0.025       12     0    11     0    11     0     9     0     6       42     2     1
% 0.075       34     0    30     0    20     0    18     0     0      469    29    33
% 0.125       67     0    39     0    22     0    16     0     3     2267   124   142
% 0.175       80     0    23     0     9     0     5     0     0     4581   237   252
% 0.225       76     0     8     0     0     0     0     0     0     6542   336   382
% 0.275      119     0     0     0     0     0     0     0     0    16026   815   980
% 0.325      100     0     0     0     0     0     0     0     0    13712   700   855
% 0.375       85     0     0     0     0     0     0     0     0    12287   640   732
% 0.425      186     0     0     0     0     0     0     0     0    30358  1476  1767
% 0.475      144     0     0     0     0     0     0     0     0    22012  1102  1297
% 0.525       87     0     0     0     0     0     0     0     0    14309   730   860
% 0.575       76     0     0     0     0     0     0     0     0    13281   672   809
% 0.625      128     0     0     0     0     0     0     0     0    17808   870  1066
% 0.675       73     0     0     0     0     0     0     0     0     9627   443   606
% 0.725       33     0     0     0     0     0     0     0     0     5803   286   359
% 0.775       27     1     0     0     0     0     0     0     0     2713   121   150
% 0.825        5     2     0     0     0     0     0     1     0      412    27    17
% 0.875        0     0     0     0     0     0     0     0     0        1     0     0
% 0.925        0     0     0     0     0     0     0     0     0        0     0     0
% 0.975        0     0     0     0     0     0     0     0     0        0     0     0
% 1.000     8250    18     0    18     0    18     0     8     0   782523 39190 46990
